#    0.000   0.000   0.000 ;Mean Elev.(m), Avg Gradient(m/km), RMS Gradient(m/km) - SRTM1     
#    0.000   0.000   0.000 ;Mean Elev.(m), Avg Gradient(m/km), RMS Gradient(m/km) - ASTER GDEM
#    5.345  -0.363   6.570 ;Mean Elev.(m), Avg Gradient(m/km), RMS Gradient(m/km) - GMTED2010 
  7    14.720 52456.57451500 39.69 302.806578  -2.624558 33.770
  7    14.400 52456.57451564 29.11 302.805858  -2.627868 33.770
  7    14.130 52456.57451629 30.40 302.805128  -2.631168 33.770
  7    14.448 52456.57451693 29.58 302.804398  -2.634478 33.770
 10     8.805 52561.57451593 31.58 302.809054  -2.622234 31.667
 10     8.774 52561.57451657 41.02 302.808324  -2.625534 31.667
 10     8.826 52561.57451722 34.48 302.807594  -2.628844 31.667
 10     8.569 52561.57451786 30.37 302.806874  -2.632144 31.667
 10     8.814 52561.57451851 33.35 302.806144  -2.635454 31.667
 12     9.148 52631.57446878 31.74 302.808907  -2.622829 21.017
 12     9.056 52631.57446942 23.81 302.808177  -2.626139 21.017
 12     8.987 52631.57447007 21.51 302.807447  -2.629439 21.017
 12     8.586 52631.57447071 20.64 302.806717  -2.632749 21.017
 12     8.203 52631.57447136 17.55 302.805997  -2.636049 21.017
 15    12.588 52736.57449922 41.25 302.813956  -2.612017 30.034
 15    12.590 52736.57449986 47.18 302.813236  -2.615327 30.034
 15    12.592 52736.57450180 45.11 302.811046  -2.625237 30.034
 15    12.247 52736.57450244 30.40 302.810326  -2.628547 30.034
 15    12.211 52736.57450309 31.82 302.809596  -2.631847 30.034
 15    12.508 52736.57450373 40.18 302.808866  -2.635157 30.034
 16    13.868 52771.57447265 42.50 302.812680  -2.612694 39.260
 16    13.830 52771.57447459 42.67 302.810500  -2.622614 39.260
 16    13.519 52771.57447523 31.56 302.809770  -2.625924 39.260
 16    13.307 52771.57447588 31.42 302.809040  -2.629224 39.260
 16    13.153 52771.57447652 29.82 302.808320  -2.632534 39.260
 16    13.508 52771.57447717 28.30 302.807590  -2.635834 39.260
 17    14.197 52806.57452489 48.22 302.806330  -2.623222 39.586
 17    14.086 52806.57452553 28.89 302.805600  -2.626532 39.586
 17    13.676 52806.57452618 29.31 302.804870  -2.629832 39.586
 17    13.985 52806.57452682 37.30 302.804140  -2.633142 39.586
 17    14.158 52806.57452747 36.29 302.803420  -2.636442 39.586
 18    13.821 52841.57458445 44.87 302.808685  -2.624017 38.499
 18    13.629 52841.57458510 29.87 302.807955  -2.627327 38.499
 18    13.355 52841.57458574 27.82 302.807235  -2.630627 38.499
 18    13.584 52841.57458639 25.81 302.806505  -2.633937 38.499
 19    12.758 52876.57462274 48.23 302.807875  -2.621499 39.561
 19    12.724 52876.57462338 46.78 302.807145  -2.624799 39.561
 19    12.437 52876.57462403 27.98 302.806415  -2.628109 39.561
 19    12.423 52876.57462467 28.65 302.805695  -2.631409 39.561
 19    12.553 52876.57462532 32.54 302.804965  -2.634719 39.561
 20    10.252 52911.57458277 29.59 302.818273  -2.613863 23.684
 20    10.193 52911.57458342 34.88 302.817543  -2.617163 23.684
 20    10.261 52911.57458471 39.78 302.816083  -2.623773 23.684
 20    10.267 52911.57458535 24.76 302.815363  -2.627083 23.684
 20     9.827 52911.57458600 19.97 302.814633  -2.630383 23.684
 20     9.872 52911.57458664 17.08 302.813903  -2.633693 23.684
 21     7.983 52946.57453591 45.60 302.815815  -2.613634 20.980
 21     9.366 52946.57453656 44.15 302.815085  -2.616944 20.980
 21     7.750 52946.57453849 36.19 302.812902  -2.626857 22.308
 21     7.705 52946.57453914 40.17 302.812172  -2.630167 22.308
 21     7.638 52946.57453978 41.16 302.811452  -2.633467 22.308
 23     8.770 53016.57457391 32.68 302.807846  -2.622597 34.751
 23     8.900 53016.57457455 39.98 302.807125  -2.625903 28.092
 23     8.717 53016.57457520 23.50 302.806395  -2.629213 28.092
 23     8.738 53016.57457584 23.41 302.805665  -2.632513 28.092
 23     8.723 53016.57457649 35.57 302.804945  -2.635823 28.092
 24    10.789 53051.57454981 49.05 302.813307  -2.611677 33.684
 24    10.952 53051.57455046 41.11 302.812577  -2.614978 38.241
 24    10.808 53051.57455239 42.41 302.810397  -2.624898 38.241
 24    10.720 53051.57455303 36.53 302.809667  -2.628198 38.241
 24    10.605 53051.57455368 34.08 302.808937  -2.631508 38.241
 24    10.801 53051.57455432 41.00 302.808217  -2.634808 38.241
 25    11.801 53086.57458830 45.94 302.801345  -2.620356 34.566
 25    11.858 53086.57458894 45.38 302.800615  -2.623656 34.566
 25    11.579 53086.57458959 30.14 302.799885  -2.626966 34.566
 25    11.267 53086.57459023 30.06 302.799155  -2.630266 34.566
 25    11.164 53086.57459087 27.36 302.798435  -2.633576 34.566
 26    13.173 53121.57455802 51.26 302.807424  -2.621504 41.588
 26    13.089 53121.57455866 40.08 302.806694  -2.624814 41.588
 26    12.749 53121.57455931 29.05 302.805964  -2.628114 41.588
 26    12.759 53121.57455995 28.36 302.805234  -2.631424 41.588
 26    13.135 53121.57456060 29.71 302.804514  -2.634724 41.588
 27    13.705 53156.57461348 44.97 302.802337  -2.622280 30.435
 27    13.450 53156.57461413 32.80 302.801607  -2.625580 30.435
 27    13.230 53156.57461477 32.14 302.800877  -2.628890 30.435
 27    13.122 53156.57461541 31.57 302.800147  -2.632190 30.435
 27    13.540 53156.57461606 30.87 302.799427  -2.635500 30.435
 28    13.346 53191.57460333 43.61 302.816076  -2.612234 38.887
 28    13.341 53191.57460397 42.00 302.815346  -2.615534 38.887
 28    13.134 53191.57460590 26.59 302.813166  -2.625454 38.887
 28    12.663 53191.57460655 28.72 302.812436  -2.628754 38.887
 28    13.046 53191.57460719 27.72 302.811706  -2.632064 38.887
 28    13.185 53191.57460784 35.84 302.810986  -2.635364 38.887
 29    12.259 53226.57460695 39.42 302.814392  -2.612330 46.005
 29    12.197 53226.57460760 42.54 302.813662  -2.615630 46.005
 29    12.197 53226.57460953 29.93 302.811479  -2.625554 41.484
 29    11.794 53226.57461018 28.89 302.810749  -2.628854 41.484
 29    12.100 53226.57461082 34.92 302.810029  -2.632164 41.484
 29    12.253 53226.57461147 38.10 302.809299  -2.635464 41.484
 30    10.711 53261.57458313 47.66 302.805309  -2.624181 44.674
 30    10.701 53261.57458378 51.62 302.804579  -2.627491 44.674
 30    10.705 53261.57458442 52.81 302.803849  -2.630791 44.674
 30    10.708 53261.57458507 52.30 302.803129  -2.634101 44.674
 31    10.603 53296.57461626 27.72 302.800479  -2.619217 22.389
 31    10.372 53296.57461690 27.10 302.799749  -2.622527 22.389
 31     8.407 53296.57461755 29.61 302.799029  -2.625827 22.389
 31     8.212 53296.57461819 23.25 302.798299  -2.629137 22.389
 31     8.409 53296.57461883 18.88 302.797569  -2.632437 22.389
 31     9.286 53296.57461948 14.48 302.796839  -2.635747 22.389
 32     6.616 53331.57458892 26.11 302.809253  -2.622327 13.317
 32     7.288 53331.57458956 26.71 302.808523  -2.625637 13.317
 32     7.264 53331.57459021 28.03 302.807803  -2.628937 13.317
 32     7.469 53331.57459085 28.39 302.807073  -2.632247 13.317
 32     7.611 53331.57459150 33.73 302.806343  -2.635547 13.317
 34    10.267 53401.57456269 24.83 302.808240  -2.622650 23.256
 34    10.123 53401.57456333 26.43 302.807510  -2.625960 23.256
 34     9.872 53401.57456398 20.50 302.806790  -2.629260 23.256
 34     9.688 53401.57456462 17.74 302.806060  -2.632570 23.256
 34     9.831 53401.57456527 17.13 302.805330  -2.635870 23.256
 35    11.971 53436.57454976 49.60 302.813234  -2.610980 36.303
 35    11.990 53436.57455040 47.99 302.812504  -2.614290 36.303
 35    12.040 53436.57455234 44.08 302.810324  -2.624200 36.303
 35    11.773 53436.57455298 27.61 302.809594  -2.627510 36.303
 35    11.685 53436.57455363 27.19 302.808864  -2.630810 36.303
 35    11.889 53436.57455427 29.75 302.808144  -2.634120 36.303
 36    13.839 53471.57460285 43.33 302.805067  -2.624069 36.911
 36    13.551 53471.57460350 29.68 302.804337  -2.627379 36.911
 36    13.189 53471.57460414 30.33 302.803607  -2.630679 36.911
 36    13.524 53471.57460479 33.97 302.802877  -2.633989 36.911
 37    14.314 53506.57463550 43.21 302.805522  -2.624145 38.912
 37    14.150 53506.57463615 29.83 302.804792  -2.627445 38.912
 37    13.735 53506.57463679 30.32 302.804062  -2.630755 38.912
 37    13.980 53506.57463744 30.58 302.803332  -2.634055 38.912
 38    14.126 53541.57464058 44.41 302.805729  -2.622839 34.951
 38    13.848 53541.57464123 30.52 302.804999  -2.626139 34.951
 38    13.638 53541.57464187 28.72 302.804279  -2.629449 34.951
 38    13.450 53541.57464251 29.08 302.803549  -2.632749 34.951
 38    13.723 53541.57464316 28.63 302.802819  -2.636059 34.951
 39    12.802 53576.57463006 47.46 302.806569  -2.622804 43.609
 39    12.814 53576.57463070 42.54 302.805839  -2.626104 43.609
 39    12.322 53576.57463135 28.19 302.805109  -2.629414 43.609
 39    12.391 53576.57463199 32.39 302.804379  -2.632714 43.609
 39    12.656 53576.57463264 38.24 302.803659  -2.636024 43.609
 40    10.809 53611.57458145 37.43 302.806861  -2.622015 25.193
 40    10.596 53611.57458209 22.37 302.806131  -2.625315 25.193
 40    10.118 53611.57458274 17.01 302.805401  -2.628625 25.193
 40     9.594 53611.57458338 15.46 302.804671  -2.631925 25.193
 40    10.022 53611.57458403 14.46 302.803951  -2.635235 25.193
 41     8.034 53646.57458622 23.30 302.809156  -2.624002 19.717
 41     7.989 53646.57458687 13.78 302.808426  -2.627312 19.717
 41     8.796 53646.57458751 12.80 302.807706  -2.630612 19.717
 41     6.858 53646.57458816 12.22 302.806976  -2.633922 19.717
 42     5.359 53681.57460209 23.07 302.803615  -2.620927 30.228
 42     5.541 53681.57460273 41.41 302.802885  -2.624227 30.228
 42     5.503 53681.57460338 51.70 302.802155  -2.627537 30.228
 42     5.480 53681.57460402 50.22 302.801435  -2.630837 30.228
 42     5.540 53681.57460467 47.28 302.800705  -2.634147 30.228
 43     7.937 53716.57452735 37.69 302.814962  -2.610517 26.603
 43     8.436 53716.57452799 28.61 302.814242  -2.613822 32.053
 43     7.927 53716.57452993 32.44 302.812062  -2.623742 32.053
 43     7.915 53716.57453057 41.47 302.811332  -2.627042 32.053
 43     7.899 53716.57453121 32.71 302.810602  -2.630352 32.053
 43     7.827 53716.57453186 39.04 302.809872  -2.633652 32.053
 44    10.463 53751.57444591 48.37 302.816992  -2.611296 39.031
 44    10.474 53751.57444655 46.62 302.816272  -2.614606 39.031
 44    10.454 53751.57444849 46.91 302.814082  -2.624516 39.031
 44    10.442 53751.57444913 29.72 302.813352  -2.627826 39.031
 44    10.237 53751.57444978 28.65 302.812632  -2.631126 39.031
 44    10.435 53751.57445042 33.40 302.811902  -2.634436 39.031
 45    12.553 53786.57447606 40.34 302.815472  -2.610795 40.951
 45    12.545 53786.57447671 48.87 302.814742  -2.614105 40.951
 45    12.541 53786.57447864 49.60 302.812562  -2.624015 40.951
 45    12.465 53786.57447929 29.55 302.811832  -2.627325 40.951
 45    12.035 53786.57447993 28.06 302.811102  -2.630625 40.951
 45    12.383 53786.57448057 26.14 302.810382  -2.633935 40.951
 46    13.881 53821.57443188 42.84 302.814816  -2.611505 42.440
 46    13.895 53821.57443252 48.21 302.814096  -2.614805 42.440
 46    13.846 53821.57443446 38.22 302.811916  -2.624725 42.440
 46    13.353 53821.57443510 31.57 302.811180  -2.628031 36.371
 46    13.059 53821.57443575 31.94 302.810460  -2.631331 36.371
 46    13.428 53821.57443639 28.91 302.809730  -2.634641 36.371
 47    14.603 53856.57452346 43.34 302.804489  -2.623112 31.834
 47    14.174 53856.57452410 32.67 302.803769  -2.626412 31.834
 47    13.967 53856.57452475 34.47 302.803039  -2.629722 31.834
 47    13.625 53856.57452539 30.80 302.802309  -2.633022 31.834
 47    14.137 53856.57452604 28.74 302.801579  -2.636332 31.834
 48    15.256 53891.57453318 51.32 302.816190  -2.612734 47.113
 48    15.263 53891.57453383 50.50 302.815470  -2.616044 47.113
 48    15.264 53891.57453576 49.76 302.813290  -2.625954 47.113
 48    15.267 53891.57453641 49.14 302.812560  -2.629264 47.113
 48    15.090 53891.57453705 41.77 302.811830  -2.632564 47.113
 48    15.207 53891.57453769 47.32 302.811100  -2.635874 47.113
 49    14.486 53926.57459670 45.55 302.799125  -2.619512 38.965
 49    14.440 53926.57459734 37.22 302.798395  -2.622822 38.965
 49    14.116 53926.57459799 28.31 302.797665  -2.626122 38.965
 49    13.799 53926.57459863 25.54 302.796945  -2.629432 38.965
 49    13.656 53926.57459928 26.20 302.796215  -2.632732 38.965
 49    14.292 53926.57459992 27.40 302.795485  -2.636042 38.965
 50    12.726 53961.57458268 43.50 302.802647  -2.620293 39.306
 50    12.721 53961.57458333 40.19 302.801926  -2.623597 28.798
 50    12.465 53961.57458397 28.74 302.801196  -2.626907 28.798
 50    12.032 53961.57458462 24.20 302.800466  -2.630207 28.798
 50    12.332 53961.57458526 24.04 302.799746  -2.633517 28.798
 51     9.436 53996.57452165 30.63 302.813799  -2.610333 29.801
 51     9.472 53996.57452229 28.43 302.813069  -2.613633 29.801
 51     9.282 53996.57452422 36.48 302.810894  -2.623556 30.556
 51     9.320 53996.57452487 31.52 302.810164  -2.626856 30.556
 51     8.693 53996.57452551 22.02 302.809434  -2.630166 30.556
 51     9.107 53996.57452616 17.65 302.808704  -2.633466 30.556
 52     8.334 54031.57457538 32.77 302.813417  -2.611868 19.747
 52     8.803 54031.57457602 25.50 302.812687  -2.615178 19.747
 52    10.179 54031.57457796 13.74 302.810509  -2.625090 22.186
 52     9.451 54031.57457860 12.18 302.809779  -2.628400 22.186
 52     8.626 54031.57457925 10.87 302.809059  -2.631700 22.186
 52     8.643 54031.57457989 13.00 302.808329  -2.635010 22.186
 53     8.153 54066.57456901 34.73 302.813985  -2.609973 24.192
 53     8.856 54066.57456966 30.20 302.813265  -2.613283 24.192
 53     8.506 54066.57457159 16.46 302.811082  -2.623197 19.882
 53     8.153 54066.57457224 15.08 302.810352  -2.626507 19.882
 53     7.252 54066.57457288 16.04 302.809622  -2.629807 19.882
 53     7.249 54066.57457353 16.38 302.808902  -2.633117 19.882
 53     7.595 54066.57457417 15.77 302.808172  -2.636417 19.882
 54     9.537 54101.57453295 33.18 302.808759  -2.622936 27.100
 54     9.544 54101.57453359 51.10 302.808040  -2.626242 33.672
 54     9.547 54101.57453424 50.02 302.807310  -2.629552 33.672
 54     9.535 54101.57453488 43.45 302.806580  -2.632852 33.672
 54     9.560 54101.57453552 50.95 302.805860  -2.636152 33.672
 55    11.217 54136.57449851 43.13 302.808395  -2.623071 32.152
 55    11.194 54136.57449916 39.16 302.807675  -2.626371 32.152
 55    11.050 54136.57449980 25.81 302.806945  -2.629681 32.152
 55    10.667 54136.57450045 24.89 302.806215  -2.632981 32.152
 55    10.193 54136.57450109 21.71 302.805485  -2.636291 32.152
 56    12.072 54171.57451000 40.82 302.807762  -2.623839 40.526
 56    11.758 54171.57451065 28.92 302.807042  -2.627143 43.287
 56    11.435 54171.57451129 25.40 302.806312  -2.630453 43.287
 56    11.207 54171.57451194 20.99 302.805582  -2.633753 43.287
 57    13.058 54206.57450375 45.13 302.807152  -2.624239 39.704
 57    12.783 54206.57450439 30.67 302.806422  -2.627549 39.704
 57    12.468 54206.57450504 31.02 302.805692  -2.630849 39.704
 57    12.639 54206.57450568 27.35 302.804962  -2.634159 39.704
 58    14.079 54241.57453622 46.13 302.809320  -2.623491 47.201
 58    14.006 54241.57453686 28.90 302.808595  -2.626795 31.307
 58    13.587 54241.57453751 31.43 302.807865  -2.630105 31.307
 58    13.897 54241.57453815 34.74 302.807145  -2.633405 31.307
 59    14.439 54276.57455132 51.02 302.809114  -2.622937 44.172
 59    14.482 54276.57455197 46.15 302.808384  -2.626247 44.172
 59    14.447 54276.57455261 46.62 302.807654  -2.629547 44.172
 59    14.286 54276.57455326 43.92 302.806934  -2.632857 44.172
 59    14.301 54276.57455390 49.87 302.806204  -2.636157 44.172
 61    11.487 54346.57452315 45.08 302.812722  -2.610558 38.940
 61    11.469 54346.57452573 45.63 302.809823  -2.623782 43.917
 61    11.477 54346.57452638 41.21 302.809093  -2.627082 43.917
 61    11.343 54346.57452702 35.89 302.808363  -2.630392 43.917
 61    11.326 54346.57452766 39.78 302.807633  -2.633692 43.917
 62    10.704 54381.57448897 33.03 302.809394  -2.621843 26.447
 62    10.547 54381.57448961 25.74 302.808664  -2.625153 26.447
 62    10.107 54381.57449026 16.04 302.807934  -2.628453 26.447
 62     9.607 54381.57449090 15.43 302.807204  -2.631763 26.447
 62    10.035 54381.57449155 14.00 302.806484  -2.635063 26.447
 63     8.362 54416.57447497 24.44 302.808691  -2.623221 20.742
 63     8.350 54416.57447562 25.22 302.807971  -2.626531 20.742
 63     8.433 54416.57447626 11.67 302.807241  -2.629831 20.742
 63     7.651 54416.57447691 11.69 302.806511  -2.633141 20.742
 63     9.319 54416.57447755 10.84 302.805781  -2.636441 20.742
 64     8.910 54451.57445796 18.36 302.808560  -2.622734 17.239
 64     8.845 54451.57445860 25.80 302.807830  -2.626034 17.239
 64     8.606 54451.57445925 15.68 302.807100  -2.629344 17.239
 64     8.587 54451.57445989 14.08 302.806380  -2.632644 17.239
 64     8.807 54451.57446054 12.39 302.805650  -2.635954 17.239
 65    10.963 54486.57446899 48.17 302.813285  -2.610127 38.463
 65    10.927 54486.57446963 47.61 302.812555  -2.613437 38.463
 65    11.039 54486.57447157 45.61 302.810371  -2.623350 38.451
 65    11.019 54486.57447221 34.36 302.809651  -2.626660 38.451
 65    10.514 54486.57447286 24.26 302.808921  -2.629960 38.451
 65    10.391 54486.57447350 22.29 302.808191  -2.633270 38.451
 65    10.845 54486.57447415 20.65 302.807461  -2.636570 38.451
 66    12.745 54521.57447164 46.24 302.809596  -2.624707 38.592
 66    12.468 54521.57447228 25.69 302.808866  -2.628007 38.592
 66    12.351 54521.57447293 25.64 302.808136  -2.631317 38.592
 66    12.525 54521.57447357 33.12 302.807409  -2.634620 43.640
 67    13.817 54556.57448154 28.69 302.809073  -2.622462 31.771
 67    13.582 54556.57448218 27.54 302.808343  -2.625772 31.771
 67    13.309 54556.57448283 30.23 302.807613  -2.629072 31.771
 67    13.643 54556.57448347 29.66 302.806893  -2.632382 31.771
 67    13.897 54556.57448412 37.53 302.806163  -2.635682 31.771
 68    14.427 54591.57446676 30.34 302.808616  -2.621940 32.400
 68    14.181 54591.57446740 31.41 302.807886  -2.625250 32.400
 68    13.793 54591.57446805 32.90 302.807156  -2.628550 32.400
 68    13.899 54591.57446869 32.63 302.806426  -2.631860 32.400
 68    14.356 54591.57446934 30.31 302.805706  -2.635160 32.400
 69    14.874 54626.57448310 53.62 302.808810  -2.622051 49.627
 69    14.861 54626.57448375 51.48 302.808090  -2.625361 49.627
 69    14.866 54626.57448439 51.27 302.807360  -2.628661 49.627
 69    14.873 54626.57448504 51.13 302.806630  -2.631971 49.627
 69    14.882 54626.57448568 53.41 302.805910  -2.635271 49.627
 70    14.318 54661.57449110 24.71 302.806515  -2.623841 24.885
 70    14.072 54661.57449174 29.90 302.805785  -2.627151 24.885
 70    13.970 54661.57449239 30.16 302.805055  -2.630451 24.885
 70    14.072 54661.57449303 29.03 302.804335  -2.633761 24.885
 71    12.678 54696.57446475 39.02 302.813008  -2.610569 35.123
 71    12.615 54696.57446733 49.14 302.810107  -2.623794 41.806
 71    12.552 54696.57446797 25.33 302.809377  -2.627094 41.806
 71    12.255 54696.57446862 28.30 302.808647  -2.630404 41.806
 71    12.554 54696.57446926 32.68 302.807917  -2.633704 41.806
 72    10.864 54731.57444725 31.51 302.808539  -2.623708 29.593
 72     9.756 54731.57444790 26.20 302.807809  -2.627008 29.593
 72     9.144 54731.57444854 24.84 302.807079  -2.630318 29.593
 72     9.111 54731.57444919 32.25 302.806359  -2.633618 29.593
 73    10.592 54766.57444658 32.06 302.809303  -2.621881 33.704
 73     7.296 54766.57444723 38.37 302.808573  -2.625191 33.704
 73     7.310 54766.57444787 33.07 302.807843  -2.628491 33.704
 73     7.081 54766.57444852 27.57 302.807123  -2.631801 33.704
 73     7.326 54766.57444916 34.49 302.806393  -2.635101 33.704
 74     9.203 54801.57444108 39.79 302.807254  -2.624291 26.673
 74     9.049 54801.57444173 30.42 302.806524  -2.627591 26.673
 74     8.661 54801.57444237 16.76 302.805794  -2.630901 26.673
 74     8.269 54801.57444302 17.53 302.805074  -2.634201 26.673
 75    10.325 54836.57443870 32.97 302.808661  -2.623905 26.618
 75     9.785 54836.57443935 23.28 302.807941  -2.627205 26.618
 75     9.907 54836.57443999 25.24 302.807211  -2.630515 26.618
 75    10.157 54836.57444064 27.09 302.806481  -2.633815 26.618
 76    12.495 54871.57443982 46.80 302.808178  -2.624305 36.001
 76    12.122 54871.57444046 27.90 302.807458  -2.627605 36.001
 76    11.962 54871.57444111 29.09 302.806728  -2.630915 36.001
 76    12.176 54871.57444175 28.50 302.805998  -2.634215 36.001
 77    13.694 54906.57444683 27.10 302.806928  -2.623900 27.778
 77    13.246 54906.57444748 29.61 302.806198  -2.627200 27.778
 77    13.472 54906.57444812 29.84 302.805478  -2.630510 27.778
 77    13.666 54906.57444877 29.88 302.804748  -2.633810 27.778
 78    14.618 54941.57443123 30.67 302.807859  -2.623272 22.445
 78    14.513 54941.57443187 28.86 302.807129  -2.626582 22.445
 78    14.194 54941.57443251 28.31 302.806409  -2.629882 22.445
 78    14.430 54941.57443316 28.53 302.805679  -2.633192 22.445
 78    14.869 54941.57443380 29.74 302.804949  -2.636492 22.445
 79    15.245 54976.57445981 27.25 302.807948  -2.622287 26.906
 79    15.301 54976.57446045 26.14 302.807228  -2.625597 26.906
 79    15.029 54976.57446110 27.34 302.806498  -2.628897 26.906
 79    15.060 54976.57446174 28.89 302.805768  -2.632207 26.906
 79    15.321 54976.57446239 29.48 302.805048  -2.635507 26.906
 80    15.319 55011.57446945 25.45 302.808064  -2.623448 29.719
 80    15.373 55011.57447010 26.85 302.807344  -2.626748 29.719
 80    15.014 55011.57447074 29.65 302.806614  -2.630058 29.719
 80    15.433 55011.57447139 31.44 302.805884  -2.633358 29.719
 81    14.395 55046.57446064 22.27 302.809213  -2.623591 30.620
 81    14.199 55046.57446128 23.41 302.808483  -2.626891 30.620
 81    14.455 55046.57446193 25.09 302.807763  -2.630201 30.620
 81    14.591 55046.57446257 27.73 302.807033  -2.633501 30.620
 82    12.470 55081.57443381 23.67 302.809262  -2.624006 26.293
 82    12.244 55081.57443446 24.84 302.808532  -2.627306 26.293
 82    12.177 55081.57443510 24.91 302.807802  -2.630616 26.293
 82    12.561 55081.57443575 24.22 302.807072  -2.633916 26.293
 83    10.605 55116.57439316 31.58 302.809313  -2.622737 22.560
 83    10.264 55116.57439381 23.19 302.808583  -2.626047 22.560
 83    10.020 55116.57439445 16.02 302.807853  -2.629347 22.560
 83     9.474 55116.57439510 14.48 302.807123  -2.632657 22.560
 83    10.333 55116.57439574 14.45 302.806403  -2.635957 22.560
 84     8.960 55151.57439147 35.85 302.807726  -2.623695 24.553
 84     8.823 55151.57439212 31.93 302.807006  -2.626995 24.553
 84     8.717 55151.57439276 15.65 302.806276  -2.630305 24.553
 84     8.907 55151.57439341 11.36 302.805546  -2.633605 24.553
 85     8.830 55186.57437883 26.18 302.807992  -2.622575 25.402
 85     8.867 55186.57437948 37.35 302.807262  -2.625875 25.402
 85     8.816 55186.57438012 21.57 302.806532  -2.629185 25.402
 85     8.942 55186.57438077 13.79 302.805812  -2.632485 25.402
 85     9.928 55186.57438141 12.98 302.805082  -2.635795 25.402
 86    10.093 55221.57439035 38.55 302.807745  -2.624529 28.643
 86    10.020 55221.57439099 27.89 302.807025  -2.627839 28.643
 86     9.887 55221.57439164 17.16 302.806295  -2.631139 28.643
 86    10.676 55221.57439228 15.87 302.805565  -2.634449 28.643
 87    11.528 55256.57437541 45.41 302.809244  -2.624317 35.333
 87    11.044 55256.57437605 26.48 302.808514  -2.627627 35.333
 87    11.034 55256.57437670 26.03 302.807794  -2.630927 35.333
 87    11.307 55256.57437734 24.95 302.807064  -2.634237 35.333
 88    12.528 55291.57437759 50.84 302.808703  -2.622456 38.781
 88    12.517 55291.57437823 46.93 302.807973  -2.625756 38.781
 88    12.309 55291.57437887 28.39 302.807243  -2.629066 38.781
 88    11.967 55291.57437952 26.29 302.806513  -2.632366 38.781
 88    12.087 55291.57438016 25.57 302.805793  -2.635676 38.781
 89    14.034 55326.57435942 42.40 302.806974  -2.622257 38.983
 89    13.997 55326.57436006 36.44 302.806254  -2.625557 38.983
 89    13.740 55326.57436071 25.81 302.805524  -2.628867 38.983
 89    13.716 55326.57436135 28.10 302.804794  -2.632167 38.983
 89    13.911 55326.57436200 32.30 302.804064  -2.635477 38.983
 90    14.387 55361.57435636 39.86 302.808566  -2.622397 36.527
 90    14.069 55361.57435700 29.26 302.807836  -2.625697 36.527
 90    13.781 55361.57435765 29.00 302.807116  -2.629007 36.527
 90    14.039 55361.57435829 29.78 302.806386  -2.632307 36.527
 90    14.255 55361.57435894 37.38 302.805656  -2.635617 36.527
 91    13.435 55396.57436260 28.03 302.808582  -2.621894 27.322
 91    13.220 55396.57436325 25.67 302.807852  -2.625204 27.322
 91    12.938 55396.57436389 26.06 302.807122  -2.628504 27.322
 91    13.071 55396.57436454 26.64 302.806392  -2.631814 27.322
 91    13.303 55396.57436518 32.50 302.805672  -2.635114 27.322
 92    11.318 55431.57436859 35.47 302.813418  -2.610113 36.368
 92    11.468 55431.57436924 43.10 302.812688  -2.613423 36.368
 92    11.403 55431.57437117 43.73 302.810508  -2.623333 36.368
 92    11.303 55431.57437182 32.47 302.809778  -2.626643 36.368
 92    10.711 55431.57437246 23.50 302.809048  -2.629943 36.368
 92    10.458 55431.57437311 20.80 302.808328  -2.633253 36.368
 92    11.174 55431.57437375 20.91 302.807598  -2.636553 36.368
 93    11.044 55466.57432939 30.30 302.813294  -2.610870 20.392
 93    10.935 55466.57433003 33.07 302.812567  -2.614173 28.388
 93    10.149 55466.57433197 25.17 302.810387  -2.624093 28.388
 93     9.858 55466.57433261 15.37 302.809657  -2.627393 28.388
 93     9.485 55466.57433326 12.19 302.808927  -2.630703 28.388
 93     9.723 55466.57433390 11.35 302.808197  -2.634003 28.388
