# NaN NaN NaN ;Mean Elev.(m), Avg Gradient(m/km), RMS Gradient(m/km) - SRTM1     
# NaN NaN NaN ;Mean Elev.(m), Avg Gradient(m/km), RMS Gradient(m/km) - ASTER GDEM
#    0.547   0.227   5.007 ;Mean Elev.(m), Avg Gradient(m/km), RMS Gradient(m/km) - GMTED2010 
  7 309.041819  -0.368365     2.225     2.184 12 52444.55812643 35.258
  8 309.050607  -0.353555     0.747     0.767 20 52479.55811652 19.318
  9 309.062248  -0.352658     1.260     1.226 17 52514.55806295 13.029
 10 309.051568  -0.353870     1.379     1.353 20 52549.55810856 17.821
 11 309.061117  -0.354923     0.351     0.182 17 52584.55809395 14.715
 12 309.052588  -0.353360     1.630     1.604 20 52619.55807239 18.920
 13 309.062733  -0.353211     0.181     0.079 17 52654.55805750 15.494
 14 309.055504  -0.354349     1.123     1.049 19 52689.55805275 17.353
 15 309.056000  -0.354505     1.525     1.668 19 52724.55809745 24.705
 16 309.040312  -0.370867     0.555     0.550 11 52759.55811980 19.459
 17 309.060037  -0.352809     1.258     1.245 17 52794.55807086 13.433
 18 309.061611  -0.353607     0.856     1.492 16 52829.55813809 24.819
 19 309.063536  -0.353528     0.922     0.765 17 52864.55818253 12.950
 20 309.054013  -0.353563     1.393     1.413 19 52899.55821194 14.133
 21 309.052885  -0.354165     0.696     0.717 20 52934.55815578 20.829
 22 309.055374  -0.354117     0.670     0.670 18 52969.55817143 14.432
 23 309.047793  -0.359134     1.705     1.710 18 53004.55819097 28.936
 24 309.052053  -0.353159     0.544     0.553 20 53039.55813908 19.455
 25 309.052443  -0.353784     1.448     1.366 20 53074.55817016 18.305
 26 309.048241  -0.359079     1.163     1.180 17 53109.55814080 21.946
 27 309.053593  -0.353759     0.856     0.822 19 53144.55818070 15.204
 28 309.058388  -0.354798     1.271     1.207 18 53179.55819562 20.738
 29 309.053388  -0.354469     1.532     1.519 19 53214.55821743 13.960
 30 309.055537  -0.354570     1.016     0.900 19 53249.55818706 14.398
 31 309.050485  -0.354651     1.539     1.520 19 53284.55818311 16.919
 32 309.061735  -0.353476     0.200     0.046 17 53319.55817112 13.655
 33 309.061067  -0.354759     0.911     0.859 17 53354.55813882 12.587
 34 309.054327  -0.354603     1.119     1.117 19 53389.55814291 25.983
 35 309.061335  -0.353824    -0.015    -0.006 17 53424.55814113 19.106
 36 309.061182  -0.354149     0.911     0.610 17 53459.55814606 31.035
 37 309.046976  -0.358909     1.101     1.216 17 53494.55823232 41.806
 38 309.062034  -0.352404     0.687     0.647 17 53529.55820603 15.769
 39 309.048427  -0.357574     1.617     1.598 19 53564.55823836 18.527
 40 309.058832  -0.352841     0.918     0.911 18 53599.55817881 13.818
 41 309.051637  -0.353988     0.955     0.931 20 53634.55817566 17.594
 42 309.049859  -0.355999     1.255     1.228 19 53669.55819787 18.024
 43 309.062075  -0.352264    -0.097    -0.323 17 53704.55813482 15.566
 44 309.060912  -0.354472     0.640     0.580 17 53739.55804517 23.244
 45 309.061512  -0.353705     0.600     0.661 17 53774.55806418 22.251
 46 309.058964  -0.354096     0.922     0.807 17 53809.55804784 13.407
 47 309.053222  -0.353847     1.651     1.633 20 53844.55808939 17.566
 48 309.059413  -0.354246     0.919     0.948 18 53879.55811848 19.589
 49 309.047253  -0.360812     1.140     1.136 17 53914.55817583 16.814
 50 309.044127  -0.365781     1.629     1.626 13 53949.55818772 18.644
 51 309.055172  -0.354893     0.362     0.307 19 53984.55812396 17.802
 52 309.057213  -0.353606     1.060     1.000 18 54019.55815851 13.306
 53 309.064824  -0.354029     1.052     1.044 16 54054.55814962 14.685
 54 309.057542  -0.353373    -0.005     0.020 18 54089.55813938 16.787
 55 309.057298  -0.353626     1.572     1.549 18 54124.55806407 15.159
 56 309.055262  -0.352923     0.413     0.439 19 54159.55810554 17.625
 57 309.056368  -0.354400     0.790     0.849 19 54194.55806672 20.139
 58 309.056160  -0.353735     1.962     1.961 19 54229.55811728 35.246
 59 309.056789  -0.353528     0.572     0.528 18 54264.55813559 14.284
 60 309.057562  -0.354009     1.228     1.198 18 54299.55813967 15.094
 61 309.056943  -0.354847     1.631     1.628 18 54334.55812973 13.534
 63 309.055942  -0.354063     1.148     1.122 19 54404.55807387 16.739
 64 309.056063  -0.353873     0.521     0.505 18 54439.55803096 13.850
 65 309.058226  -0.352413     0.470     0.545 18 54474.55806012 39.477
 66 309.056513  -0.354532     1.847     1.821 18 54509.55804431 24.820
 67 309.056822  -0.354451     0.312     0.276 18 54544.55807464 16.668
 68 309.057183  -0.354149     0.929     0.943 18 54579.55804226 19.851
 69 309.057310  -0.354351     2.199     2.200 18 54614.55806453 14.735
 70 309.055049  -0.352838     0.526     0.537 19 54649.55807462 44.176
 71 309.056087  -0.354414     1.294     1.262 18 54684.55807077 14.008
 72 309.057706  -0.353698     1.308     1.299 18 54719.55801876 14.994
 73 309.055538  -0.354966     0.335     0.297 19 54754.55804535 18.954
 74 309.055118  -0.354729     1.518     1.519 19 54789.55801286 12.712
 75 309.056746  -0.353997     0.232     0.218 18 54824.55804020 16.964
 76 309.057311  -0.354810     0.388     0.381 18 54859.55800597 20.295
 77 309.054550  -0.354463     2.065     2.111 19 54894.55804239 14.777
 78 309.054886  -0.353383     0.696     0.666 19 54929.55800445 17.150
 79 309.055702  -0.353578     1.499     1.470 18 54964.55804152 16.448
 80 309.053297  -0.354289     1.944     1.993 20 54999.55806258 25.289
 81 309.056915  -0.353276     0.841     0.679 19 55034.55804833 13.843
 82 309.056582  -0.353946     1.602     1.557 19 55069.55803810 15.142
 83 309.054787  -0.353801     0.877     0.857 19 55104.55797929 13.760
 84 309.056309  -0.353996     0.346     0.337 18 55139.55798574 17.720
 85 309.057383  -0.354019     1.634     1.667 19 55174.55794603 20.175
 86 309.056189  -0.353358     0.077     0.008 19 55209.55798129 18.998
 87 309.055318  -0.354290     1.202     1.120 19 55244.55795306 14.142
 88 309.055418  -0.354603     1.884     1.877 19 55279.55797480 13.727
 89 309.055860  -0.353315     0.514     0.599 19 55314.55793899 20.322
 90 309.056549  -0.353632     0.307     0.729 18 55349.55794605 32.700
 91 309.055239  -0.353328     1.530     1.516 19 55384.55793854 13.497
 92 309.057223  -0.353216     0.810     0.696 18 55419.55796418 13.830
 93 309.056898  -0.352904     1.727     1.714 18 55454.55794256 13.484
 94 309.057358  -0.354860    -1.151    -1.014 18 55489.55786257 41.329
