#    0.000   0.000   0.000 ;Mean Elev.(m), Avg Gradient(m/km), RMS Gradient(m/km) - SRTM1     
#    0.000   0.000   0.000 ;Mean Elev.(m), Avg Gradient(m/km), RMS Gradient(m/km) - ASTER GDEM
#    7.573   0.982   6.717 ;Mean Elev.(m), Avg Gradient(m/km), RMS Gradient(m/km) - GMTED2010 
  8 298.996478  -3.599789    23.673    23.584  5 52481.58469550 22.838
  9 299.003559  -3.603830    22.016    22.023  6 52516.58464905 16.612
 10 298.994556  -3.600284    19.454    18.885  6 52551.58469689 14.858
 11 299.006126  -3.603936    14.806    14.784  6 52586.58467163 30.211
 12 298.998974  -3.602515    16.950    17.035  5 52621.58464531 24.054
 15 299.001334  -3.603445    20.138    20.184  6 52726.58467686 18.775
 16 298.990667  -3.598940    22.696    22.883  5 52761.58469145 37.883
 17 299.005838  -3.604027    23.916    23.950  6 52796.58465148 26.810
 18 299.006453  -3.602469    24.176    24.149  6 52831.58472039 24.801
 19 299.008250  -3.604377    23.288    23.349  6 52866.58476414 28.893
 20 298.998943  -3.602592    19.582    19.556  5 52901.58478954 40.972
 21 298.998938  -3.601539    18.694    19.047  6 52936.58472995 14.481
 22 298.998651  -3.601391    16.011    15.996  5 52971.58475616 37.491
 23 298.994793  -3.599200    16.368    16.302  5 53006.58476839 31.924
 24 298.997134  -3.600331    18.339    18.336  5 53041.58472150 29.078
 25 298.996379  -3.600191    17.884    17.948  5 53076.58475447 21.130
 26 298.994163  -3.599708    20.951    20.743  5 53111.58472427 20.935
 27 298.996855  -3.601373    22.937    22.931  5 53146.58476760 45.504
 28 299.004488  -3.602584    23.065    23.068  6 53181.58477368 36.068
 29 298.998651  -3.601749    22.147    22.168  6 53216.58479685 36.131
 30 298.997056  -3.600518    20.023    19.883  5 53251.58477503 16.044
 31 298.994285  -3.598796    16.876    16.893  5 53286.58476943 24.357
 32 299.007726  -3.605633    15.367    15.422  6 53321.58474666 23.057
 33 299.006237  -3.603573    16.868    17.107  6 53356.58471473 25.362
 34 298.998805  -3.600809    18.571    18.735  5 53391.58472766 31.733
 35 299.004526  -3.603274    19.507    19.544  6 53426.58472411 32.799
 36 299.003537  -3.604243    21.127    21.166  6 53461.58473669 25.624
 37 298.993037  -3.599402    23.593    23.566  5 53496.58481323 41.161
 38 299.004550  -3.603439    23.578    23.537  5 53531.58479249 19.587
 39 298.994483  -3.599812    22.583    22.583  6 53566.58481664 18.911
 40 299.002200  -3.603227    18.016    18.013  6 53601.58476084 31.649
 41 298.996329  -3.601259    14.058    14.541  6 53636.58475804 28.183
 42 298.995137  -3.599196    11.304    11.160  5 53671.58477883 41.780
 43 299.006811  -3.603673    15.505    15.540  6 53706.58471139 20.042
 44 299.004856  -3.602095    17.146    17.054  6 53741.58462385 23.060
 45 299.005128  -3.603629    19.519    19.239  5 53776.58464771 27.206
 46 299.003379  -3.602945    21.663    21.695  6 53811.58462635 24.852
 47 298.997323  -3.600769    23.143    23.155  6 53846.58467577 32.591
 49 298.993011  -3.600377    23.839    23.714  5 53916.58475868 25.525
 50 298.991648  -3.599657    21.784    21.771  5 53951.58476511 36.785
 52 299.000929  -3.601883    15.052    13.518  5 54021.58474241 24.642
 53 299.007745  -3.603853    17.218    16.590  6 54056.58473477 22.294
 54 299.001430  -3.602205    17.741    17.754  5 54091.58471878 36.545
 55 299.001296  -3.601989    20.016    20.096  6 54126.58465046 32.092
 56 298.999412  -3.601314    20.175    20.095  6 54161.58468703 28.031
 57 299.000269  -3.603064    20.903    20.872  6 54196.58465290 30.475
 58 299.000879  -3.602316    22.963    22.955  6 54231.58469937 28.166
 59 299.001160  -3.603252    24.038    24.036  6 54266.58471759 36.445
 60 299.001793  -3.602268    23.570    23.541  6 54301.58472220 38.952
 61 299.001461  -3.601847    20.776    20.805  6 54336.58470939 40.093
 62 299.001552  -3.601875    15.411    15.376  6 54371.58465456 31.104
 63 298.999814  -3.602733    15.851    14.632  6 54406.58465477 22.496
 64 299.001117  -3.602672    16.173    16.153  5 54441.58461352 21.982
 65 299.001812  -3.602296    18.754    18.175  5 54476.58464268 22.581
 66 299.001066  -3.602493    20.540    20.559  6 54511.58462935 33.767
 67 299.001014  -3.601824    21.474    21.405  6 54546.58465643 26.403
 68 299.002206  -3.602176    23.071    23.024  5 54581.58462430 27.340
 69 299.001687  -3.602701    23.293    23.339  5 54616.58464623 14.036
 70 298.998965  -3.601963    24.143    24.114  6 54651.58465883 32.048
 71 299.000526  -3.602512    21.979    21.972  6 54686.58465050 32.817
 72 299.001346  -3.602609    18.346    17.581  5 54721.58460446 21.313
 73 298.999917  -3.602520    15.944    14.653  5 54756.58462620 20.993
 74 298.998985  -3.602787    15.568    15.615  5 54791.58459821 16.602
 75 299.000663  -3.603198    18.055    18.042  5 54826.58462282 22.817
 76 299.000986  -3.602818    20.349    20.291  5 54861.58459205 38.341
 77 298.999402  -3.601152    21.736    21.831  5 54896.58462345 31.581
 78 298.999552  -3.601401    23.594    23.506  5 54931.58458786 27.385
 79 299.000294  -3.602654    24.780    24.827  5 54966.58462377 30.851
 80 298.997824  -3.601000    25.376    25.350  6 55001.58464400 32.746
 81 299.001816  -3.602437    24.649    24.590  5 55036.58462975 26.879
 82 299.000578  -3.602823    22.628    22.581  6 55071.58461785 35.966
 83 298.999374  -3.602278    17.061    17.007  5 55106.58456245 23.543
 84 298.999613  -3.602579    15.808    14.761  5 55141.58456832 14.382
 85 299.001542  -3.601868    15.457    14.072  5 55176.58453140 18.784
 86 299.000084  -3.603000    17.820    17.709  5 55211.58456308 19.593
 87 299.000167  -3.602902    19.819    19.836  6 55246.58453589 29.054
 88 298.999838  -3.602272    19.905    20.032  5 55281.58455608 26.764
 89 298.999431  -3.602745    22.162    22.257  6 55316.58452373 39.005
 90 299.000353  -3.603211    23.242    23.312  5 55351.58452869 36.096
 91 298.998827  -3.602693    22.869    22.932  5 55386.58452360 33.420
 92 299.001332  -3.603435    20.483    20.370  5 55421.58454637 29.321
 93 299.000925  -3.603296    14.439    14.339  5 55456.58452148 19.872
