#    0.000   0.000   0.000 ;Mean Elev.(m), Avg Gradient(m/km), RMS Gradient(m/km) - SRTM1     
#    0.000   0.000   0.000 ;Mean Elev.(m), Avg Gradient(m/km), RMS Gradient(m/km) - ASTER GDEM
#   15.826  -0.843   3.989 ;Mean Elev.(m), Avg Gradient(m/km), RMS Gradient(m/km) - GMTED2010 
  7 298.201007  -3.968251    27.140    27.181  7 52465.58674963 28.161
  8 298.201063  -3.967101    26.134    26.211  7 52500.58674411 44.471
  9 298.197403  -3.970675    23.265    23.601  7 52535.58673211 20.828
 11 298.200829  -3.968481    19.884    19.868  7 52605.58673634 32.428
 12 298.197804  -3.971437    21.931    21.913  7 52640.58672530 30.047
 13 298.201918  -3.966742    22.097    22.117  7 52675.58671612 15.335
 14 298.199179  -3.968205    22.755    22.761  7 52710.58673874 23.592
 15 298.192111  -3.972635    24.379    24.432  6 52745.58676766 23.192
 16 298.197981  -3.970993    26.159    26.220  7 52780.58670405 26.205
 17 298.196571  -3.971402    26.948    27.015  7 52815.58678613 27.946
 18 298.200711  -3.967634    27.122    27.110  7 52850.58683718 45.377
 19 298.196233  -3.971365    23.820    23.900  7 52885.58687289 21.595
 20 298.201281  -3.967786    18.568    18.568  7 52920.58682804 47.483
 21 298.206950  -3.962718    18.115    18.169  8 52955.58679121 41.431
 22 298.208683  -3.962365    19.292    18.600  8 52990.58680545 31.604
 23 298.211655  -3.958949    21.474    21.334  8 53025.58677522 19.677
 25 298.193693  -3.971897    22.958    22.961  6 53095.58681649 19.206
 26 298.209044  -3.961307    25.050    25.097  8 53130.58678612 40.753
 28 298.200270  -3.967957    25.558    25.551  7 53200.58686138 46.932
 29 298.210889  -3.959264    24.127    24.153  8 53235.58682901 47.437
 30 298.201018  -3.967943    20.498    20.431  8 53270.58679257 40.156
 31 298.192321  -3.974326    19.552    19.199  6 53305.58685712 38.661
 33 298.205436  -3.963599    21.699    21.703  8 53375.58675291 49.943
 34 298.204639  -3.964844    21.173    21.137  7 53410.58679769 23.111
 35 298.201817  -3.967707    24.221    24.222  8 53445.58678065 49.720
 36 298.193256  -3.972196    25.379    25.413  6 53480.58686431 24.595
 37 298.201045  -3.968112    26.406    26.241  8 53515.58686835 29.183
 38 298.194195  -3.972394    26.038    26.171  7 53550.58688941 27.681
 39 298.203948  -3.965319    23.302    23.345  7 53585.58684680 27.944
 40 298.192475  -3.974507    16.377    16.416  6 53620.58680727 43.287
 41 298.199131  -3.968606    16.910    15.609  7 53655.58683495 22.498
 42 298.198221  -3.969656    19.040    19.979  7 53690.58682653 20.143
 43 298.204553  -3.964910    18.242    18.250  7 53725.58674945 33.565
 44 298.209414  -3.961608    21.261    21.224  8 53760.58669567 51.286
 45 298.205993  -3.962913    23.741    23.648  8 53795.58671231 21.988
 46 298.204115  -3.966309    24.895    24.996  8 53830.58669360 24.657
 47 298.197761  -3.969465    26.273    26.447  7 53865.58677016 26.984
 48 298.200297  -3.967866    26.700    26.768  7 53900.58679694 26.590
 49 298.189423  -3.974084    25.454    25.446  6 53935.58683989 49.124
 50 298.195498  -3.972132    22.369    22.365  6 53970.58680763 22.270
 51 298.203460  -3.965820    17.046    16.473  8 54005.58678415 50.629
 52 298.205340  -3.963747    17.470    17.639  8 54040.58681378 35.546
 54 298.200479  -3.968606    22.283    22.089  8 54110.58675167 25.054
 55 298.200417  -3.968393    23.154    23.232  7 54145.58674870 23.296
 56 298.200726  -3.967737    22.951    22.893  8 54180.58673788 18.211
 57 298.199639  -3.968656    25.159    25.180  8 54215.58675633 38.284
 58 298.199830  -3.969503    26.168    26.272  7 54250.58678343 27.330
 59 298.202593  -3.966801    26.753    26.753  8 54285.58678996 46.726
 60 298.202996  -3.966195    24.934    24.932  7 54320.58678677 52.332
 61 298.203253  -3.965085    18.849    18.520  8 54355.58674806 36.331
 62 298.202214  -3.966517    16.274    15.985  8 54390.58672761 46.319
 63 298.202085  -3.966546    18.249    18.170  8 54425.58669868 28.252
 64 298.202068  -3.966850    21.303    21.405  7 54460.58670399 22.088
 65 298.202841  -3.966019    23.271    23.277  7 54495.58670470 52.457
 66 298.203547  -3.965587    24.010    23.965  8 54530.58671659 23.752
 67 298.201902  -3.967328    25.358    25.444  8 54565.58671058 25.724
 68 298.201044  -3.967499    26.166    26.052  8 54600.58671223 27.368
 69 298.199456  -3.969296    27.154    27.155  8 54635.58672509 49.035
 70 298.200243  -3.967874    25.914    25.938  7 54670.58672861 47.806
 71 298.203357  -3.966523    22.407    22.397  8 54705.58669012 49.725
 72 298.201396  -3.967140    18.115    17.915  8 54740.58669245 48.404
 73 298.203182  -3.965706    17.716    17.422  7 54775.58667172 42.049
 74 298.200812  -3.967941    19.704    19.529  8 54810.58668567 36.258
 75 298.201604  -3.967196    21.426    21.432  8 54845.58667106 49.923
 76 298.199352  -3.969393    24.095    24.186  7 54880.58668983 25.510
 77 298.199168  -3.969671    25.997    26.127  7 54915.58667487 28.626
 79 298.198496  -3.969494    27.891    28.069  7 54985.58670721 28.868
 80 298.202772  -3.967198    28.003    27.874  8 55020.58670054 31.834
 81 298.202606  -3.966603    27.270    27.278  7 55055.58669685 50.479
 82 298.200794  -3.968292    23.173    23.270  8 55090.58665637 28.487
 83 298.202050  -3.966340    22.272    20.835  8 55125.58663588 20.705
 84 298.200747  -3.967731    16.093    14.834  7 55160.58661738 33.800
 85 298.200472  -3.968808    22.231    22.069  7 55195.58662656 24.790
 86 298.200309  -3.968356    22.248    22.015  8 55230.58662082 27.033
 87 298.201836  -3.967119    23.052    23.073  8 55265.58662122 48.787
 88 298.202873  -3.966232    24.052    23.869  8 55300.58660130 29.283
 89 298.200545  -3.968306    26.167    26.280  7 55335.58659762 39.235
 90 298.202384  -3.966446    26.205    26.105  8 55370.58658788 28.065
 91 298.202662  -3.966513    24.648    24.638  7 55405.58660581 49.630
 92 298.202813  -3.966267    18.570    18.512  7 55440.58660627 36.874
 93 298.203002  -3.966479    13.521    13.537  7 55475.58655077 38.198
