#    0.000   0.000   0.000 ;Mean Elev.(m), Avg Gradient(m/km), RMS Gradient(m/km) - SRTM1     
#    0.000   0.000   0.000 ;Mean Elev.(m), Avg Gradient(m/km), RMS Gradient(m/km) - ASTER GDEM
#    1.560   0.142   1.734 ;Mean Elev.(m), Avg Gradient(m/km), RMS Gradient(m/km) - GMTED2010 
  8     7.337 52485.56648333 32.52 305.735323  -2.381225 24.642
  8     7.189 52485.56648398 24.01 305.734593  -2.384525 24.642
  8     6.291 52485.56648462 20.59 305.733873  -2.387835 24.642
  8     6.663 52485.56648527 18.14 305.733143  -2.391135 24.642
  8     6.343 52485.56648591 16.49 305.732413  -2.394445 24.642
  8     6.421 52485.56648655 16.70 305.731683  -2.397745 24.642
  8     5.874 52485.56648720 16.54 305.730963  -2.401055 24.642
  8     6.500 52485.56648784 16.08 305.730233  -2.404355 24.642
  8     6.751 52485.56648849 16.24 305.729503  -2.407665 24.642
  8     6.982 52485.56648913 18.53 305.728783  -2.410969 38.021
  8     7.468 52485.56648978 21.87 305.728053  -2.414279 38.021
  8     7.540 52485.56649042 35.64 305.727323  -2.417579 38.021
  8     7.561 52485.56649107 41.48 305.726603  -2.420889 38.021
  8     7.553 52485.56649171 31.80 305.725873  -2.424189 38.021
  9     5.897 52520.56644926 21.18 305.735659  -2.383186 17.974
  9     5.158 52520.56644990 21.00 305.734939  -2.386496 17.974
  9     5.806 52520.56645054 17.32 305.734209  -2.389796 17.974
  9     5.290 52520.56645119 16.34 305.733479  -2.393106 17.974
  9     5.611 52520.56645183 15.83 305.732749  -2.396406 17.974
  9     5.690 52520.56645248 15.38 305.732029  -2.399716 17.974
  9     5.957 52520.56645312 14.67 305.731299  -2.403016 17.974
  9     5.957 52520.56645377 15.01 305.730569  -2.406326 17.974
  9     6.006 52520.56645441 15.55 305.729849  -2.409626 17.974
  9     6.596 52520.56645506 18.62 305.729119  -2.412936 17.974
  9     6.724 52520.56645570 27.55 305.728389  -2.416236 17.974
  9     6.637 52520.56645635 38.47 305.727669  -2.419546 17.974
  9     6.770 52520.56645699 30.36 305.726939  -2.422846 17.974
  9     6.469 52520.56645764 25.77 305.726209  -2.426156 17.974
 10     5.166 52555.56650116 15.90 305.729113  -2.385670 24.823
 10     4.872 52555.56650180 14.54 305.728393  -2.388980 24.823
 10     4.672 52555.56650245 14.45 305.727663  -2.392280 24.823
 10     4.519 52555.56650309 13.78 305.726933  -2.395590 24.823
 10     4.529 52555.56650374 13.38 305.726207  -2.398894 26.658
 10     4.618 52555.56650438 13.65 305.725477  -2.402204 26.658
 10     4.707 52555.56650503 13.62 305.724747  -2.405504 26.658
 10     4.623 52555.56650567 18.39 305.724027  -2.408814 26.658
 10     4.870 52555.56650632 21.21 305.723297  -2.412114 26.658
 10     5.056 52555.56650696 22.48 305.722567  -2.415424 26.658
 10     5.294 52555.56650761 25.57 305.721837  -2.418724 26.658
 11     4.918 52590.56648975 29.17 305.733091  -2.381880 17.934
 11     4.842 52590.56649040 11.50 305.732361  -2.385190 17.934
 11     4.355 52590.56649104 10.91 305.731641  -2.388490 17.934
 11     3.546 52590.56649169 10.68 305.730911  -2.391800 17.934
 11     3.301 52590.56649233 11.79 305.730181  -2.395100 17.934
 11     3.360 52590.56649298 11.77 305.729461  -2.398410 17.934
 11     3.274 52590.56649362 12.11 305.728731  -2.401710 17.934
 11     3.190 52590.56649427 13.20 305.728001  -2.405020 17.934
 11     3.287 52590.56649491 14.83 305.727271  -2.408320 17.934
 11     3.531 52590.56649556 15.08 305.726551  -2.411630 17.934
 11     3.612 52590.56649620 17.96 305.725821  -2.414930 17.934
 11     4.060 52590.56649685 24.84 305.725091  -2.418240 17.934
 11     4.675 52590.56649749 26.81 305.724370  -2.421544 24.392
 12     4.214 52625.56641739 10.93 305.741614  -2.381696 20.225
 12     4.223 52625.56641803 11.00 305.740884  -2.385006 20.225
 12     4.283 52625.56641868 10.58 305.740154  -2.388306 20.225
 12     4.266 52625.56641932 10.49 305.739434  -2.391616 20.225
 12     4.308 52625.56641996 10.20 305.738704  -2.394916 20.225
 12     4.239 52625.56642061 10.61 305.737974  -2.398226 20.225
 12     4.134 52625.56642125 11.02 305.737254  -2.401526 20.225
 12     4.107 52625.56642190 11.99 305.736524  -2.404836 20.225
 12     4.107 52625.56642254 12.97 305.735794  -2.408136 20.225
 12     4.006 52625.56642319 14.71 305.735074  -2.411446 20.225
 12     3.925 52625.56642383 18.66 305.734338  -2.414752 30.160
 12     4.062 52625.56642448 23.24 305.733618  -2.418052 30.160
 13     5.188 52660.56645487 23.71 305.735899  -2.381168 18.246
 13     5.279 52660.56645551 14.00 305.735169  -2.384468 18.246
 13     4.979 52660.56645616 12.59 305.734439  -2.387778 18.246
 13     4.893 52660.56645680 12.47 305.733709  -2.391078 18.246
 13     4.920 52660.56645745 12.33 305.732989  -2.394388 18.246
 13     5.005 52660.56645809 12.21 305.732259  -2.397688 18.246
 13     5.041 52660.56645874 12.22 305.731529  -2.400998 18.246
 13     4.873 52660.56645938 13.80 305.730809  -2.404298 18.246
 13     4.690 52660.56646003 14.65 305.730079  -2.407608 18.246
 13     4.610 52660.56646067 18.57 305.729349  -2.410908 18.246
 13     4.999 52660.56646132 19.84 305.728629  -2.414218 18.246
 13     5.472 52660.56646196 31.60 305.727899  -2.417518 18.246
 13     5.503 52660.56646260 32.77 305.727169  -2.420828 18.246
 13     5.355 52660.56646325 28.35 305.726439  -2.424128 18.246
 13     5.366 52660.56646389 27.16 305.725719  -2.427438 18.246
 14     5.698 52695.56643400 19.33 305.737882  -2.380991 25.431
 14     6.743 52695.56643465 17.28 305.737162  -2.384291 25.431
 14     6.272 52695.56643529 15.68 305.736432  -2.387601 25.431
 14     5.770 52695.56643594 15.49 305.735702  -2.390901 25.431
 14     5.626 52695.56643658 16.32 305.734972  -2.394211 25.431
 14     5.146 52695.56643723 16.68 305.734252  -2.397511 25.431
 14     5.267 52695.56643787 16.09 305.733522  -2.400821 25.431
 14     5.382 52695.56643851 17.21 305.732793  -2.404124 34.873
 14     5.309 52695.56643916 18.46 305.732063  -2.407434 34.873
 14     5.101 52695.56643980 22.75 305.731343  -2.410734 34.873
 14     5.496 52695.56644045 24.23 305.730613  -2.414044 34.873
 14     6.204 52695.56644109 36.42 305.729883  -2.417344 34.873
 14     6.400 52695.56644174 38.95 305.729153  -2.420654 34.873
 14     6.034 52695.56644238 31.47 305.728433  -2.423954 34.873
 15     7.437 52730.56646430 20.32 305.740973  -2.382164 16.764
 15     7.011 52730.56646494 18.22 305.740243  -2.385474 16.764
 15     6.499 52730.56646559 17.41 305.739513  -2.388774 16.764
 15     5.941 52730.56646623 18.09 305.738793  -2.392084 16.764
 15     5.208 52730.56646688 19.18 305.738063  -2.395384 16.764
 15     4.274 52730.56646752 20.37 305.737333  -2.398694 16.764
 15     5.043 52730.56646817 19.81 305.736612  -2.401998 22.629
 15     5.567 52730.56646881 20.89 305.735882  -2.405308 22.629
 15     6.010 52730.56646946 21.77 305.735152  -2.408608 22.629
 15     6.388 52730.56647010 21.12 305.734432  -2.411918 22.629
 15     6.479 52730.56647074 23.14 305.733702  -2.415218 22.629
 15     6.645 52730.56647139 27.78 305.732972  -2.418528 22.629
 16     7.663 52765.56647451 32.20 305.729144  -2.383774 27.438
 16     7.162 52765.56647516 27.56 305.728409  -2.387081 25.415
 16     6.758 52765.56647580 22.45 305.727689  -2.390391 25.415
 16     6.396 52765.56647645 18.88 305.726959  -2.393691 25.415
 16     5.774 52765.56647709 19.06 305.726229  -2.397001 25.415
 16     4.388 52765.56647773 20.45 305.725509  -2.400301 25.415
 16     5.324 52765.56647838 21.94 305.724779  -2.403611 25.415
 16     6.084 52765.56647902 22.34 305.724049  -2.406911 25.415
 16     6.726 52765.56647967 24.72 305.723329  -2.410221 25.415
 16     6.959 52765.56648031 27.14 305.722599  -2.413521 25.415
 16     7.200 52765.56648096 31.83 305.721869  -2.416831 25.415
 16     7.694 52765.56648160 32.54 305.721149  -2.420131 25.415
 17     7.733 52800.56646740 44.08 305.738349  -2.381998 17.313
 17     7.682 52800.56646805 45.50 305.737629  -2.385298 17.313
 17     7.647 52800.56646869 42.86 305.736899  -2.388608 17.313
 17     7.613 52800.56646934 39.01 305.736169  -2.391908 17.313
 17     7.354 52800.56646998 38.81 305.735439  -2.395218 17.313
 17     7.376 52800.56647063 38.05 305.734719  -2.398518 17.313
 17     7.405 52800.56647127 36.78 305.733989  -2.401828 17.313
 17     7.528 52800.56647191 36.69 305.733259  -2.405128 17.313
 17     7.444 52800.56647256 34.48 305.732529  -2.408438 17.313
 17     7.383 52800.56647320 34.94 305.731809  -2.411738 17.313
 17     7.335 52800.56647385 33.14 305.731079  -2.415048 17.313
 17     7.677 52800.56647449 35.21 305.730350  -2.418351 30.794
 17     7.650 52800.56647514 37.68 305.729620  -2.421661 30.794
 18     7.539 52835.56653494 45.84 305.739114  -2.382177 21.348
 18     7.501 52835.56653559 48.66 305.738384  -2.385477 21.348
 18     7.536 52835.56653623 45.50 305.737654  -2.388787 21.348
 18     7.377 52835.56653688 37.79 305.736934  -2.392087 21.348
 18     7.054 52835.56653752 35.40 305.736204  -2.395397 21.348
 18     6.737 52835.56653816 35.04 305.735474  -2.398697 21.348
 18     7.373 52835.56653881 34.34 305.734744  -2.402007 21.348
 18     7.357 52835.56653945 33.11 305.734024  -2.405307 21.348
 18     7.490 52835.56654010 35.26 305.733294  -2.408617 21.348
 18     7.521 52835.56654074 35.54 305.732564  -2.411917 21.348
 18     7.488 52835.56654139 37.21 305.731844  -2.415227 21.348
 18     7.455 52835.56654203 38.91 305.731114  -2.418527 21.348
 18     7.447 52835.56654268 44.49 305.730384  -2.421837 21.348
 19     7.530 52870.56657609 24.42 305.739939  -2.381705 14.654
 19     7.134 52870.56657674 22.38 305.739219  -2.385015 14.654
 19     6.742 52870.56657738 18.59 305.738489  -2.388315 14.654
 19     6.275 52870.56657803 18.01 305.737759  -2.391625 14.654
 19     5.943 52870.56657867 16.99 305.737039  -2.394925 14.654
 19     5.166 52870.56657932 16.89 305.736309  -2.398235 14.654
 19     5.249 52870.56657996 16.97 305.735579  -2.401535 14.654
 19     5.651 52870.56658061 17.24 305.734859  -2.404845 14.654
 19     6.113 52870.56658125 18.40 305.734129  -2.408145 14.654
 19     6.338 52870.56658190 20.19 305.733399  -2.411455 14.654
 19     6.615 52870.56658254 20.74 305.732669  -2.414755 14.654
 19     6.715 52870.56658318 22.90 305.731949  -2.418065 14.654
 19     6.931 52870.56658383 27.46 305.731219  -2.421365 14.654
 20     5.472 52905.56657683 19.20 305.736776  -2.383741 23.017
 20     5.470 52905.56657747 16.02 305.736046  -2.387051 23.017
 20     5.401 52905.56657812 14.81 305.735326  -2.390356 23.498
 20     5.274 52905.56657876 14.88 305.734596  -2.393666 23.498
 20     5.299 52905.56657940 14.63 305.733866  -2.396966 23.498
 20     5.214 52905.56658005 14.38 305.733146  -2.400276 23.498
 20     5.176 52905.56658069 14.58 305.732416  -2.403576 23.498
 20     5.225 52905.56658134 14.55 305.731686  -2.406886 23.498
 20     5.261 52905.56658198 15.39 305.730956  -2.410186 23.498
 20     5.416 52905.56658263 16.63 305.730236  -2.413496 23.498
 20     5.754 52905.56658327 24.29 305.729506  -2.416796 23.498
 20     5.848 52905.56658392 29.55 305.728776  -2.420106 23.498
 20     5.570 52905.56658456 25.61 305.728056  -2.423406 23.498
 21     4.952 52940.56650860 15.54 305.737137  -2.383027 28.629
 21     4.707 52940.56650925 13.11 305.736407  -2.386337 28.629
 21     4.033 52940.56650989 12.74 305.735677  -2.389637 28.629
 21     3.627 52940.56651054 14.18 305.734947  -2.392947 28.629
 21     3.679 52940.56651118 12.75 305.734227  -2.396247 28.629
 21     3.557 52940.56651183 13.40 305.733497  -2.399557 28.629
 21     2.757 52940.56651247 16.98 305.732767  -2.402860 17.852
 21     2.899 52940.56651312 19.69 305.732037  -2.406170 17.852
 21     3.414 52940.56651376 19.44 305.731317  -2.409470 17.852
 21     3.730 52940.56651441 19.73 305.730587  -2.412780 17.852
 21     4.038 52940.56651505 21.31 305.729857  -2.416080 17.852
 21     4.210 52940.56651570 22.69 305.729127  -2.419390 17.852
 21     4.494 52940.56651634 24.12 305.728407  -2.422690 17.852
 21     4.691 52940.56651698 24.50 305.727677  -2.426000 17.852
 22     4.973 52975.56655555 26.77 305.734208  -2.382697 13.436
 22     4.831 52975.56655619 10.41 305.733478  -2.385997 13.436
 22     4.213 52975.56655684 10.52 305.732758  -2.389307 13.436
 22     3.877 52975.56655748 10.77 305.732028  -2.392607 13.436
 22     3.799 52975.56655813 11.88 305.731298  -2.395917 13.436
 22     3.799 52975.56655877 12.05 305.730578  -2.399217 13.436
 22     3.649 52975.56655942 13.43 305.729848  -2.402527 13.436
 22     3.706 52975.56656006 14.92 305.729118  -2.405827 13.436
 22     3.873 52975.56656071 13.88 305.728388  -2.409137 13.436
 22     3.947 52975.56656135 15.84 305.727668  -2.412437 13.436
 22     4.042 52975.56656200 20.07 305.726938  -2.415747 13.436
 22     4.107 52975.56656264 26.87 305.726208  -2.419047 13.436
 22     4.320 52975.56656328 21.72 305.725488  -2.422357 13.436
 23     5.184 53010.56655978 17.01 305.731280  -2.384354 28.424
 23    10.163 53010.56656042 11.46 305.730560  -2.387660 21.204
 23     4.043 53010.56656107 11.32 305.729830  -2.390970 21.204
 23     3.918 53010.56656171 11.71 305.729100  -2.394270 21.204
 23     3.968 53010.56656236 11.93 305.728380  -2.397580 21.204
 23     3.321 53010.56656300 17.02 305.727650  -2.400880 21.204
 23     3.830 53010.56656365 16.30 305.726920  -2.404190 21.204
 23     3.743 53010.56656429 22.03 305.726190  -2.407490 21.204
 23     4.233 53010.56656493 27.03 305.725470  -2.410800 21.204
 23     4.330 53010.56656558 31.19 305.724740  -2.414100 21.204
 23     4.329 53010.56656622 24.27 305.724010  -2.417410 21.204
 23     4.318 53010.56656687 25.02 305.723290  -2.420710 21.204
 24     5.936 53045.56652238 19.75 305.733542  -2.382877 19.335
 24     5.836 53045.56652303 16.72 305.732812  -2.386177 19.335
 24     5.575 53045.56652367 15.10 305.732082  -2.389487 19.335
 24     5.424 53045.56652432 15.51 305.731362  -2.392787 19.335
 24     5.358 53045.56652496 15.58 305.730632  -2.396097 19.335
 24     5.282 53045.56652561 15.32 305.729902  -2.399397 19.335
 24     5.375 53045.56652625 16.27 305.729172  -2.402707 19.335
 24     5.232 53045.56652690 17.01 305.728452  -2.406007 19.335
 24     5.317 53045.56652754 18.47 305.727722  -2.409317 19.335
 24     5.616 53045.56652819 20.16 305.726992  -2.412617 19.335
 24     5.890 53045.56652883 26.75 305.726272  -2.415927 19.335
 24     6.109 53045.56652948 36.72 305.725542  -2.419227 19.335
 24     6.080 53045.56653012 40.11 305.724812  -2.422537 19.335
 25     6.778 53080.56655713 23.08 305.729442  -2.385083 23.889
 25     5.941 53080.56655777 18.39 305.728712  -2.388383 23.889
 25     5.505 53080.56655842 17.56 305.727992  -2.391693 23.889
 25     5.762 53080.56655906 18.16 305.727262  -2.394993 23.889
 25     4.045 53080.56655971 18.58 305.726532  -2.398303 23.889
 25     4.848 53080.56656035 19.24 305.725812  -2.401603 23.889
 25     5.413 53080.56656100 21.53 305.725082  -2.404913 23.889
 25     6.100 53080.56656164 24.31 305.724352  -2.408213 23.889
 25     6.570 53080.56656229 28.14 305.723632  -2.411523 23.889
 25     6.740 53080.56656293 28.23 305.722902  -2.414823 23.889
 25     6.927 53080.56656358 35.06 305.722172  -2.418133 23.889
 25     6.988 53080.56656422 43.84 305.721442  -2.421433 23.889
 26     7.378 53115.56652725 27.76 305.729790  -2.385338 27.120
 26     6.959 53115.56652789 21.08 305.729060  -2.388648 27.120
 26     6.039 53115.56652854 21.24 305.728340  -2.391948 27.120
 26     5.465 53115.56652918 21.17 305.727610  -2.395258 27.120
 26     4.375 53115.56652983 21.53 305.726880  -2.398558 27.120
 26     5.244 53115.56653047 25.21 305.726150  -2.401868 27.120
 26     5.857 53115.56653112 27.92 305.725430  -2.405168 27.120
 26     6.576 53115.56653176 28.57 305.724700  -2.408478 27.120
 26     7.147 53115.56653241 30.95 305.723970  -2.411778 27.120
 26     7.394 53115.56653305 30.12 305.723250  -2.415088 27.120
 26     7.549 53115.56653370 41.26 305.722520  -2.418388 27.120
 26     7.716 53115.56653434 40.66 305.721790  -2.421698 27.120
 27     7.494 53150.56657437 26.63 305.730341  -2.385043 23.932
 27     6.652 53150.56657502 20.79 305.729611  -2.388343 23.932
 27     6.413 53150.56657566 17.23 305.728891  -2.391653 23.932
 27     6.530 53150.56657631 16.77 305.728161  -2.394953 23.932
 27     4.874 53150.56657695 18.51 305.727431  -2.398263 23.932
 27     5.351 53150.56657760 18.57 305.726711  -2.401563 23.932
 27     6.172 53150.56657824 20.53 305.725981  -2.404873 23.932
 27     6.740 53150.56657888 22.13 305.725251  -2.408173 23.932
 27     7.049 53150.56657953 23.43 305.724531  -2.411483 23.932
 27     7.454 53150.56658017 27.93 305.723801  -2.414783 23.932
 27     7.643 53150.56658082 38.43 305.723071  -2.418093 23.932
 27     7.785 53150.56658146 39.30 305.722341  -2.421393 23.932
 28     6.930 53185.56656237 23.06 305.744197  -2.378922 23.745
 28     6.134 53185.56656301 20.18 305.743467  -2.382222 23.745
 28     6.107 53185.56656366 17.51 305.742737  -2.385532 23.745
 28     6.366 53185.56656430 16.43 305.742014  -2.388836 27.320
 28     5.946 53185.56656495 16.09 305.741284  -2.392146 27.320
 28     6.497 53185.56656559 14.96 305.740554  -2.395446 27.320
 28     6.657 53185.56656623 14.91 305.739834  -2.398756 27.320
 28     6.201 53185.56656688 14.93 305.739104  -2.402056 27.320
 28     6.486 53185.56656752 15.50 305.738374  -2.405366 27.320
 28     6.563 53185.56656817 16.90 305.737644  -2.408666 27.320
 28     6.887 53185.56656881 21.88 305.736924  -2.411976 27.320
 28     7.133 53185.56656946 27.20 305.736194  -2.415276 27.320
 28     7.236 53185.56657010 34.13 305.735464  -2.418586 27.320
 29     6.445 53220.56658939 19.65 305.736319  -2.383533 21.864
 29     5.963 53220.56659003 18.30 305.735589  -2.386843 21.864
 29     6.093 53220.56659068 16.24 305.734859  -2.390143 21.864
 29     5.957 53220.56659132 15.58 305.734139  -2.393453 21.864
 29     5.943 53220.56659196 15.61 305.733409  -2.396753 21.864
 29     6.051 53220.56659261 15.04 305.732679  -2.400063 21.864
 29     6.100 53220.56659325 15.27 305.731949  -2.403363 21.864
 29     5.955 53220.56659390 16.26 305.731229  -2.406673 21.864
 29     6.292 53220.56659454 16.96 305.730499  -2.409973 21.864
 29     6.434 53220.56659519 18.70 305.729769  -2.413283 21.864
 29     6.639 53220.56659583 31.84 305.729049  -2.416583 21.864
 29     6.741 53220.56659648 34.81 305.728319  -2.419893 21.864
 29     6.531 53220.56659712 28.30 305.727589  -2.423193 21.864
 29     6.600 53220.56659777 31.27 305.726869  -2.426503 21.864
 30     5.234 53255.56656646 17.40 305.731110  -2.384846 23.728
 30     5.148 53255.56656711 15.00 305.730390  -2.388156 23.728
 30     5.192 53255.56656775 14.27 305.729660  -2.391456 23.728
 30     4.914 53255.56656840 14.60 305.728930  -2.394766 23.728
 30     5.086 53255.56656904 14.47 305.728210  -2.398066 23.728
 30     5.027 53255.56656969 14.62 305.727480  -2.401376 23.728
 30     5.037 53255.56657033 16.08 305.726750  -2.404676 23.728
 30     5.138 53255.56657097 25.27 305.726030  -2.407986 23.728
 30     5.464 53255.56657162 20.96 305.725300  -2.411286 23.728
 30     5.743 53255.56657226 20.21 305.724570  -2.414596 23.728
 30     5.840 53255.56657291 26.98 305.723850  -2.417896 23.728
 30     5.866 53255.56657355 31.35 305.723120  -2.421206 23.728
 32     4.439 53325.56655128 12.05 305.740464  -2.381097 19.571
 32     4.186 53325.56655193 11.26 305.739734  -2.384407 19.571
 32     3.817 53325.56655257 10.65 305.739004  -2.387707 19.571
 32     3.664 53325.56655321 12.16 305.738284  -2.391017 19.571
 32     3.678 53325.56655386 11.53 305.737554  -2.394317 19.571
 32     3.514 53325.56655450 13.54 305.736824  -2.397627 19.571
 32     3.123 53325.56655515 17.27 305.736094  -2.400927 19.571
 32     3.697 53325.56655579 19.05 305.735374  -2.404237 19.571
 32     4.140 53325.56655644 18.49 305.734644  -2.407537 19.571
 32     4.330 53325.56655708 18.96 305.733914  -2.410847 19.571
 32     4.123 53325.56655773 22.97 305.733194  -2.414147 19.571
 32     3.969 53325.56655837 23.56 305.732464  -2.417457 19.571
 32     4.058 53325.56655902 26.62 305.731734  -2.420757 19.571
 33     5.438 53360.56651033 12.59 305.740961  -2.380438 19.553
 33     5.015 53360.56651097 10.70 305.740231  -2.383738 19.553
 33     2.800 53360.56651162 11.31 305.739511  -2.387048 19.553
 33     2.712 53360.56651226 12.51 305.738781  -2.390348 19.553
 33    -0.693 53360.56651291 18.47 305.738051  -2.393658 19.553
 33     0.105 53360.56651355 19.20 305.737331  -2.396958 19.553
 33     2.129 53360.56651419 16.34 305.736601  -2.400268 19.553
 33     1.892 53360.56651484 20.13 305.735871  -2.403568 19.553
 33     2.326 53360.56651548 19.04 305.735151  -2.406878 19.553
 33     2.755 53360.56651613 17.97 305.734421  -2.410178 19.553
 33     2.752 53360.56651677 20.44 305.733691  -2.413488 19.553
 33     2.738 53360.56651742 25.52 305.732971  -2.416788 19.553
 33     2.713 53360.56651806 29.14 305.732241  -2.420098 19.553
 34     4.785 53395.56653007 19.64 305.734068  -2.384115 17.807
 34     4.545 53395.56653072 19.64 305.733338  -2.387415 17.807
 34     2.069 53395.56653136 21.38 305.732608  -2.390725 17.807
 34     2.413 53395.56653201 22.16 305.731888  -2.394025 17.807
 34     3.775 53395.56653265 21.09 305.731158  -2.397335 17.807
 34     4.357 53395.56653330 20.45 305.730428  -2.400635 17.807
 34     4.596 53395.56653394 20.26 305.729708  -2.403945 17.807
 34     4.855 53395.56653458 21.18 305.728978  -2.407245 17.807
 34     5.015 53395.56653523 26.31 305.728248  -2.410555 17.807
 34     5.079 53395.56653587 33.39 305.727518  -2.413855 17.807
 34     5.405 53395.56653652 42.06 305.726798  -2.417165 17.807
 34     5.069 53395.56653716 43.68 305.726068  -2.420465 17.807
 34     5.043 53395.56653781 36.47 305.725338  -2.423775 17.807
 35     6.721 53430.56652231 21.21 305.738977  -2.382582 18.414
 35     5.502 53430.56652296 19.95 305.738257  -2.385892 18.414
 35     6.070 53430.56652360 18.18 305.737527  -2.389192 18.414
 35     5.680 53430.56652425 17.15 305.736797  -2.392502 18.414
 35     4.603 53430.56652489 18.19 305.736077  -2.395802 18.414
 35     3.494 53430.56652554 18.50 305.735347  -2.399112 18.414
 35     4.160 53430.56652618 19.15 305.734617  -2.402412 18.414
 35     4.817 53430.56652683 18.70 305.733897  -2.405722 18.414
 35     5.365 53430.56652747 20.63 305.733167  -2.409022 18.414
 35     5.605 53430.56652812 22.63 305.732437  -2.412332 18.414
 35     5.809 53430.56652876 26.71 305.731717  -2.415632 18.414
 35     6.044 53430.56652941 29.66 305.730987  -2.418942 18.414
 35     6.168 53430.56653005 32.14 305.730257  -2.422242 18.414
 36     7.714 53465.56655076 32.49 305.736596  -2.382227 23.854
 36     7.295 53465.56655140 25.73 305.735866  -2.385527 23.854
 36     7.217 53465.56655205 20.54 305.735136  -2.388837 23.854
 36     6.863 53465.56655269 19.75 305.734416  -2.392137 23.854
 36     5.724 53465.56655334 21.67 305.733686  -2.395447 23.854
 36     4.801 53465.56655398 21.94 305.732956  -2.398747 23.854
 36     5.437 53465.56655463 24.75 305.732226  -2.402057 23.854
 36     6.075 53465.56655527 24.75 305.731506  -2.405357 23.854
 36     6.755 53465.56655592 25.58 305.730776  -2.408667 23.854
 36     7.423 53465.56655656 27.30 305.730046  -2.411967 23.854
 36     7.686 53465.56655721 32.53 305.729316  -2.415277 23.854
 36     7.798 53465.56655785 29.90 305.728596  -2.418577 23.854
 36     7.752 53465.56655850 32.40 305.727866  -2.421887 23.854
 36     7.699 53465.56655914 33.16 305.727137  -2.425191 33.420
 37     7.550 53500.56661159 29.08 305.728356  -2.386331 24.853
 37     7.235 53500.56661224 24.07 305.727626  -2.389631 24.853
 37     6.887 53500.56661288 21.64 305.726896  -2.392941 24.853
 37     6.352 53500.56661353 21.54 305.726176  -2.396241 24.853
 37     5.175 53500.56661417 22.67 305.725446  -2.399551 24.853
 37     6.296 53500.56661482 21.66 305.724716  -2.402851 24.853
 37     6.769 53500.56661546 26.89 305.723996  -2.406161 24.853
 37     7.347 53500.56661610 27.38 305.723266  -2.409461 24.853
 37     7.855 53500.56661675 27.49 305.722536  -2.412771 24.853
 37     8.039 53500.56661739 31.65 305.721806  -2.416071 24.853
 37     8.202 53500.56661804 33.13 305.721086  -2.419381 24.853
 38     7.542 53535.56659918 30.60 305.737211  -2.382781 21.866
 38     7.243 53535.56659983 25.31 305.736481  -2.386081 21.866
 38     6.674 53535.56660047 20.41 305.735751  -2.389391 21.866
 38     6.614 53535.56660112 18.03 305.735031  -2.392691 21.866
 38     5.590 53535.56660176 20.78 305.734301  -2.396001 21.866
 38     4.860 53535.56660241 20.57 305.733571  -2.399301 21.866
 38     5.795 53535.56660305 18.86 305.732851  -2.402611 21.866
 38     6.323 53535.56660370 21.80 305.732121  -2.405911 21.866
 38     6.673 53535.56660434 24.56 305.731391  -2.409221 21.866
 38     7.204 53535.56660499 25.48 305.730661  -2.412521 21.866
 38     7.646 53535.56660563 26.71 305.729941  -2.415831 21.866
 38     7.757 53535.56660627 26.51 305.729211  -2.419131 21.866
 38     7.615 53535.56660692 27.78 305.728481  -2.422441 21.866
 38     7.614 53535.56660756 30.11 305.727760  -2.425745 30.533
 39     6.684 53570.56660983 27.75 305.730011  -2.383508 22.015
 39     6.210 53570.56661047 23.97 305.729291  -2.386818 22.015
 39     5.724 53570.56661112 18.90 305.728561  -2.390118 22.015
 39     5.610 53570.56661176 16.88 305.727831  -2.393428 22.015
 39     4.873 53570.56661240 17.12 305.727111  -2.396728 22.015
 39     4.246 53570.56661305 17.53 305.726381  -2.400038 22.015
 39     5.463 53570.56661369 16.56 305.725651  -2.403338 22.015
 39     6.286 53570.56661434 17.32 305.724931  -2.406648 22.015
 39     6.498 53570.56661498 18.40 305.724201  -2.409948 22.015
 39     6.878 53570.56661563 22.38 305.723471  -2.413258 22.015
 39     7.066 53570.56661627 25.89 305.722741  -2.416558 22.015
 39     7.172 53570.56661692 35.88 305.722021  -2.419868 22.015
 40     5.530 53605.56655642 19.86 305.737015  -2.380663 17.214
 40     5.365 53605.56655707 16.94 305.736285  -2.383963 17.214
 40     5.253 53605.56655771 14.95 305.735565  -2.387273 17.214
 40     5.015 53605.56655836 15.24 305.734835  -2.390573 17.214
 40     4.975 53605.56655900 14.95 305.734105  -2.393883 17.214
 40     4.766 53605.56655965 15.29 305.733385  -2.397183 17.214
 40     4.435 53605.56656029 15.79 305.732655  -2.400493 17.214
 40     4.997 53605.56656094 15.79 305.731925  -2.403793 17.214
 40     5.311 53605.56656158 15.85 305.731205  -2.407103 17.214
 40     5.680 53605.56656223 17.61 305.730475  -2.410403 17.214
 40     5.692 53605.56656287 23.22 305.729745  -2.413713 17.214
 40     5.748 53605.56656352 23.71 305.729025  -2.417013 17.214
 40     5.567 53605.56656416 27.39 305.728295  -2.420323 17.214
 40     5.532 53605.56656480 27.27 305.727565  -2.423623 17.214
 40     5.620 53605.56656545 31.18 305.726845  -2.426933 17.214
 41     4.941 53640.56655678 24.17 305.732672  -2.383706 19.394
 41     4.761 53640.56655743 11.42 305.731942  -2.387016 19.394
 41     4.058 53640.56655807 10.75 305.731212  -2.390316 19.394
 41     3.250 53640.56655871 11.55 305.730482  -2.393626 19.394
 41     3.152 53640.56655936 11.84 305.729762  -2.396926 19.394
 41     3.378 53640.56656000 12.19 305.729032  -2.400236 19.394
 41     3.345 53640.56656065 11.97 305.728302  -2.403536 19.394
 41     3.354 53640.56656129 13.12 305.727572  -2.406846 19.394
 41     3.524 53640.56656194 14.33 305.726852  -2.410146 19.394
 41     3.501 53640.56656258 19.33 305.726122  -2.413456 19.394
 41     4.098 53640.56656323 21.78 305.725392  -2.416756 19.394
 41     4.381 53640.56656387 25.95 305.724662  -2.420066 19.394
 42     4.691 53675.56657705 11.56 305.729817  -2.385495 16.923
 42     3.802 53675.56657770 11.29 305.729087  -2.388795 16.923
 42     3.119 53675.56657834 11.15 305.728357  -2.392105 16.923
 42     2.598 53675.56657899 10.47 305.727637  -2.395405 16.923
 42     2.378 53675.56657963 11.08 305.726907  -2.398715 16.923
 42     2.468 53675.56658028 11.31 305.726177  -2.402015 16.923
 42     2.594 53675.56658092 10.35 305.725457  -2.405325 16.923
 42     2.498 53675.56658157 12.08 305.724727  -2.408625 16.923
 42     2.635 53675.56658221 12.24 305.723997  -2.411935 16.923
 42     2.961 53675.56658286 15.08 305.723267  -2.415235 16.923
 42     4.065 53675.56658350 17.51 305.722547  -2.418545 16.923
 43     4.208 53710.56650595  9.17 305.740561  -2.381702 10.828
 43     3.897 53710.56650659  8.96 305.739831  -2.385002 10.828
 43     3.751 53710.56650724  9.70 305.739111  -2.388312 10.828
 43     3.688 53710.56650788  9.92 305.738381  -2.391612 10.828
 43     3.718 53710.56650853 10.48 305.737651  -2.394922 10.828
 43     3.580 53710.56650917 11.55 305.736931  -2.398222 10.828
 43     3.663 53710.56650982 11.74 305.736201  -2.401532 10.828
 43     3.603 53710.56651046 12.20 305.735471  -2.404832 10.828
 43     3.704 53710.56651110 12.32 305.734751  -2.408142 10.828
 43     3.611 53710.56651175 14.83 305.734021  -2.411442 10.828
 43     3.857 53710.56651239 17.69 305.733291  -2.414752 10.828
 43     3.604 53710.56651304 24.63 305.732571  -2.418052 10.828
 44     7.117 53745.56641574 16.82 305.738466  -2.382610 18.260
 44     6.641 53745.56641638 13.95 305.737736  -2.385920 18.260
 44     6.069 53745.56641703 14.20 305.737006  -2.389220 18.260
 44     1.500 53745.56641767 18.98 305.736276  -2.392530 18.260
 44     4.774 53745.56641832 16.23 305.735556  -2.395830 18.260
 44     4.047 53745.56641896 16.47 305.734826  -2.399140 18.260
 44     4.236 53745.56641961 19.80 305.734096  -2.402440 18.260
 44     4.797 53745.56642025 19.24 305.733366  -2.405750 18.260
 44     5.036 53745.56642090 24.93 305.732646  -2.409050 18.260
 44     5.347 53745.56642154 24.62 305.731916  -2.412360 18.260
 44     5.496 53745.56642219 28.26 305.731186  -2.415660 18.260
 44     5.375 53745.56642283 26.08 305.730456  -2.418970 18.260
 44     5.213 53745.56642347 27.66 305.729736  -2.422270 18.260
 45     7.240 53780.56644688 22.80 305.740481  -2.381605 16.363
 45     6.769 53780.56644753 21.27 305.739751  -2.384905 16.363
 45     6.510 53780.56644817 21.58 305.739031  -2.388215 16.363
 45     6.301 53780.56644881 22.23 305.738301  -2.391515 16.363
 45     6.220 53780.56644946 22.45 305.737571  -2.394825 16.363
 45     6.344 53780.56645010 23.38 305.736851  -2.398125 16.363
 45     6.185 53780.56645075 25.23 305.736121  -2.401435 16.363
 45     5.500 53780.56645139 27.89 305.735391  -2.404735 16.363
 45     5.984 53780.56645204 28.36 305.734671  -2.408045 16.363
 45     6.258 53780.56645268 29.47 305.733941  -2.411345 16.363
 45     6.418 53780.56645333 32.94 305.733211  -2.414655 16.363
 45     6.485 53780.56645397 35.70 305.732481  -2.417955 16.363
 46     7.613 53815.56641650 27.74 305.739119  -2.382930 21.781
 46     7.322 53815.56641715 22.26 305.738389  -2.386230 21.781
 46     6.892 53815.56641779 20.63 305.737659  -2.389540 21.781
 46     6.728 53815.56641844 19.24 305.736939  -2.392840 21.781
 46     5.609 53815.56641908 22.53 305.736209  -2.396150 21.781
 46     5.100 53815.56641973 22.69 305.735479  -2.399450 21.781
 46     5.914 53815.56642037 24.94 305.734759  -2.402760 21.781
 46     6.464 53815.56642102 25.54 305.734029  -2.406060 21.781
 46     7.041 53815.56642166 25.29 305.733299  -2.409370 21.781
 46     7.499 53815.56642231 27.28 305.732579  -2.412670 21.781
 46     7.745 53815.56642295 26.85 305.731849  -2.415980 21.781
 46     7.825 53815.56642360 29.42 305.731119  -2.419280 21.781
 46     7.714 53815.56642424 32.41 305.730399  -2.422590 21.781
 47     8.130 53850.56648274 19.29 305.731487  -2.384064 23.622
 47     7.926 53850.56648339 16.14 305.730757  -2.387374 23.622
 47     7.469 53850.56648403 16.21 305.730027  -2.390674 23.622
 47     6.765 53850.56648468 16.06 305.729307  -2.393984 23.622
 47     6.303 53850.56648532 15.22 305.728577  -2.397284 23.622
 47     5.875 53850.56648597 14.69 305.727847  -2.400594 23.622
 47     6.724 53850.56648661 14.33 305.727127  -2.403894 23.622
 47     7.745 53850.56648726 15.07 305.726397  -2.407204 23.622
 47     8.135 53850.56648790 15.21 305.725667  -2.410504 23.622
 47     8.332 53850.56648855 23.60 305.724937  -2.413814 23.622
 47     8.487 53850.56648919 35.05 305.724217  -2.417114 23.622
 47     8.659 53850.56648984 42.90 305.723487  -2.420424 23.622
 48     8.725 53885.56649177 38.17 305.744179  -2.379813 25.571
 48     8.564 53885.56649241 34.05 305.743449  -2.383123 25.571
 48     8.380 53885.56649306 28.19 305.742719  -2.386423 25.571
 48     8.066 53885.56649370 25.67 305.741999  -2.389733 25.571
 48     8.008 53885.56649435 25.92 305.741269  -2.393033 25.571
 48     8.071 53885.56649499 27.09 305.740539  -2.396343 25.571
 48     8.092 53885.56649564 29.19 305.739819  -2.399643 25.571
 48     8.410 53885.56649628 29.22 305.739089  -2.402953 25.571
 48     8.248 53885.56649693 31.82 305.738359  -2.406253 25.571
 48     8.256 53885.56649757 37.95 305.737639  -2.409563 25.571
 48     8.570 53885.56649822 39.27 305.736909  -2.412863 25.571
 48     8.734 53885.56649886 44.12 305.736179  -2.416173 25.571
 49     7.871 53920.56656195 32.74 305.726257  -2.385830 33.563
 49     7.449 53920.56656259 26.12 305.725527  -2.389140 33.563
 49     7.194 53920.56656324 22.48 305.724797  -2.392440 33.563
 49     6.780 53920.56656388 22.34 305.724077  -2.395750 33.563
 49     6.143 53920.56656453 23.63 305.723347  -2.399050 33.563
 49     6.911 53920.56656517 24.03 305.722617  -2.402360 33.563
 49     7.151 53920.56656582 30.19 305.721897  -2.405660 33.563
 49     7.667 53920.56656646 36.22 305.721167  -2.408970 33.563
 49     8.007 53920.56656711 41.56 305.720437  -2.412270 33.563
 49     8.055 53920.56656775 47.13 305.719707  -2.415580 33.563
 49     8.172 53920.56656840 44.37 305.718987  -2.418880 33.563
 50     6.437 53955.56656032 28.97 305.726773  -2.384798 24.001
 50     6.328 53955.56656096 21.56 305.726043  -2.388098 24.001
 50     5.892 53955.56656161 18.13 305.725313  -2.391408 24.001
 50     5.581 53955.56656225 16.33 305.724583  -2.394708 24.001
 50     6.064 53955.56656290 15.65 305.723863  -2.398018 24.001
 50     6.158 53955.56656354 15.85 305.723133  -2.401318 24.001
 50     5.933 53955.56656419 18.21 305.722403  -2.404628 24.001
 50     6.352 53955.56656483 21.56 305.721683  -2.407928 24.001
 50     6.835 53955.56656548 24.29 305.720953  -2.411238 24.001
 50     7.041 53955.56656612 29.66 305.720223  -2.414538 24.001
 50     7.157 53955.56656677 37.69 305.719503  -2.417848 24.001
 50     7.319 53955.56656741 39.85 305.718773  -2.421148 24.001
 51     4.718 53990.56647763 16.21 305.740961  -2.381310 15.360
 51     5.081 53990.56647827 15.42 305.740231  -2.384610 15.360
 51     4.641 53990.56647892 16.61 305.739511  -2.387920 15.360
 51     4.351 53990.56647956 17.04 305.738781  -2.391230 15.360
 51     4.786 53990.56648021 14.64 305.738051  -2.394530 15.360
 51     4.604 53990.56648085 15.45 305.737331  -2.397840 15.360
 51     4.646 53990.56648150 15.10 305.736601  -2.401140 15.360
 51     4.802 53990.56648214 16.10 305.735871  -2.404450 15.360
 51     5.130 53990.56648279 18.69 305.735151  -2.407750 15.360
 51     5.224 53990.56648343 21.37 305.734421  -2.411060 15.360
 51     5.317 53990.56648407 22.12 305.733691  -2.414360 15.360
 51     5.340 53990.56648472 25.70 305.732971  -2.417670 15.360
 52     4.761 54025.56654384 11.49 305.736397  -2.383769 13.536
 52     3.685 54025.56654448 11.11 305.735667  -2.387069 13.536
 52     3.542 54025.56654513 10.99 305.734937  -2.390379 13.536
 52     3.430 54025.56654577 11.45 305.734217  -2.393679 13.536
 52     3.371 54025.56654642 11.56 305.733487  -2.396989 13.536
 52     3.450 54025.56654706 11.79 305.732757  -2.400289 13.536
 52     3.471 54025.56654771 11.93 305.732027  -2.403599 13.536
 52     3.506 54025.56654835 12.99 305.731307  -2.406899 13.536
 52     3.495 54025.56654899 14.80 305.730577  -2.410209 13.536
 52     3.566 54025.56654964 17.20 305.729847  -2.413509 13.536
 52     5.013 54025.56655028 19.57 305.729127  -2.416819 13.536
 52     4.994 54025.56655093 27.20 305.728397  -2.420119 13.536
 52     4.758 54025.56655157 24.39 305.727667  -2.423429 13.536
 52     4.242 54025.56655222 26.50 305.726937  -2.426729 13.536
 53     7.185 54060.56653681 10.04 305.741974  -2.381844 11.381
 53     3.802 54060.56653745  9.59 305.741254  -2.385154 11.381
 53     3.530 54060.56653810  9.36 305.740524  -2.388454 11.381
 53     3.290 54060.56653874  9.92 305.739794  -2.391764 11.381
 53     3.296 54060.56653939 10.54 305.739064  -2.395064 11.381
 53     3.278 54060.56654003 10.58 305.738344  -2.398374 11.381
 53     3.242 54060.56654068 11.43 305.737614  -2.401674 11.381
 53     3.208 54060.56654132 11.61 305.736884  -2.404984 11.381
 53     3.294 54060.56654197 12.60 305.736164  -2.408284 11.381
 53     3.505 54060.56654261 13.45 305.735434  -2.411594 11.381
 53     3.737 54060.56654326 16.19 305.734704  -2.414894 11.381
 53     4.147 54060.56654390 16.91 305.733984  -2.418204 11.381
 54     4.790 54095.56651131 21.46 305.735935  -2.381840 19.450
 54     4.828 54095.56651196 12.14 305.735205  -2.385150 19.450
 54     4.712 54095.56651260 11.27 305.734475  -2.388460 19.450
 54     4.592 54095.56651325 10.96 305.733755  -2.391760 19.450
 54     4.603 54095.56651389 11.36 305.733025  -2.395070 19.450
 54     4.498 54095.56651454 11.89 305.732295  -2.398370 19.450
 54     4.509 54095.56651518 12.71 305.731575  -2.401680 19.450
 54     4.520 54095.56651583 13.74 305.730845  -2.404980 19.450
 54     4.595 54095.56651647 16.07 305.730115  -2.408290 19.450
 54     4.943 54095.56651712 21.08 305.729395  -2.411590 19.450
 54     4.950 54095.56651776 33.10 305.728665  -2.414900 19.450
 54     4.931 54095.56651840 29.69 305.727935  -2.418200 19.450
 54     4.916 54095.56651905 25.05 305.727215  -2.421510 19.450
 54     4.609 54095.56651969 24.22 305.726485  -2.424810 19.450
 55     5.462 54130.56645686 18.45 305.736823  -2.382407 18.728
 55     5.206 54130.56645751 16.47 305.736093  -2.385707 18.728
 55     5.267 54130.56645815 16.25 305.735363  -2.389017 18.728
 55     4.932 54130.56645879 16.18 305.734643  -2.392317 18.728
 55     4.723 54130.56645944 16.75 305.733913  -2.395627 18.728
 55     3.952 54130.56646008 16.70 305.733183  -2.398927 18.728
 55     4.912 54130.56646073 16.61 305.732453  -2.402237 18.728
 55     5.318 54130.56646137 17.08 305.731733  -2.405537 18.728
 55     5.608 54130.56646202 18.25 305.731003  -2.408847 18.728
 55     5.802 54130.56646266 21.05 305.730273  -2.412147 18.728
 55     6.037 54130.56646331 24.30 305.729543  -2.415457 18.728
 55     6.110 54130.56646395 35.25 305.728823  -2.418757 18.728
 55     6.100 54130.56646460 35.32 305.728093  -2.422067 18.728
 55     5.792 54130.56646524 30.58 305.727363  -2.425367 18.728
 56     6.716 54165.56648336 23.89 305.734572  -2.382316 19.498
 56     5.870 54165.56648400 22.23 305.733852  -2.385626 19.498
 56     5.911 54165.56648465 18.25 305.733122  -2.388926 19.498
 56     5.495 54165.56648529 17.51 305.732392  -2.392236 19.498
 56     4.405 54165.56648594 18.66 305.731662  -2.395536 19.498
 56     4.081 54165.56648658 18.53 305.730942  -2.398846 19.498
 56     4.875 54165.56648722 19.36 305.730212  -2.402146 19.498
 56     5.670 54165.56648787 21.35 305.729492  -2.405456 19.498
 56     6.252 54165.56648851 21.79 305.728764  -2.408760 32.766
 56     6.415 54165.56648916 22.44 305.728034  -2.412070 32.766
 56     6.963 54165.56648980 27.41 305.727304  -2.415370 32.766
 56     6.879 54165.56649045 40.59 305.726574  -2.418680 32.766
 56     7.143 54165.56649109 37.68 305.725854  -2.421980 32.766
 56     6.875 54165.56649174 33.14 305.725124  -2.425290 32.766
 57     7.433 54200.56645993 30.93 305.735706  -2.382544 17.236
 57     7.195 54200.56646057 25.42 305.734976  -2.385844 17.236
 57     7.158 54200.56646122 25.63 305.734246  -2.389154 17.236
 57     7.177 54200.56646186 25.28 305.733516  -2.392464 17.236
 57     7.217 54200.56646251 24.99 305.732786  -2.395764 17.236
 57     7.267 54200.56646315 24.58 305.732066  -2.399064 17.236
 57     7.198 54200.56646380 24.91 305.731336  -2.402374 17.236
 57     7.011 54200.56646444 24.58 305.730610  -2.405679 31.824
 57     6.879 54200.56646509 25.65 305.729880  -2.408989 31.824
 57     7.096 54200.56646573 25.24 305.729150  -2.412289 31.824
 57     7.238 54200.56646638 30.32 305.728430  -2.415599 31.824
 57     7.294 54200.56646702 43.32 305.727700  -2.418899 31.824
 57     7.411 54200.56646766 43.31 305.726970  -2.422209 31.824
 57     7.399 54200.56646831 37.12 305.726240  -2.425509 31.824
 58     7.758 54235.56649681 31.29 305.737664  -2.381224 18.233
 58     7.655 54235.56649745 23.38 305.736934  -2.384534 18.233
 58     7.329 54235.56649810 20.69 305.736204  -2.387834 18.233
 58     6.799 54235.56649874 20.06 305.735484  -2.391144 18.233
 58     6.128 54235.56649939 20.05 305.734754  -2.394444 18.233
 58     4.517 54235.56650003 22.19 305.734024  -2.397754 18.233
 58     5.434 54235.56650068 21.49 305.733294  -2.401054 18.233
 58     5.881 54235.56650132 24.69 305.732574  -2.404364 18.233
 58     6.469 54235.56650197 25.52 305.731844  -2.407664 18.233
 58     6.996 54235.56650261 25.58 305.731114  -2.410974 18.233
 58     7.353 54235.56650326 26.37 305.730390  -2.414279 36.148
 58     7.593 54235.56650390 26.29 305.729660  -2.417589 36.148
 58     7.721 54235.56650455 28.87 305.728930  -2.420889 36.148
 58     7.777 54235.56650519 33.56 305.728210  -2.424199 36.148
 59     7.831 54270.56651781 29.33 305.737186  -2.381693 19.117
 59     7.618 54270.56651845 26.50 305.736466  -2.384993 19.117
 59     7.507 54270.56651910 19.90 305.735736  -2.388303 19.117
 59     7.008 54270.56651974 19.14 305.735006  -2.391603 19.117
 59     6.262 54270.56652039 20.20 305.734286  -2.394913 19.117
 59     5.643 54270.56652103 20.04 305.733556  -2.398213 19.117
 59     5.864 54270.56652168 21.34 305.732826  -2.401523 19.117
 59     6.479 54270.56652232 22.41 305.732096  -2.404823 19.117
 59     6.974 54270.56652297 23.46 305.731376  -2.408133 19.117
 59     7.465 54270.56652361 23.87 305.730646  -2.411433 19.117
 59     7.729 54270.56652425 26.60 305.729916  -2.414743 19.117
 59     7.915 54270.56652490 25.97 305.729195  -2.418046 36.187
 59     7.937 54270.56652554 28.62 305.728465  -2.421356 36.187
 59     8.022 54270.56652619 31.03 305.727735  -2.424656 36.187
 60     7.223 54305.56652108 21.31 305.736573  -2.383544 19.801
 60     6.856 54305.56652172 19.74 305.735853  -2.386854 19.801
 60     6.475 54305.56652237 18.30 305.735123  -2.390154 19.801
 60     6.564 54305.56652301 17.11 305.734393  -2.393464 19.801
 60     5.761 54305.56652366 18.31 305.733663  -2.396764 19.801
 60     6.508 54305.56652430 16.50 305.732943  -2.400074 19.801
 60     6.819 54305.56652494 16.40 305.732213  -2.403374 19.801
 60     6.753 54305.56652559 17.34 305.731483  -2.406684 19.801
 60     7.033 54305.56652623 18.65 305.730760  -2.409988 34.716
 60     7.194 54305.56652688 20.21 305.730030  -2.413298 34.716
 60     7.429 54305.56652752 23.88 305.729300  -2.416598 34.716
 60     7.492 54305.56652817 27.21 305.728580  -2.419908 34.716
 60     7.308 54305.56652881 26.80 305.727850  -2.423208 34.716
 60     7.376 54305.56652946 33.96 305.727120  -2.426518 34.716
 61     6.034 54340.56650332 18.74 305.737053  -2.383663 15.939
 61     5.756 54340.56650396 18.26 305.736323  -2.386963 15.939
 61     5.902 54340.56650461 16.63 305.735603  -2.390273 15.939
 61     5.788 54340.56650525 16.16 305.734873  -2.393573 15.939
 61     5.641 54340.56650590 15.99 305.734143  -2.396883 15.939
 61     5.739 54340.56650654 16.11 305.733413  -2.400183 15.939
 61     5.657 54340.56650719 17.10 305.732693  -2.403493 15.939
 61     5.786 54340.56650783 18.41 305.731963  -2.406793 15.939
 61     6.426 54340.56650848 18.38 305.731233  -2.410103 15.939
 61     6.543 54340.56650912 22.71 305.730515  -2.413408 36.605
 61     6.450 54340.56650977 30.98 305.729785  -2.416718 36.605
 61     6.476 54340.56651041 34.82 305.729055  -2.420018 36.605
 61     6.454 54340.56651105 29.20 305.728335  -2.423328 36.605
 62     4.920 54375.56645529 21.81 305.736395  -2.382481 30.763
 62     4.716 54375.56645593 12.27 305.735675  -2.385791 30.763
 62     4.352 54375.56645658 12.83 305.734945  -2.389091 30.763
 62     4.119 54375.56645722 12.06 305.734215  -2.392401 30.763
 62     4.084 54375.56645787 12.50 305.733491  -2.395705 20.169
 62     3.987 54375.56645851 13.29 305.732761  -2.399015 20.169
 62     4.124 54375.56645916 13.53 305.732031  -2.402315 20.169
 62     4.096 54375.56645980 14.39 305.731311  -2.405625 20.169
 62     4.438 54375.56646044 17.33 305.730581  -2.408925 20.169
 62     4.514 54375.56646109 18.04 305.729851  -2.412235 20.169
 62     4.788 54375.56646173 19.57 305.729121  -2.415535 20.169
 62     5.339 54375.56646238 24.55 305.728401  -2.418845 20.169
 62     5.258 54375.56646302 24.03 305.727671  -2.422145 20.169
 62     4.842 54375.56646367 25.68 305.726941  -2.425455 20.169
 63     4.829 54410.56645020 13.72 305.735248  -2.384074 23.001
 63     4.524 54410.56645085  9.64 305.734518  -2.387384 23.001
 63     3.674 54410.56645149  9.77 305.733788  -2.390684 23.001
 63     3.496 54410.56645214 10.20 305.733068  -2.393994 23.001
 63     3.417 54410.56645278 11.32 305.732338  -2.397294 23.001
 63     3.412 54410.56645343 11.68 305.731608  -2.400604 23.001
 63     3.434 54410.56645407 12.92 305.730878  -2.403904 23.001
 63     3.720 54410.56645472 13.29 305.730158  -2.407214 23.001
 63     4.374 54410.56645536 12.66 305.729428  -2.410514 23.001
 63     4.773 54410.56645600 15.57 305.728698  -2.413824 23.001
 63     5.142 54410.56645665 23.19 305.727977  -2.417129 23.616
 63     5.263 54410.56645729 29.27 305.727247  -2.420439 23.616
 63     4.977 54410.56645794 22.14 305.726517  -2.423739 23.616
 63     4.533 54410.56645858 23.24 305.725797  -2.427049 23.616
 64     4.696 54445.56641854 24.79 305.736619  -2.381369 19.878
 64     6.672 54445.56641918 10.18 305.735899  -2.384669 19.878
 64     5.377 54445.56641983  9.73 305.735169  -2.387979 19.878
 64     4.093 54445.56642047 10.25 305.734439  -2.391279 19.878
 64     3.974 54445.56642112 10.84 305.733709  -2.394589 19.878
 64     4.032 54445.56642176 11.76 305.732989  -2.397889 19.878
 64     3.969 54445.56642241 12.05 305.732259  -2.401199 19.878
 64     3.767 54445.56642305 13.11 305.731529  -2.404499 19.878
 64     3.964 54445.56642369 13.82 305.730809  -2.407809 19.878
 64     4.245 54445.56642434 15.33 305.730079  -2.411109 19.878
 64     4.325 54445.56642498 26.66 305.729349  -2.414419 19.878
 64     4.407 54445.56642563 36.55 305.728621  -2.417723 24.859
 64     4.813 54445.56642627 27.27 305.727891  -2.421033 24.859
 64     3.963 54445.56642692 24.39 305.727171  -2.424333 24.859
 64     3.989 54445.56642756 25.11 305.726441  -2.427643 24.859
 65     6.956 54480.56644093 18.31 305.737370  -2.382125 20.987
 65     7.205 54480.56644158 13.83 305.736640  -2.385435 20.987
 65     5.580 54480.56644222 13.43 305.735910  -2.388735 20.987
 65     5.117 54480.56644287 14.83 305.735190  -2.392045 20.987
 65     5.083 54480.56644351 14.52 305.734460  -2.395345 20.987
 65     5.013 54480.56644415 14.73 305.733730  -2.398655 20.987
 65     5.134 54480.56644480 14.87 305.733010  -2.401955 20.987
 65     5.090 54480.56644544 16.65 305.732280  -2.405265 20.987
 65     5.409 54480.56644609 21.64 305.731550  -2.408565 20.987
 65     5.689 54480.56644673 25.60 305.730830  -2.411875 20.987
 65     5.749 54480.56644738 35.50 305.730100  -2.415175 20.987
 65     5.635 54480.56644802 35.66 305.729370  -2.418485 20.987
 65     5.517 54480.56644867 29.81 305.728640  -2.421785 20.987
 65     5.449 54480.56644931 27.91 305.727920  -2.425095 20.987
 66     7.239 54515.56643286 23.31 305.737444  -2.380909 20.825
 66     6.993 54515.56643350 19.36 305.736714  -2.384219 20.825
 66     6.448 54515.56643415 18.23 305.735984  -2.387519 20.825
 66     6.113 54515.56643479 18.55 305.735254  -2.390829 20.825
 66     5.739 54515.56643544 19.57 305.734534  -2.394129 20.825
 66     5.181 54515.56643608 18.83 305.733804  -2.397439 20.825
 66     5.184 54515.56643673 19.41 305.733074  -2.400739 20.825
 66     6.061 54515.56643737 19.47 305.732344  -2.404049 20.825
 66     6.383 54515.56643802 25.50 305.731624  -2.407349 20.825
 66     6.616 54515.56643866 28.18 305.730894  -2.410659 20.825
 66     6.941 54515.56643931 25.23 305.730164  -2.413959 20.825
 66     6.943 54515.56643995 38.81 305.729434  -2.417269 20.825
 66     7.004 54515.56644060 38.06 305.728714  -2.420569 20.825
 66     6.684 54515.56644124 32.13 305.727984  -2.423879 20.825
 67     7.960 54550.56645406 30.14 305.735748  -2.383967 28.495
 67     7.471 54550.56645470 26.43 305.735018  -2.387277 28.495
 67     6.941 54550.56645535 24.89 305.734288  -2.390577 28.495
 67     6.641 54550.56645599 19.36 305.733568  -2.393887 28.495
 67     5.854 54550.56645664 21.07 305.732838  -2.397187 28.495
 67     6.019 54550.56645728 21.95 305.732108  -2.400497 28.495
 67     6.998 54550.56645792 21.89 305.731388  -2.403797 28.495
 67     7.498 54550.56645857 23.71 305.730658  -2.407107 28.495
 67     7.862 54550.56645921 27.54 305.729928  -2.410407 28.495
 67     7.988 54550.56645986 31.71 305.729208  -2.413717 28.495
 67     8.046 54550.56646050 41.93 305.728478  -2.417017 28.495
 67     8.059 54550.56646115 49.42 305.727748  -2.420327 28.495
 67     7.939 54550.56646179 37.71 305.727018  -2.423627 28.495
 67     7.873 54550.56646244 38.49 305.726298  -2.426937 28.495
 68     8.119 54585.56642825 32.73 305.737028  -2.382191 19.682
 68     8.011 54585.56642889 28.51 305.736298  -2.385491 19.682
 68     7.821 54585.56642954 25.80 305.735578  -2.388801 19.682
 68     7.484 54585.56643018 22.95 305.734848  -2.392101 19.682
 68     6.908 54585.56643083 20.72 305.734118  -2.395411 19.682
 68     6.432 54585.56643147 21.07 305.733398  -2.398711 19.682
 68     7.215 54585.56643212 21.32 305.732668  -2.402021 19.682
 68     7.850 54585.56643276 21.32 305.731938  -2.405321 19.682
 68     7.882 54585.56643340 29.10 305.731218  -2.408631 19.682
 68     8.227 54585.56643405 30.81 305.730488  -2.411931 19.682
 68     8.407 54585.56643469 35.03 305.729758  -2.415241 19.682
 68     8.546 54585.56643534 37.38 305.729028  -2.418541 19.682
 68     8.433 54585.56643598 34.24 305.728308  -2.421851 19.682
 68     8.272 54585.56643663 33.44 305.727578  -2.425151 19.682
 69     8.317 54620.56644787 35.53 305.736315  -2.381176 23.052
 69     8.165 54620.56644851 29.76 305.735585  -2.384476 23.052
 69     8.126 54620.56644916 27.66 305.734865  -2.387786 23.052
 69     7.710 54620.56644980 24.30 305.734135  -2.391086 23.052
 69     7.242 54620.56645044 21.02 305.733405  -2.394396 23.052
 69     6.501 54620.56645109 19.69 305.732685  -2.397696 23.052
 69     6.798 54620.56645173 19.62 305.731955  -2.401006 23.052
 69     7.859 54620.56645238 20.47 305.731225  -2.404306 23.052
 69     8.220 54620.56645302 19.24 305.730505  -2.407616 23.052
 69     8.416 54620.56645367 27.18 305.729775  -2.410916 23.052
 69     8.572 54620.56645431 28.79 305.729045  -2.414226 23.052
 69     8.589 54620.56645496 32.99 305.728315  -2.417526 23.052
 69     8.535 54620.56645560 36.88 305.727595  -2.420836 23.052
 69     8.509 54620.56645625 31.22 305.726865  -2.424136 23.052
 69     8.517 54620.56645689 30.28 305.726135  -2.427446 23.052
 70     7.961 54655.56645875 30.54 305.734348  -2.384110 20.091
 70     7.618 54655.56645940 25.16 305.733618  -2.387410 20.091
 70     7.363 54655.56646004 22.41 305.732898  -2.390720 20.091
 70     6.642 54655.56646069 20.21 305.732168  -2.394020 20.091
 70     6.231 54655.56646133 18.22 305.731438  -2.397330 20.091
 70     6.507 54655.56646198 17.57 305.730718  -2.400630 20.091
 70     7.390 54655.56646262 17.07 305.729988  -2.403940 20.091
 70     7.726 54655.56646326 16.57 305.729258  -2.407240 20.091
 70     7.903 54655.56646391 21.73 305.728538  -2.410550 20.091
 70     8.009 54655.56646455 27.75 305.727808  -2.413850 20.091
 70     8.157 54655.56646520 31.63 305.727078  -2.417160 20.091
 70     8.264 54655.56646584 34.05 305.726348  -2.420460 20.091
 70     8.225 54655.56646649 31.93 305.725628  -2.423770 20.091
 71     6.683 54690.56644403 22.44 305.735896  -2.383194 19.772
 71     6.746 54690.56644468 18.65 305.735166  -2.386504 19.772
 71     6.478 54690.56644532 18.17 305.734436  -2.389804 19.772
 71     5.821 54690.56644597 16.62 305.733716  -2.393114 19.772
 71     5.129 54690.56644661 16.12 305.732986  -2.396414 19.772
 71     6.003 54690.56644726 15.71 305.732256  -2.399724 19.772
 71     6.355 54690.56644790 15.37 305.731537  -2.403029 33.347
 71     6.455 54690.56644855 16.45 305.730807  -2.406339 33.347
 71     6.647 54690.56644919 19.77 305.730077  -2.409639 33.347
 71     7.025 54690.56644984 23.96 305.729357  -2.412949 33.347
 71     7.138 54690.56645048 27.97 305.728627  -2.416249 33.347
 71     7.093 54690.56645113 37.20 305.727897  -2.419559 33.347
 71     7.124 54690.56645177 30.02 305.727167  -2.422859 33.347
 71     7.072 54690.56645242 28.00 305.726447  -2.426169 33.347
 72     5.410 54725.56640899 18.13 305.737150  -2.382500 15.435
 72     5.202 54725.56640963 15.37 305.736430  -2.385810 15.435
 72     5.056 54725.56641028 14.10 305.735700  -2.389110 15.435
 72     4.933 54725.56641092 13.59 305.734970  -2.392420 15.435
 72     4.901 54725.56641157 14.03 305.734250  -2.395720 15.435
 72     4.733 54725.56641221 14.29 305.733520  -2.399030 15.435
 72     4.981 54725.56641286 14.32 305.732790  -2.402330 15.435
 72     4.873 54725.56641350 15.08 305.732060  -2.405640 15.435
 72     5.230 54725.56641414 15.89 305.731340  -2.408940 15.435
 72     5.424 54725.56641479 20.35 305.730610  -2.412250 15.435
 72     5.490 54725.56641543 24.49 305.729880  -2.415550 15.435
 72     5.660 54725.56641608 23.04 305.729160  -2.418860 15.435
 72     5.714 54725.56641672 24.35 305.728430  -2.422160 15.435
 72     5.377 54725.56641737 26.73 305.727700  -2.425470 15.435
 73     4.843 54760.56642138 21.99 305.734954  -2.382966 16.674
 73     4.702 54760.56642202 10.79 305.734224  -2.386276 16.674
 73     4.159 54760.56642267 10.76 305.733494  -2.389576 16.674
 73     3.774 54760.56642331 11.84 305.732774  -2.392886 16.674
 73     3.685 54760.56642395 11.84 305.732044  -2.396186 16.674
 73     3.557 54760.56642460 11.96 305.731314  -2.399496 16.674
 73     3.361 54760.56642524 14.01 305.730594  -2.402796 16.674
 73     3.503 54760.56642589 14.75 305.729864  -2.406106 16.674
 73     3.670 54760.56642653 16.25 305.729134  -2.409406 16.674
 73     3.977 54760.56642718 20.04 305.728414  -2.412716 16.674
 73     5.337 54760.56642782 24.03 305.727684  -2.416016 16.674
 73     5.701 54760.56642847 31.77 305.726954  -2.419326 16.674
 73     5.355 54760.56642911 25.42 305.726224  -2.422626 16.674
 73     4.560 54760.56642976 24.71 305.725504  -2.425936 16.674
 74     4.667 54795.56640257 15.10 305.734855  -2.383500 16.826
 74     4.352 54795.56640322  9.52 305.734125  -2.386800 16.826
 74     3.942 54795.56640386  9.46 305.733395  -2.390110 16.826
 74     3.934 54795.56640451  9.76 305.732675  -2.393410 16.826
 74     3.892 54795.56640515  9.68 305.731945  -2.396720 16.826
 74     3.951 54795.56640580 10.57 305.731215  -2.400020 16.826
 74     3.750 54795.56640644 11.28 305.730485  -2.403330 16.826
 74     3.914 54795.56640708 12.17 305.729765  -2.406630 16.826
 74     4.129 54795.56640773 13.48 305.729035  -2.409940 16.826
 74     4.330 54795.56640837 17.10 305.728305  -2.413240 16.826
 74     4.510 54795.56640902 26.33 305.727575  -2.416550 16.826
 74     5.236 54795.56640966 33.08 305.726855  -2.419850 16.826
 74     4.996 54795.56641031 23.24 305.726125  -2.423160 16.826
 74     4.290 54795.56641095 19.00 305.725396  -2.426465 20.062
 75     5.009 54830.56642087 15.64 305.735815  -2.383057 19.229
 75     5.937 54830.56642152 11.97 305.735085  -2.386367 19.229
 75     5.391 54830.56642216 12.08 305.734355  -2.389667 19.229
 75     5.138 54830.56642281 12.64 305.733635  -2.392977 19.229
 75     4.939 54830.56642345 12.53 305.732905  -2.396277 19.229
 75     4.802 54830.56642409 13.05 305.732175  -2.399587 19.229
 75     4.672 54830.56642474 14.53 305.731455  -2.402887 19.229
 75     4.808 54830.56642538 16.07 305.730725  -2.406197 19.229
 75     4.991 54830.56642603 17.26 305.729995  -2.409497 19.229
 75     5.241 54830.56642667 19.75 305.729275  -2.412807 19.229
 75     5.451 54830.56642732 33.73 305.728545  -2.416107 19.229
 75     5.288 54830.56642796 35.95 305.727815  -2.419417 19.229
 75     5.110 54830.56642861 27.47 305.727085  -2.422717 19.229
 75     5.061 54830.56642925 24.85 305.726365  -2.426027 19.229
 76     6.572 54865.56639734 24.83 305.736939  -2.381175 21.013
 76     5.916 54865.56639799 21.08 305.736209  -2.384475 21.013
 76     5.986 54865.56639863 17.34 305.735479  -2.387785 21.013
 76     5.919 54865.56639928 16.46 305.734759  -2.391085 21.013
 76     5.345 54865.56639992 16.76 305.734029  -2.394395 21.013
 76     4.565 54865.56640056 17.49 305.733299  -2.397695 21.013
 76     5.381 54865.56640121 17.30 305.732569  -2.401005 21.013
 76     5.873 54865.56640185 18.12 305.731849  -2.404305 21.013
 76     6.325 54865.56640250 20.09 305.731119  -2.407615 21.013
 76     6.568 54865.56640314 22.20 305.730389  -2.410915 21.013
 76     6.788 54865.56640379 24.30 305.729659  -2.414225 21.013
 76     6.808 54865.56640443 38.78 305.728939  -2.417525 21.013
 76     6.887 54865.56640508 40.07 305.728209  -2.420835 21.013
 76     6.501 54865.56640572 31.54 305.727481  -2.424137 34.641
 77     7.971 54900.56642000 38.42 305.734488  -2.381411 23.576
 77     7.740 54900.56642064 28.01 305.733758  -2.384721 23.576
 77     7.342 54900.56642129 23.54 305.733028  -2.388021 23.576
 77     6.989 54900.56642193 21.48 305.732308  -2.391331 23.576
 77     6.271 54900.56642258 19.79 305.731578  -2.394631 23.576
 77     5.716 54900.56642322 21.76 305.730848  -2.397941 23.576
 77     6.504 54900.56642387 22.02 305.730128  -2.401241 23.576
 77     7.144 54900.56642451 22.74 305.729398  -2.404551 23.576
 77     7.382 54900.56642515 25.84 305.728668  -2.407851 23.576
 77     7.804 54900.56642580 29.85 305.727948  -2.411161 23.576
 77     8.024 54900.56642644 32.07 305.727218  -2.414461 23.576
 77     7.977 54900.56642709 42.54 305.726488  -2.417771 23.576
 77     8.085 54900.56642773 37.82 305.725758  -2.421071 23.576
 77     7.916 54900.56642838 36.91 305.725038  -2.424381 23.576
 78     8.408 54935.56638836 35.34 305.736381  -2.383146 21.976
 78     8.275 54935.56638901 29.91 305.735651  -2.386456 21.976
 78     8.067 54935.56638965 27.63 305.734921  -2.389756 21.976
 78     7.481 54935.56639030 24.61 305.734201  -2.393066 21.976
 78     6.886 54935.56639094 22.53 305.733471  -2.396366 21.976
 78     6.265 54935.56639159 24.83 305.732741  -2.399676 21.976
 78     7.572 54935.56639223 23.04 305.732021  -2.402976 21.976
 78     8.121 54935.56639287 26.03 305.731291  -2.406286 21.976
 78     8.312 54935.56639352 27.05 305.730561  -2.409586 21.976
 78     8.526 54935.56639416 30.20 305.729831  -2.412896 21.976
 78     8.666 54935.56639481 30.89 305.729111  -2.416196 21.976
 78     8.737 54935.56639545 34.68 305.728381  -2.419506 21.976
 78     8.700 54935.56639610 31.89 305.727651  -2.422806 21.976
 78     8.491 54935.56639674 31.18 305.726931  -2.426116 21.976
 79     8.923 54970.56642132 35.49 305.736768  -2.382306 19.708
 79     8.733 54970.56642196 31.97 305.736038  -2.385606 19.708
 79     8.486 54970.56642261 31.15 305.735308  -2.388916 19.708
 79     8.056 54970.56642325 24.46 305.734578  -2.392216 19.708
 79     7.547 54970.56642390 20.28 305.733858  -2.395526 19.708
 79     7.025 54970.56642454 20.11 305.733128  -2.398826 19.708
 79     7.563 54970.56642519 20.50 305.732398  -2.402136 19.708
 79     8.409 54970.56642583 21.06 305.731678  -2.405436 19.708
 79     8.871 54970.56642647 20.80 305.730948  -2.408746 19.708
 79     9.004 54970.56642712 24.56 305.730218  -2.412046 19.708
 79     9.122 54970.56642776 32.88 305.729498  -2.415356 19.708
 79     9.235 54970.56642841 32.34 305.728768  -2.418656 19.708
 79     9.095 54970.56642905 33.03 305.728038  -2.421966 19.708
 79     9.002 54970.56642970 25.76 305.727308  -2.425266 19.708
 80     8.910 55005.56644126 38.94 305.733898  -2.381594 17.165
 80     8.670 55005.56644190 36.13 305.733168  -2.384904 17.165
 80     8.530 55005.56644255 31.06 305.732438  -2.388204 17.165
 80     8.034 55005.56644319 27.10 305.731718  -2.391514 17.165
 80     7.558 55005.56644383 22.20 305.730988  -2.394814 17.165
 80     6.964 55005.56644448 20.74 305.730258  -2.398124 17.165
 80     6.623 55005.56644512 20.08 305.729528  -2.401424 17.165
 80     7.626 55005.56644577 20.37 305.728808  -2.404734 17.165
 80     8.351 55005.56644641 19.46 305.728078  -2.408034 17.165
 80     8.705 55005.56644706 21.08 305.727348  -2.411344 17.165
 80     8.995 55005.56644770 26.35 305.726628  -2.414644 17.165
 80     9.167 55005.56644835 27.09 305.725898  -2.417954 17.165
 80     9.053 55005.56644899 27.70 305.725168  -2.421254 17.165
 81     8.131 55040.56642881 32.68 305.737020  -2.383283 19.980
 81     7.958 55040.56642945 26.10 305.736290  -2.386593 19.980
 81     7.563 55040.56643010 24.30 305.735560  -2.389893 19.980
 81     7.234 55040.56643074 19.48 305.734840  -2.393203 19.980
 81     6.661 55040.56643139 19.00 305.734110  -2.396503 19.980
 81     6.290 55040.56643203 18.00 305.733380  -2.399813 19.980
 81     7.578 55040.56643268 17.21 305.732660  -2.403113 19.980
 81     8.026 55040.56643332 16.34 305.731930  -2.406423 19.980
 81     8.221 55040.56643397 19.28 305.731200  -2.409723 19.980
 81     8.376 55040.56643461 27.99 305.730480  -2.413033 19.980
 81     8.496 55040.56643526 31.21 305.729750  -2.416333 19.980
 81     8.662 55040.56643590 31.85 305.729020  -2.419643 19.980
 81     8.519 55040.56643654 27.85 305.728290  -2.422943 19.980
 82     6.917 55075.56641120 21.40 305.735768  -2.383778 14.264
 82     6.560 55075.56641184 18.79 305.735038  -2.387088 14.264
 82     6.466 55075.56641249 16.71 305.734318  -2.390388 14.264
 82     6.261 55075.56641313 16.38 305.733588  -2.393698 14.264
 82     5.684 55075.56641378 16.66 305.732858  -2.396998 14.264
 82     5.853 55075.56641442 15.01 305.732138  -2.400308 14.264
 82     6.464 55075.56641507 14.69 305.731408  -2.403608 14.264
 82     6.596 55075.56641571 16.03 305.730678  -2.406918 14.264
 82     6.990 55075.56641636 18.40 305.729958  -2.410218 14.264
 82     7.178 55075.56641700 23.33 305.729228  -2.413528 14.264
 82     7.268 55075.56641765 29.72 305.728498  -2.416828 14.264
 82     7.256 55075.56641829 34.58 305.727778  -2.420138 14.264
 82     7.210 55075.56641893 29.66 305.727048  -2.423438 14.264
 82     7.210 55075.56641958 25.53 305.726318  -2.426748 14.264
 83     5.210 55110.56636182 22.36 305.736198  -2.382143 16.749
 83     5.071 55110.56636246 14.45 305.735478  -2.385443 16.749
 83     4.740 55110.56636311 13.10 305.734748  -2.388753 16.749
 83     4.762 55110.56636375 12.43 305.734018  -2.392053 16.749
 83     4.676 55110.56636440 12.74 305.733288  -2.395363 16.749
 83     4.429 55110.56636504 13.63 305.732568  -2.398663 16.749
 83     4.345 55110.56636569 15.04 305.731838  -2.401973 16.749
 83     4.487 55110.56636633 15.58 305.731108  -2.405273 16.749
 83     4.565 55110.56636698 15.77 305.730388  -2.408583 16.749
 83     4.893 55110.56636762 16.99 305.729658  -2.411883 16.749
 83     5.467 55110.56636826 20.00 305.728928  -2.415193 16.749
 83     5.902 55110.56636891 34.41 305.728198  -2.418493 16.749
 83     6.126 55110.56636955 36.97 305.727478  -2.421803 16.749
 83     5.133 55110.56637020 27.72 305.726748  -2.425103 16.749
 84     5.008 55145.56636447 19.58 305.734430  -2.382583 12.444
 84     4.461 55145.56636512 10.51 305.733700  -2.385893 12.444
 84     3.495 55145.56636576 10.25 305.732970  -2.389193 12.444
 84     3.315 55145.56636641 10.66 305.732250  -2.392503 12.444
 84     3.384 55145.56636705 10.99 305.731520  -2.395803 12.444
 84     3.373 55145.56636770 11.03 305.730790  -2.399113 12.444
 84     3.329 55145.56636834 11.42 305.730070  -2.402413 12.444
 84     3.312 55145.56636899 13.03 305.729340  -2.405723 12.444
 84     3.355 55145.56636963 12.72 305.728610  -2.409023 12.444
 84     4.799 55145.56637028 13.67 305.727880  -2.412333 12.444
 84     5.530 55145.56637092 18.01 305.727160  -2.415633 12.444
 84     5.505 55145.56637157 25.95 305.726430  -2.418943 12.444
 84     4.489 55145.56637221 22.02 305.725700  -2.422243 12.444
 85     4.874 55180.56633823 10.54 305.736412  -2.382936 10.484
 85     4.355 55180.56633888  9.22 305.735682  -2.386236 10.484
 85     3.453 55180.56633952  9.12 305.734952  -2.389546 10.484
 85     3.430 55180.56634017  9.13 305.734232  -2.392846 10.484
 85     3.424 55180.56634081  9.62 305.733502  -2.396156 10.484
 85     3.364 55180.56634145 10.06 305.732772  -2.399456 10.484
 85     3.358 55180.56634210 10.61 305.732042  -2.402766 10.484
 85     3.354 55180.56634274 11.31 305.731322  -2.406066 10.484
 85     3.390 55180.56634339 11.56 305.730592  -2.409376 10.484
 85     3.271 55180.56634403 12.86 305.729862  -2.412676 10.484
 85     4.799 55180.56634468 11.94 305.729132  -2.415986 10.484
 85     5.221 55180.56634532 14.51 305.728412  -2.419286 10.484
 85     5.116 55180.56634597 18.00 305.727682  -2.422596 10.484
 85     3.978 55180.56634661 16.69 305.726953  -2.425899 15.790
 86     5.229 55215.56635943 14.95 305.735437  -2.383867 26.395
 86     4.913 55215.56636008 14.17 305.734717  -2.387171 25.641
 86     4.888 55215.56636072 14.55 305.733987  -2.390481 25.641
 86     4.872 55215.56636137 13.45 305.733257  -2.393781 25.641
 86     4.907 55215.56636201 13.76 305.732537  -2.397091 25.641
 86     4.795 55215.56636265 14.72 305.731807  -2.400391 25.641
 86     4.762 55215.56636330 14.76 305.731077  -2.403701 25.641
 86     4.836 55215.56636394 16.95 305.730347  -2.407001 25.641
 86     5.069 55215.56636459 19.15 305.729627  -2.410311 25.641
 86     5.239 55215.56636523 30.51 305.728897  -2.413611 25.641
 86     5.357 55215.56636588 39.48 305.728167  -2.416921 25.641
 86     5.249 55215.56636652 34.80 305.727447  -2.420221 25.641
 86     5.252 55215.56636717 25.08 305.726717  -2.423531 25.641
 86     5.086 55215.56636781 27.55 305.725987  -2.426831 25.641
 87     5.599 55250.56633525 20.22 305.737983  -2.381053 18.745
 87     5.944 55250.56633589 17.73 305.737253  -2.384363 18.745
 87     5.762 55250.56633653 16.52 305.736523  -2.387663 18.745
 87     5.498 55250.56633718 16.24 305.735793  -2.390973 18.745
 87     4.822 55250.56633782 16.81 305.735073  -2.394273 18.745
 87     4.396 55250.56633847 16.72 305.734343  -2.397583 18.745
 87     5.268 55250.56633911 16.96 305.733613  -2.400883 18.745
 87     5.391 55250.56633976 18.37 305.732893  -2.404193 18.745
 87     5.797 55250.56634040 22.90 305.732163  -2.407493 18.745
 87     6.039 55250.56634105 26.25 305.731433  -2.410803 18.745
 87     6.363 55250.56634169 32.53 305.730703  -2.414103 18.745
 87     6.280 55250.56634234 37.48 305.729973  -2.417413 18.745
 87     6.303 55250.56634298 32.79 305.729253  -2.420713 18.745
 87     6.220 55250.56634363 29.86 305.728523  -2.424023 18.745
 88     6.646 55285.56635231 20.48 305.734869  -2.383161 22.491
 88     6.084 55285.56635296 19.83 305.734139  -2.386471 22.491
 88     5.574 55285.56635360 17.36 305.733419  -2.389771 22.491
 88     6.035 55285.56635425 17.01 305.732689  -2.393081 22.491
 88     4.452 55285.56635489 17.34 305.731959  -2.396381 22.491
 88     5.332 55285.56635554 18.20 305.731239  -2.399691 22.491
 88     6.041 55285.56635618 18.51 305.730509  -2.402991 22.491
 88     6.242 55285.56635683 23.22 305.729779  -2.406301 22.491
 88     6.610 55285.56635747 27.05 305.729059  -2.409601 22.491
 88     6.896 55285.56635811 33.21 305.728329  -2.412911 22.491
 88     7.071 55285.56635876 40.65 305.727599  -2.416211 22.491
 88     6.878 55285.56635940 43.89 305.726879  -2.419521 22.491
 88     6.904 55285.56636005 34.91 305.726149  -2.422821 22.491
 88     6.816 55285.56636069 35.96 305.725419  -2.426131 22.491
 89     7.913 55320.56632540 29.77 305.734700  -2.382351 22.073
 89     7.572 55320.56632605 21.74 305.733970  -2.385661 22.073
 89     7.265 55320.56632669 21.44 305.733240  -2.388961 22.073
 89     6.964 55320.56632734 17.31 305.732520  -2.392271 22.073
 89     5.057 55320.56632798 18.95 305.731790  -2.395571 22.073
 89     5.619 55320.56632863 20.62 305.731060  -2.398881 22.073
 89     6.189 55320.56632927 20.62 305.730340  -2.402181 22.073
 89     6.977 55320.56632991 20.59 305.729610  -2.405491 22.073
 89     7.561 55320.56633056 24.33 305.728880  -2.408791 22.073
 89     7.829 55320.56633120 24.58 305.728150  -2.412101 22.073
 89     8.032 55320.56633185 28.24 305.727430  -2.415401 22.073
 89     7.929 55320.56633249 41.47 305.726700  -2.418711 22.073
 89     7.927 55320.56633314 38.22 305.725970  -2.422011 22.073
 89     7.993 55320.56633378 38.96 305.725250  -2.425321 22.073
 90     7.914 55355.56632649 34.53 305.735547  -2.381664 22.726
 90     7.448 55355.56632714 26.21 305.734817  -2.384974 22.726
 90     6.668 55355.56632778 25.04 305.734087  -2.388274 22.726
 90     6.615 55355.56632842 19.33 305.733367  -2.391584 22.726
 90     5.975 55355.56632907 19.16 305.732637  -2.394884 22.726
 90     5.452 55355.56632971 19.72 305.731907  -2.398194 22.726
 90     6.499 55355.56633036 19.79 305.731187  -2.401494 22.726
 90     7.096 55355.56633100 20.75 305.730457  -2.404804 22.726
 90     7.443 55355.56633165 26.00 305.729727  -2.408104 22.726
 90     7.790 55355.56633229 28.45 305.729007  -2.411414 22.726
 90     7.969 55355.56633294 31.44 305.728277  -2.414714 22.726
 90     8.106 55355.56633358 41.09 305.727547  -2.418024 22.726
 90     8.120 55355.56633423 44.81 305.726817  -2.421324 22.726
 90     7.914 55355.56633487 35.20 305.726097  -2.424634 22.726
 91     6.930 55390.56632675 24.44 305.734859  -2.383843 22.100
 91     6.591 55390.56632740 19.32 305.734139  -2.387153 22.100
 91     6.195 55390.56632804 18.38 305.733409  -2.390453 22.100
 91     6.558 55390.56632869 17.18 305.732679  -2.393763 22.100
 91     6.466 55390.56632933 17.40 305.731959  -2.397063 22.100
 91     6.518 55390.56632998 16.74 305.731229  -2.400373 22.100
 91     6.619 55390.56633062 17.93 305.730499  -2.403673 22.100
 91     6.979 55390.56633127 20.40 305.729769  -2.406983 22.100
 91     7.251 55390.56633191 23.82 305.729049  -2.410283 22.100
 91     7.435 55390.56633256 34.90 305.728319  -2.413593 22.100
 91     7.455 55390.56633320 42.88 305.727589  -2.416893 22.100
 91     7.553 55390.56633385 41.30 305.726869  -2.420203 22.100
 91     7.274 55390.56633449 30.68 305.726139  -2.423503 22.100
 92     6.274 55425.56634321 18.64 305.736717  -2.383597 16.703
 92     5.974 55425.56634385 16.72 305.735987  -2.386897 16.703
 92     5.950 55425.56634450 15.94 305.735257  -2.390207 16.703
 92     5.922 55425.56634514 14.81 305.734527  -2.393507 16.703
 92     5.730 55425.56634579 15.01 305.733807  -2.396817 16.703
 92     5.697 55425.56634643 15.09 305.733077  -2.400117 16.703
 92     5.698 55425.56634708 15.29 305.732347  -2.403427 16.703
 92     5.887 55425.56634772 15.88 305.731627  -2.406727 16.703
 92     6.277 55425.56634837 17.84 305.730897  -2.410037 16.703
 92     6.423 55425.56634901 24.09 305.730167  -2.413337 16.703
 92     6.494 55425.56634966 28.78 305.729447  -2.416647 16.703
 92     6.607 55425.56635030 35.13 305.728717  -2.419947 16.703
 92     6.275 55425.56635095 28.44 305.727987  -2.423257 16.703
 92     6.289 55425.56635159 28.67 305.727257  -2.426557 16.703
 93     4.874 55460.56631168 17.32 305.737527  -2.382083 11.142
 93     4.403 55460.56631232 12.55 305.736797  -2.385383 11.142
 93     4.048 55460.56631297 12.10 305.736077  -2.388693 11.142
 93     3.819 55460.56631361 12.17 305.735347  -2.391993 11.142
 93     3.671 55460.56631426 11.92 305.734617  -2.395303 11.142
 93     3.788 55460.56631490 12.12 305.733887  -2.398603 11.142
 93     3.716 55460.56631555 13.08 305.733167  -2.401913 11.142
 93     3.664 55460.56631619 14.24 305.732437  -2.405213 11.142
 93     3.734 55460.56631684 15.44 305.731707  -2.408523 11.142
 93     3.915 55460.56631748 18.53 305.730987  -2.411823 11.142
 93     4.103 55460.56631813 24.06 305.730257  -2.415133 11.142
 93     5.545 55460.56631877 25.90 305.729527  -2.418433 11.142
 93     4.280 55460.56631941 24.99 305.728807  -2.421743 11.142
 93     4.868 55460.56632006 22.52 305.728077  -2.425043 11.142
