#    0.000   0.000   0.000 ;Mean Elev.(m), Avg Gradient(m/km), RMS Gradient(m/km) - SRTM1     
#    0.000   0.000   0.000 ;Mean Elev.(m), Avg Gradient(m/km), RMS Gradient(m/km) - ASTER GDEM
#    0.864   0.199   4.364 ;Mean Elev.(m), Avg Gradient(m/km), RMS Gradient(m/km) - GMTED2010 
  8 308.087406  -1.498075     3.556     3.665  7 52498.56031114 23.345
 10 308.087591  -1.498142     2.374     2.477  7 52568.56032584 19.417
 11 308.083877  -1.493509     2.326     2.249  6 52603.56031645 18.278
 12 308.084112  -1.494065     1.770     1.789  6 52638.56029260 16.572
 13 308.085701  -1.495253     3.034     3.004  6 52673.56029144 16.264
 14 308.085885  -1.495938     2.873     2.838  7 52708.56030185 16.356
 15 308.081425  -1.491646     3.103     3.100  6 52743.56033102 22.593
 17 308.083296  -1.494306     2.614     2.567  6 52813.56035119 17.847
 18 308.085592  -1.495633     2.938     2.916  6 52848.56040486 17.772
 19 308.083598  -1.493315     3.172     3.172  6 52883.56044040 18.050
 20 308.087269  -1.496716     2.113     2.163  7 52918.56039762 18.813
 21 308.090545  -1.498802     2.087     2.175  7 52953.56036064 25.047
 22 308.094127  -1.501981     2.221     2.332  7 52988.56037001 20.079
 23 308.091258  -1.501904     2.071     2.141  7 53023.56035709 15.849
 24 308.092700  -1.502178     3.477     3.536  7 53058.56035262 18.202
 25 308.080504  -1.489163     2.571     2.555  6 53093.56038812 14.918
 26 308.090183  -1.499081     3.293     3.342  7 53128.56036074 21.473
 28 308.086764  -1.496067     2.549     2.552  7 53198.56042769 16.818
 29 308.093465  -1.500926     2.856     2.842  7 53233.56040101 14.934
 30 308.085626  -1.496647     2.887     2.880  6 53268.56036802 17.706
 31 308.079355  -1.489841     1.817     1.739  7 53303.56042571 15.924
 32 308.085506  -1.496353     2.303     2.295  6 53338.56039611 14.179
 33 308.088391  -1.498104     1.960     2.047  7 53373.56032946 20.382
 34 308.088131  -1.498920     2.563     2.440  8 53408.56036995 25.198
 35 308.086699  -1.495897     3.669     3.632  7 53443.56035355 26.140
 36 308.081698  -1.489920     2.859     2.852  6 53478.56042772 18.986
 37 308.085974  -1.496064     3.258     3.263  6 53513.56043792 19.776
 38 308.082064  -1.491850     3.277     3.241  6 53548.56045596 19.244
 39 308.086793  -1.497696     2.558     2.618  7 53583.56042270 25.325
 40 308.083880  -1.494457     2.460     2.510  6 53618.56037819 16.952
 41 308.085758  -1.495987     1.755     1.751  6 53653.56040120 17.564
 42 308.083249  -1.494453    -3.306    -3.334  6 53688.56039967 14.994
 43 308.088022  -1.500613     2.491     2.616  7 53723.56032550 29.751
 44 308.092527  -1.500936     2.123     2.212  7 53758.56026380 19.794
 45 308.089438  -1.499835     3.359     3.361  6 53793.56028506 21.610
 46 308.089394  -1.500101     3.812     3.856  7 53828.56025630 21.754
 47 308.083625  -1.494120     3.159     3.140  6 53863.56033806 21.851
 48 308.086477  -1.495905     3.694     3.679  7 53898.56036199 27.084
 49 308.078037  -1.488572     2.887     2.905  6 53933.56040666 18.374
 50 308.081380  -1.492936     2.514     2.487  6 53968.56037968 21.769
 51 308.088523  -1.497911     2.649     2.638  7 54003.56035020 20.156
 52 308.088240  -1.500416     1.429     1.410  7 54038.56038598 19.165
 53 308.087289  -1.496965     1.899     1.882  7 54073.56037984 17.410
 54 308.085608  -1.495420     2.797     2.759  6 54108.56032620 20.727
 55 308.085918  -1.496567     2.097     2.122  7 54143.56031608 18.076
 56 308.085507  -1.496324     3.334     3.307  6 54178.56031048 21.728
 58 308.085746  -1.496179     3.277     3.316  7 54248.56035136 43.410
 59 308.086714  -1.497692     3.453     3.463  7 54283.56036061 22.862
 60 308.087274  -1.499564     2.770     2.791  7 54318.56035855 29.637
 61 308.086697  -1.499141     2.670     2.735  7 54353.56032272 27.685
 62 308.087034  -1.497785     2.482     2.610  7 54388.56029839 23.495
 63 308.086382  -1.495748     1.200     1.216  6 54423.56027226 16.662
 64 308.086990  -1.497694     2.149     2.042  6 54458.56027305 26.992
 65 308.087143  -1.497432     3.124     3.213  7 54493.56027647 20.972
 66 308.087806  -1.498896     2.680     2.738  7 54528.56028599 27.267
 67 308.086295  -1.496546     3.812     3.796  6 54563.56028319 27.924
 68 308.086385  -1.496093     3.240     3.243  7 54598.56028082 23.161
 69 308.085185  -1.495436     3.462     3.451  6 54633.56029402 34.977
 70 308.085369  -1.495439     3.420     3.441  6 54668.56029884 22.133
 71 308.087629  -1.498068     2.456     2.561  7 54703.56026406 23.280
 72 308.086315  -1.497301     2.452     2.502  6 54738.56026133 18.574
 73 308.087162  -1.498241     2.490     2.595  7 54773.56024579 22.747
 74 308.085647  -1.496438     1.574     1.523  7 54808.56025435 18.618
 75 308.086582  -1.496771     2.954     2.920  6 54843.56024289 16.747
 76 308.085051  -1.495433     2.917     2.897  6 54878.56025764 18.640
 77 308.084914  -1.495459     3.403     3.439  7 54913.56024680 22.689
 78 308.085280  -1.494218     4.058     4.060  6 54948.56024881 22.979
 79 308.084863  -1.495212     3.594     3.597  6 54983.56027479 35.008
 80 308.086913  -1.496627     3.477     3.474  6 55018.56027241 21.415
 81 308.087499  -1.496985     3.717     3.726  7 55053.56026783 27.875
 82 308.085855  -1.496186     2.545     2.721  7 55088.56022974 20.761
 83 308.087282  -1.496972     2.511     2.605  7 55123.56020493 22.844
 84 308.085691  -1.495167     1.996     1.953  6 55158.56019037 17.513
 85 308.086137  -1.495585     1.571     1.609  7 55193.56019425 23.210
 86 308.085382  -1.496209     3.251     3.391  7 55228.56019277 20.796
 87 308.086762  -1.497626     2.424     2.516  7 55263.56019003 24.302
 88 308.086923  -1.496992     3.347     3.368  6 55298.56017541 41.553
 89 308.085209  -1.496189     3.945     3.975  6 55333.56016797 38.635
 90 308.086730  -1.497664     2.671     2.651  6 55368.56015999 25.571
 91 308.086759  -1.497441     3.090     3.033  6 55403.56017549 20.931
 92 308.087528  -1.498543     3.081     2.990  8 55438.56017787 27.321
 93 308.087241  -1.496572     1.598     1.712  7 55473.56012558 14.580
