#    0.000   0.000   0.000 ;Mean Elev.(m), Avg Gradient(m/km), RMS Gradient(m/km) - SRTM1     
#    0.000   0.000   0.000 ;Mean Elev.(m), Avg Gradient(m/km), RMS Gradient(m/km) - ASTER GDEM
#   18.474   0.380   5.306 ;Mean Elev.(m), Avg Gradient(m/km), RMS Gradient(m/km) - GMTED2010 
  7    28.437 52470.09126324 51.39 297.755390  -3.908965 38.355
  7    28.504 52470.09126388 48.19 297.754660  -3.905665 38.355
  7    28.564 52470.09126453 50.51 297.753930  -3.902355 38.355
  8    27.103 52505.09124676 39.02 297.756213  -3.909053 40.233
  8    26.797 52505.09124740 35.85 297.755483  -3.905743 40.233
  8    26.815 52505.09124805 39.06 297.754753  -3.902443 40.233
  9    23.664 52540.09122960 50.33 297.761586  -3.907390 38.247
  9    23.624 52540.09123025 50.33 297.760856  -3.904090 38.247
  9    23.571 52540.09123089 50.67 297.760126  -3.900780 38.247
 11    21.617 52610.09123531 50.99 297.757468  -3.907897 29.504
 11    21.583 52610.09123595 51.07 297.756738  -3.904587 29.504
 11    21.610 52610.09123660 52.87 297.756008  -3.901287 29.504
 12    23.264 52645.09122538 50.87 297.757846  -3.908404 20.311
 12    23.275 52645.09122602 52.19 297.757115  -3.905096 33.371
 12    23.415 52645.09122667 50.54 297.756385  -3.901796 33.371
 13    23.195 52680.09120216 42.13 297.763126  -3.905776 18.191
 13    23.145 52680.09120280 41.04 297.762396  -3.902466 18.191
 13    23.186 52680.09120344 37.57 297.761666  -3.899166 18.191
 15    26.283 52750.09127547 51.70 297.747537  -3.910851 38.960
 15    26.158 52750.09127611 52.25 297.746807  -3.907541 38.960
 16    27.959 52785.09121875 38.09 297.756332  -3.907581 41.317
 16    27.606 52785.09121940 29.17 297.755602  -3.904281 41.317
 16    27.662 52785.09122004 27.91 297.754872  -3.900971 41.317
 17    28.582 52820.09129382 50.31 297.756669  -3.908374 40.403
 17    28.428 52820.09129447 48.43 297.755949  -3.905064 40.403
 17    28.440 52820.09129511 50.50 297.755219  -3.901764 40.403
 18    27.802 52855.09134241 39.51 297.759664  -3.906229 34.276
 18    27.874 52855.09134305 37.36 297.758934  -3.902919 34.276
 18    27.859 52855.09134370 36.92 297.758204  -3.899619 34.276
 20    19.140 52925.09132859 45.31 297.755943  -3.907227 28.295
 20    19.119 52925.09132924 48.68 297.755213  -3.903927 28.295
 21    19.672 52960.09129562 50.31 297.764648  -3.906545 31.091
 21    19.584 52960.09129627 53.88 297.763918  -3.903245 31.091
 21    19.664 52960.09129691 52.88 297.763198  -3.899935 31.091
 22    20.084 52995.09132981 43.24 297.757924  -3.906678 30.907
 22    20.057 52995.09133045 41.08 297.757204  -3.903368 30.907
 22    19.605 52995.09133110 30.64 297.756474  -3.900068 30.907
 23    23.252 53030.09129309 36.94 297.758503  -3.909029 27.050
 23    23.058 53030.09129374 27.50 297.757773  -3.905729 27.050
 23    22.869 53030.09129438 24.22 297.757043  -3.902429 27.050
 24    21.340 53065.09130055 48.40 297.762470  -3.907444 20.640
 24    21.267 53065.09130120 49.93 297.761740  -3.904144 20.640
 24    21.232 53065.09130184 48.71 297.761020  -3.900844 20.640
 25    24.596 53100.09130679 48.63 297.753161  -3.909125 14.698
 25    24.641 53100.09130743 47.89 297.752431  -3.905825 14.698
 25    24.542 53100.09130808 49.08 297.751708  -3.902516 37.315
 28    26.311 53205.09137001 53.60 297.756161  -3.907906 33.014
 28    26.367 53205.09137065 52.35 297.755431  -3.904596 33.014
 28    26.438 53205.09137130 51.68 297.754711  -3.901296 33.014
 29    24.920 53240.09133798 46.87 297.762058  -3.905869 26.845
 29    24.793 53240.09133862 49.40 297.761328  -3.902559 26.845
 29    24.936 53240.09133927 45.68 297.760598  -3.899259 26.845
 31    20.097 53310.09135223 49.91 297.754120  -3.908477 24.872
 31    20.098 53310.09135287 49.50 297.753389  -3.905168 28.619
 31    20.071 53310.09135352 48.12 297.752659  -3.901868 28.619
 32    21.460 53345.09131834 53.54 297.758109  -3.907483 22.959
 32    21.333 53345.09131898 54.31 297.757382  -3.904173 29.763
 32    21.395 53345.09131963 52.30 297.756652  -3.900873 29.763
 34    23.097 53415.09129535 42.22 297.763506  -3.907791 21.253
 34    22.840 53415.09129599 52.43 297.762778  -3.904481 29.046
 34    22.811 53415.09129664 54.08 297.762048  -3.901181 29.046
 34    22.730 53415.09129728 49.49 297.761318  -3.897871 29.046
 35    25.628 53450.09128886 41.56 297.759844  -3.908403 38.597
 35    25.499 53450.09128951 36.10 297.759124  -3.905093 38.597
 35    25.308 53450.09129015 31.17 297.758394  -3.901793 38.597
 36    27.046 53485.09137422 47.95 297.750780  -3.909471 35.934
 36    26.854 53485.09137486 44.08 297.750050  -3.906161 35.934
 37    27.914 53520.09137047 34.34 297.759619  -3.908292 40.542
 37    27.458 53520.09137111 26.82 297.758889  -3.904992 40.542
 37    27.528 53520.09137176 26.29 297.758159  -3.901682 40.542
 38    27.276 53555.09139380 47.36 297.750799  -3.908289 39.802
 38    27.328 53555.09139444 49.86 297.750069  -3.904979 39.802
 39    23.472 53590.09133674 49.97 297.763862  -3.906801 26.290
 39    23.429 53590.09133738 53.11 297.763132  -3.903501 26.290
 39    23.328 53590.09133803 52.95 297.762408  -3.900191 29.727
 40    16.855 53625.09131719 44.23 297.752324  -3.910478 20.102
 40    16.716 53625.09131784 50.57 297.751604  -3.907168 20.102
 40    16.688 53625.09131848 51.33 297.750874  -3.903868 20.102
 41    13.845 53660.09134370 45.25 297.756151  -3.908865 27.199
 41    13.944 53660.09134434 40.34 297.755421  -3.905555 27.199
 41    13.857 53660.09134499 47.59 297.754691  -3.902255 27.199
 42    22.466 53695.09131744 30.73 297.757558  -3.909595 18.570
 42    18.879 53695.09131809 34.67 297.756828  -3.906295 18.570
 42    18.906 53695.09131873 23.72 297.756103  -3.902985 17.775
 43    19.679 53730.09124043 41.41 297.761276  -3.908704 18.630
 43    19.532 53730.09124108 52.83 297.760546  -3.905404 18.630
 43    19.510 53730.09124172 53.11 297.759825  -3.902094 25.771
 43    19.574 53730.09124237 48.50 297.759095  -3.898794 25.771
 45    25.527 53800.09121172 42.61 297.762100  -3.908916 22.817
 45    25.620 53800.09121237 29.60 297.761376  -3.905607 41.653
 45    25.195 53800.09121301 26.89 297.760646  -3.902307 41.653
 45    25.583 53800.09121366 34.45 297.759916  -3.898997 41.653
 46    26.741 53835.09121411 50.21 297.759036  -3.906084 24.990
 46    26.639 53835.09121476 51.36 297.758300  -3.902776 42.547
 46    26.682 53835.09121540 47.48 297.757570  -3.899476 42.547
 47    27.885 53870.09127408 49.03 297.757069  -3.907886 28.546
 47    27.748 53870.09127473 48.29 297.756349  -3.904586 28.546
 47    27.772 53870.09127537 49.36 297.755619  -3.901276 28.546
 48    28.015 53905.09130893 43.39 297.756082  -3.909994 43.416
 48    27.582 53905.09130958 27.88 297.755352  -3.906684 43.416
 48    27.693 53905.09131022 28.00 297.754622  -3.903384 43.416
 49    25.899 53940.09134190 50.34 297.748232  -3.909858 29.909
 49    25.915 53940.09134255 49.49 297.747512  -3.906558 29.909
 50    21.270 53975.09129970 49.34 297.755458  -3.909945 26.534
 50    21.354 53975.09130035 52.15 297.754728  -3.906645 26.534
 50    21.222 53975.09130099 51.59 297.754008  -3.903335 26.534
 51    16.817 54010.09129661 44.13 297.760215  -3.908916 20.687
 51    16.852 54010.09129726 49.91 297.759485  -3.905616 20.687
 51    16.789 54010.09129790 51.11 297.758765  -3.902306 20.687
 52    17.004 54045.09131422 40.65 297.764136  -3.907469 22.121
 52    17.029 54045.09131486 40.60 297.763406  -3.904169 22.121
 52    17.066 54045.09131551 34.96 297.762686  -3.900869 22.121
 52    17.049 54045.09131615 46.20 297.761956  -3.897559 22.121
 53    20.745 54080.09130734 49.29 297.757745  -3.907112 28.879
 53    20.836 54080.09130798 51.88 297.757015  -3.903802 28.879
 53    20.876 54080.09130862 50.37 297.756285  -3.900502 28.879
 54    23.366 54115.09124247 25.46 297.757647  -3.907443 16.894
 54    23.231 54115.09124312 27.65 297.756927  -3.904133 16.894
 54    23.304 54115.09124376 27.85 297.756197  -3.900833 16.894
 56    24.409 54185.09123319 29.44 297.758067  -3.908110 35.453
 56    24.033 54185.09123383 23.06 297.757337  -3.904810 35.453
 56    24.161 54185.09123448 27.39 297.756607  -3.901500 35.453
 57    26.615 54220.09126459 51.29 297.757085  -3.908121 40.601
 57    26.441 54220.09126523 50.96 297.756355  -3.904821 40.601
 57    26.449 54220.09126588 51.28 297.755625  -3.901521 40.601
 58    27.899 54255.09128921 50.44 297.757334  -3.907260 41.502
 58    27.898 54255.09128985 44.38 297.756604  -3.903960 41.502
 58    27.741 54255.09129050 47.62 297.755874  -3.900650 41.502
 59    27.670 54290.09129167 48.01 297.759549  -3.906158 41.119
 59    27.559 54290.09129232 49.55 297.758819  -3.902858 41.119
 59    27.607 54290.09129296 52.04 297.758089  -3.899548 41.119
 60    25.532 54325.09128848 49.02 297.760110  -3.908524 42.995
 60    25.481 54325.09128912 53.04 297.759390  -3.905214 42.995
 60    25.420 54325.09128977 53.37 297.758660  -3.901914 42.995
 61    18.755 54360.09124265 47.67 297.758445  -3.906437 28.258
 61    18.612 54360.09124330 52.64 297.757715  -3.903127 28.258
 61    18.730 54360.09124394 49.41 297.756995  -3.899827 28.258
 62    17.015 54395.09122849 42.25 297.759639  -3.908635 30.851
 62    16.678 54395.09122913 33.43 297.758909  -3.905325 30.851
 62    16.945 54395.09122978 43.43 297.758189  -3.902025 30.851
 63    19.902 54430.09119211 40.34 297.759923  -3.908366 28.832
 63    19.811 54430.09119276 52.64 297.759193  -3.905066 28.832
 63    19.771 54430.09119340 54.66 297.758463  -3.901756 28.832
 64    21.934 54465.09120870 30.76 297.759756  -3.906613 23.881
 64    21.488 54465.09120934 25.60 297.759026  -3.903313 23.881
 64    21.932 54465.09120999 40.27 297.758306  -3.900003 23.881
 65    24.670 54500.09120419 34.94 297.759280  -3.906603 38.024
 65    24.352 54500.09120483 22.05 297.758550  -3.903303 38.024
 65    24.557 54500.09120548 25.15 297.757820  -3.899993 38.024
 66    25.844 54535.09122309 50.19 297.759712  -3.906785 24.570
 66    25.594 54535.09122373 31.01 297.758982  -3.903485 24.570
 66    25.469 54535.09122438 46.43 297.758252  -3.900175 24.570
 67    27.024 54570.09120701 38.61 297.759175  -3.908585 39.403
 67    26.622 54570.09120765 28.44 297.758445  -3.905275 39.403
 67    26.646 54570.09120829 27.01 297.757715  -3.901975 39.403
 68    27.841 54605.09121787 49.69 297.757837  -3.907754 35.664
 68    27.811 54605.09121851 49.82 297.757107  -3.904444 35.664
 68    27.745 54605.09121916 47.39 297.756377  -3.901144 35.664
 69    27.950 54640.09122730 37.50 297.757648  -3.908468 35.793
 69    27.574 54640.09122795 31.74 297.756918  -3.905168 35.793
 69    27.875 54640.09122859 32.16 297.756198  -3.901858 35.793
 70    26.279 54675.09122986 27.00 297.756904  -3.907461 37.044
 70    26.226 54675.09123051 24.34 297.756174  -3.904161 37.044
 70    26.431 54675.09123115 30.97 297.755454  -3.900851 37.044
 71    22.673 54710.09118643 34.34 297.760335  -3.908697 21.747
 71    22.266 54710.09118708 31.10 297.759605  -3.905387 21.747
 71    22.470 54710.09118772 31.88 297.758875  -3.902087 21.747
 72    18.883 54745.09119725 47.98 297.757822  -3.906775 31.316
 72    18.857 54745.09119789 51.31 297.757092  -3.903475 31.316
 72    18.845 54745.09119854 49.52 297.756362  -3.900165 31.316
 73    23.869 54780.09116982 11.87 297.760041  -3.908470 20.130
 73    20.257 54780.09117046 14.80 297.759311  -3.905160 20.130
 73    18.311 54780.09117111 21.99 297.758581  -3.901860 20.130
 74    22.674 54815.09118969 23.32 297.758973  -3.908774 18.563
 74    21.256 54815.09119034 21.13 297.758243  -3.905474 18.563
 74    21.333 54815.09119098 20.48 297.757523  -3.902164 18.563
 75    22.664 54850.09116947 47.30 297.758552  -3.906681 31.268
 75    22.657 54850.09117012 49.67 297.757822  -3.903381 31.268
 75    22.797 54850.09117076 48.70 297.757102  -3.900071 31.268
 76    25.823 54885.09119388 35.99 297.757181  -3.906926 36.218
 76    25.809 54885.09119452 38.72 297.756451  -3.903616 36.218
 76    25.841 54885.09119516 44.65 297.755721  -3.900316 36.218
 77    27.269 54920.09117035 30.69 297.756129  -3.908096 37.665
 77    26.868 54920.09117100 28.81 297.755399  -3.904786 37.665
 77    27.347 54920.09117164 28.67 297.754669  -3.901486 37.665
 78    28.584 54955.09118931 30.94 297.757362  -3.908300 41.618
 78    28.251 54955.09118996 28.53 297.756632  -3.904990 41.618
 78    28.597 54955.09119060 31.97 297.755902  -3.901690 41.618
 79    29.572 54990.09121301 47.91 297.755614  -3.908538 40.652
 79    29.500 54990.09121365 44.37 297.754894  -3.905238 40.652
 79    29.414 54990.09121430 49.99 297.754164  -3.901928 40.652
 80    29.510 55025.09120385 47.57 297.759489  -3.908304 47.304
 80    29.446 55025.09120450 48.61 297.758759  -3.905004 47.304
 80    29.430 55025.09120514 53.46 297.758039  -3.901694 47.304
 81    28.071 55060.09119831 51.53 297.758589  -3.908136 44.550
 81    27.914 55060.09119896 53.67 297.757859  -3.904836 44.550
 81    27.922 55060.09119960 52.54 297.757139  -3.901526 44.550
 82    23.114 55095.09115022 34.48 297.757649  -3.908263 20.696
 82    22.931 55095.09115087 29.39 297.756919  -3.904953 20.696
 82    22.980 55095.09115151 29.60 297.756189  -3.901653 20.696
 83    18.022 55130.09113981 46.36 297.758298  -3.908057 32.404
 83    18.100 55130.09114045 50.40 297.757568  -3.904757 32.404
 83    18.103 55130.09114110 47.18 297.756848  -3.901457 32.404
 84    15.837 55165.09111166 50.67 297.759261  -3.907295 35.825
 84    15.731 55165.09111231 52.90 297.758531  -3.903985 35.825
 84    15.834 55165.09111295 51.02 297.757801  -3.900685 35.825
 85    21.729 55200.09113209 39.21 297.757632  -3.907481 21.027
 85    21.366 55200.09113273 29.54 297.756902  -3.904171 21.027
 85    21.003 55200.09113338 28.27 297.756172  -3.900871 21.027
 86    22.647 55235.09111704 47.34 297.758084  -3.909315 23.390
 86    22.711 55235.09111769 48.21 297.757354  -3.906005 23.390
 86    22.607 55235.09111833 48.48 297.756624  -3.902705 23.390
 87    24.056 55270.09112583 29.21 297.758627  -3.908383 31.925
 87    23.655 55270.09112648 20.82 297.757907  -3.905083 31.925
 87    23.624 55270.09112712 24.81 297.757177  -3.901773 31.925
 88    25.946 55305.09109870 36.88 297.759033  -3.906674 32.920
 88    25.515 55305.09109934 35.70 297.758303  -3.903374 32.920
 88    25.723 55305.09109999 35.12 297.757573  -3.900064 32.920
 89    27.498 55340.09109827 40.79 297.758765  -3.908781 39.919
 89    27.052 55340.09109891 31.87 297.758035  -3.905481 39.919
 89    27.450 55340.09109955 38.56 297.757315  -3.902171 39.919
 90    27.662 55375.09108985 46.76 297.759288  -3.908816 39.733
 90    27.581 55375.09109049 42.54 297.758558  -3.905516 39.733
 90    27.515 55375.09109114 34.48 297.757838  -3.902206 39.733
 91    25.264 55410.09111232 48.43 297.759504  -3.906882 31.027
 91    25.272 55410.09111297 46.93 297.758774  -3.903572 31.027
 91    25.115 55410.09111361 49.49 297.758044  -3.900272 31.027
 92    17.943 55445.09110685 47.86 297.758954  -3.908060 29.530
 92    17.955 55445.09110749 46.46 297.758224  -3.904760 29.530
 92    17.944 55445.09110814 47.71 297.757504  -3.901460 29.530
 93    15.845 55480.09104144 31.03 297.759687  -3.908848 24.237
 93    13.715 55480.09104208 40.65 297.758957  -3.905548 24.237
 93    14.991 55480.09104273 33.33 297.758227  -3.902248 24.237
