# NaN NaN NaN ;Mean Elev.(m), Avg Gradient(m/km), RMS Gradient(m/km) - SRTM1     
# NaN NaN NaN ;Mean Elev.(m), Avg Gradient(m/km), RMS Gradient(m/km) - ASTER GDEM
#    0.412  -1.112   2.504 ;Mean Elev.(m), Avg Gradient(m/km), RMS Gradient(m/km) - GMTED2010 
  8 309.231540  -0.520275     0.911     0.930 39 52497.05797003 20.084
  9 309.227694  -0.526908     1.410     1.468 41 52532.05795545 16.720
 10 309.232915  -0.519018    -1.271    -0.149 38 52567.05797989 19.512
 11 309.226432  -0.530457     0.143     0.511 42 52602.05798406 21.457
 12 309.227478  -0.526131     1.441     1.433 41 52637.05795237 16.183
 13 309.228235  -0.524256     0.152     0.535 41 52672.05795631 20.869
 14 309.230000  -0.522217     1.397     1.366 40 52707.05795826 20.326
 15 309.226503  -0.528885     0.957     1.182 41 52742.05798856 17.358
 16 309.231941  -0.520475     1.137     1.097 39 52777.05793206 18.387
 17 309.227207  -0.527910     1.084     1.420 41 52812.05800973 20.301
 18 309.228839  -0.525189    -0.554     0.166 40 52847.05806489 20.385
 19 309.227557  -0.528226     1.140     1.138 41 52882.05810089 17.790
 20 309.231049  -0.521591     0.780     0.915 39 52917.05805900 19.598
 21 309.233334  -0.518271    -0.765    -0.171 38 52952.05802077 18.566
 22 309.235458  -0.515844     0.764     0.823 38 52987.05803660 17.589
 23 309.232939  -0.519371     0.866     1.281 38 53022.05802489 17.382
 24 309.234803  -0.518065     0.633     0.665 38 53057.05801672 21.259
 25 309.224200  -0.535176     0.995     1.378 41 53092.05805128 23.216
 26 309.232180  -0.521564     0.647     0.726 39 53127.05802464 21.536
 27 309.225341  -0.532394     0.840     0.990 42 53162.05808644 22.030
 28 309.229550  -0.517701     0.765     0.986 38 53197.05808819 18.144
 29 309.234539  -0.516062    -0.221     0.184 38 53232.05806767 18.016
 30 309.228568  -0.525373     1.198     1.214 40 53267.05803511 16.416
 31 309.223370  -0.536268     0.648     0.693 41 53302.05808668 18.576
 32 309.229068  -0.524350    -0.442     0.171 40 53337.05805887 19.057
 33 309.230499  -0.518530     1.341     1.346 37 53372.05799548 13.581
 35 309.229576  -0.522905     1.161     1.193 40 53442.05801739 19.254
 36 309.225815  -0.531373     1.569     1.586 42 53477.05808591 17.221
 37 309.228947  -0.524035    -1.328    -0.437 40 53512.05810007 24.705
 38 309.225735  -0.529509     1.360     1.355 42 53547.05811672 16.852
 39 309.229604  -0.524424     0.617     0.720 40 53582.05808774 18.421
 40 309.226980  -0.526382    -0.154     0.327 41 53617.05804290 19.743
 41 309.228497  -0.517032     0.859     0.862 36 53652.05806168 15.721
 42 309.226655  -0.529473     0.232     0.454 42 53687.05806310 20.393
 43 309.231629  -0.520785    -0.240     0.070 39 53722.05799016 24.604
 44 309.235574  -0.516901     1.289     1.316 37 53757.05792297 19.387
 45 309.232717  -0.519408     0.234     0.577 39 53792.05794760 19.206
 46 309.233017  -0.518050     1.391     1.358 39 53827.05791252 20.078
 47 309.227213  -0.528372     0.991     1.344 41 53862.05799850 19.069
 48 309.229774  -0.521078     0.165     0.388 40 53897.05802109 22.413
 49 309.222769  -0.538939     0.649     1.145 41 53932.05806735 20.665
 50 309.225091  -0.532075    -0.227     0.185 42 53967.05804316 21.847
 51 309.231716  -0.520959     0.283     0.460 39 54002.05800917 19.030
 52 309.231540  -0.520327     1.208     1.179 40 54037.05804798 15.644
 53 309.230583  -0.521424     0.007     0.240 39 54072.05804171 18.574
 54 309.228759  -0.524788     0.884     0.865 40 54107.05799141 17.381
 55 309.229361  -0.524499     1.148     1.310 40 54142.05797603 17.784
 56 309.229002  -0.524724     0.062     0.311 41 54177.05797356 19.685
 57 309.228551  -0.524760     1.451     1.421 40 54212.05798273 18.174
 58 309.229124  -0.524541     0.972     0.987 40 54247.05801262 16.646
 60 309.230802  -0.521497     0.788     1.244 40 54317.05802094 25.971
 61 309.230150  -0.524100    -0.112     0.171 40 54352.05798679 21.070
 62 309.230618  -0.523092     0.450     0.637 40 54387.05796005 21.340
 63 309.228364  -0.519794     1.230     1.212 38 54422.05793720 15.289
 64 309.230439  -0.522425    -0.444     0.002 39 54457.05793358 20.027
 65 309.230063  -0.521243     1.541     1.537 40 54492.05793921 14.436
 66 309.230979  -0.520535     1.153     1.160 40 54527.05794656 19.598
 67 309.229161  -0.523439     0.747     0.829 40 54562.05794699 18.251
 68 309.229282  -0.523767    -1.223     1.555 41 54597.05794238 21.618
 69 309.228576  -0.524727    -0.064     0.308 40 54632.05795540 18.567
 70 309.228164  -0.524432     0.649     0.730 41 54667.05796115 19.452
 71 309.230749  -0.522598     1.219     1.430 40 54702.05792884 26.261
 72 309.229379  -0.522397    -0.914    -0.297 40 54737.05792225 22.701
 73 309.230584  -0.522238     0.654     0.735 40 54772.05790917 21.401
 74 309.228768  -0.523995     0.865     1.017 40 54807.05791502 19.818
 75 309.229616  -0.521788    -0.265     0.300 40 54842.05790618 22.170
 76 309.228770  -0.525070     1.335     1.499 41 54877.05791691 20.892
 77 309.228191  -0.524400     1.228     1.291 41 54912.05791005 16.116
 78 309.228227  -0.525916     0.958     0.946 40 54947.05790958 18.088
 79 309.228174  -0.524643     1.977     2.050 41 54982.05793586 19.842
 80 309.229350  -0.521972     0.071     0.364 40 55017.05793566 23.039
 81 309.230219  -0.522083     1.170     1.144 40 55052.05793083 18.391
 82 309.228814  -0.523319     1.486     1.511 40 55087.05789466 13.571
 83 309.230528  -0.521262    -0.987     0.029 40 55122.05786556 22.395
 84 309.228630  -0.523836     1.044     1.030 41 55157.05785433 16.704
 85 309.228124  -0.519389     1.255     1.265 38 55192.05785580 15.795
 86 309.229008  -0.524797     0.551     0.746 40 55227.05785541 17.891
 87 309.229164  -0.517688     1.458     1.605 38 55262.05785112 17.058
 89 309.228236  -0.526111     0.708     0.730 41 55332.05783028 19.913
 90 309.229672  -0.521651     1.377     1.629 40 55367.05782309 20.120
 91 309.229805  -0.523892    -1.016     0.069 40 55402.05783666 20.543
 92 309.230922  -0.522461     0.838     0.824 40 55437.05784070 28.742
 93 309.229869  -0.521974     0.729     0.887 40 55472.05779086 19.741
