#    0.000   0.000   0.000 ;Mean Elev.(m), Avg Gradient(m/km), RMS Gradient(m/km) - SRTM1     
#    0.000   0.000   0.000 ;Mean Elev.(m), Avg Gradient(m/km), RMS Gradient(m/km) - ASTER GDEM
#   16.670  -0.328   7.278 ;Mean Elev.(m), Avg Gradient(m/km), RMS Gradient(m/km) - GMTED2010 
  7 297.721891  -3.756961    28.829    28.792  9 52470.09129289 32.163
  8 297.722715  -3.757044    26.976    26.849  9 52505.09127641 35.006
  9 297.728064  -3.755389    24.006    23.960  7 52540.09125926 36.539
 11 297.723972  -3.755888    21.858    21.843  9 52610.09126496 40.251
 12 297.724332  -3.756398    23.565    23.457  9 52645.09125503 36.245
 13 297.729992  -3.755417    23.329    23.203  6 52680.09123149 24.285
 15 297.715135  -3.763799    26.595    26.588  8 52750.09130415 35.774
 16 297.722807  -3.755582    27.712    27.675  9 52785.09124841 27.255
 17 297.723156  -3.756367    29.038    29.081  9 52820.09132348 44.312
 18 297.726519  -3.755875    28.082    27.903  8 52855.09137174 32.311
 20 297.722451  -3.755223    19.815    19.563  9 52925.09135825 28.761
 21 297.731499  -3.756196    20.246    20.246  6 52960.09132495 43.411
 22 297.724787  -3.756327    20.273    20.338  8 52995.09135914 31.917
 23 297.724651  -3.755374    23.371    23.447  8 53030.09132307 27.086
 24 297.729330  -3.757095    21.611    21.608  6 53065.09132989 23.332
 25 297.720765  -3.762079    24.927    24.933  8 53100.09133547 35.700
 28 297.722662  -3.755896    26.822    26.836  9 53205.09139966 40.621
 29 297.728927  -3.755513    24.789    24.710  6 53240.09136731 29.284
 31 297.721703  -3.761426    17.871    18.440  8 53310.09138092 25.660
 32 297.724975  -3.757124    21.670    21.676  8 53345.09134767 39.910
 34 297.730367  -3.757434    23.118    23.162  6 53415.09132468 38.268
 35 297.726323  -3.756400    25.577    25.762  7 53450.09131852 25.008
 36 297.718366  -3.762423    27.031    27.043  8 53485.09140290 32.147
 37 297.726117  -3.756287    27.672    27.741  7 53520.09140012 26.463
 38 297.718389  -3.761236    27.531    27.508  8 53555.09142248 33.903
 39 297.730733  -3.756448    23.776    23.780  6 53590.09136607 45.324
 40 297.719172  -3.760126    17.420    17.484  8 53625.09134653 29.920
 41 297.722643  -3.756856    17.076    16.441  9 53660.09137335 32.478
 42 297.724063  -3.757590    19.280    19.294  9 53695.09134710 30.896
 43 297.727790  -3.756697    19.804    19.915  7 53730.09127009 43.302
 45 297.728245  -3.755255    25.480    25.354  6 53800.09124170 32.539
 46 297.725876  -3.755731    26.866    26.985  8 53835.09124345 37.420
 47 297.723564  -3.755881    28.374    28.378  9 53870.09130374 49.135
 48 297.722214  -3.756337    27.885    27.887 10 53905.09133891 30.609
 49 297.715824  -3.762810    26.362    26.350  8 53940.09137059 49.582
 50 297.721605  -3.756282    21.580    21.597 10 53975.09132968 47.877
 51 297.726696  -3.756915    17.266    17.257  7 54010.09132627 40.968
 52 297.730993  -3.757116    17.354    17.448  6 54045.09134355 38.389
 53 297.724607  -3.756752    20.999    20.964  8 54080.09133667 38.103
 54 297.724529  -3.757087    24.040    23.526  8 54115.09127181 25.106
 56 297.724580  -3.756106    24.243    24.055  9 54185.09126284 30.322
 57 297.723571  -3.756125    26.459    26.472  9 54220.09129424 27.204
 58 297.724191  -3.756906    28.105    27.974  8 54255.09131854 43.939
 59 297.726407  -3.755806    27.880    27.903  8 54290.09132100 39.974
 60 297.726613  -3.756521    25.940    25.915  7 54325.09131813 48.518
 61 297.725326  -3.756081    18.720    18.582  8 54360.09127199 37.722
 62 297.726134  -3.756626    17.272    17.291  7 54395.09125814 25.299
 63 297.726425  -3.756360    19.924    19.981  7 54430.09122177 34.590
 64 297.726614  -3.756260    22.414    21.765  8 54465.09123803 26.957
 65 297.726145  -3.756251    24.734    24.875  8 54500.09123352 37.826
 66 297.726568  -3.756433    25.507    25.464  8 54535.09125242 29.033
 67 297.725321  -3.754923    26.659    26.424  8 54570.09123698 28.719
 68 297.724325  -3.755745    28.255    28.249  9 54605.09124752 44.532
 69 297.724152  -3.756465    27.773    27.664  9 54640.09125696 26.913
 70 297.723407  -3.755463    26.221    26.362  9 54675.09125952 27.478
 71 297.726843  -3.756688    22.180    22.036  7 54710.09121609 25.709
 72 297.724675  -3.756419    19.314    19.348  8 54745.09122658 37.080
 73 297.726543  -3.756463    22.338    23.439  7 54780.09119947 17.685
 74 297.725103  -3.755124    21.056    20.946  8 54815.09121967 26.909
 75 297.725423  -3.756327    23.141    22.748  8 54850.09119880 21.372
 76 297.724034  -3.756571    26.040    25.845  8 54885.09122321 36.527
 77 297.722642  -3.756089    27.289    27.244  9 54920.09120001 30.378
 78 297.723848  -3.756295    28.505    28.314  9 54955.09121897 34.347
 79 297.722113  -3.756529    29.832    29.794  9 54990.09124266 45.879
 80 297.725995  -3.756300    29.701    29.854  7 55025.09123351 44.827
 81 297.725456  -3.757787    28.192    28.105  8 55060.09122765 37.895
 82 297.724160  -3.756249    23.850    23.220  9 55095.09117988 22.568
 83 297.724797  -3.756055    18.431    18.528  9 55130.09116946 42.716
 84 297.726129  -3.756942    16.233    16.243  8 55165.09114099 48.586
 85 297.724484  -3.757126    22.533    21.929  8 55200.09116142 20.870
 86 297.724590  -3.757302    22.960    22.951  9 55235.09114670 29.875
 87 297.725128  -3.756385    24.343    23.978  9 55270.09115549 25.397
 88 297.725911  -3.756325    25.991    26.022  8 55305.09112803 31.525
 89 297.724900  -3.755124    27.598    27.581  8 55340.09112824 46.651
 90 297.725428  -3.755161    27.541    27.514  8 55375.09111982 32.176
 91 297.726357  -3.756531    25.330    25.185  8 55410.09114166 37.025
 92 297.725821  -3.757707    18.117    18.126  8 55445.09113618 37.818
 93 297.726198  -3.756840    13.832    13.780  7 55480.09107109 32.715
