#    0.000   0.000   0.000 ;Mean Elev.(m), Avg Gradient(m/km), RMS Gradient(m/km) - SRTM1     
#    0.000   0.000   0.000 ;Mean Elev.(m), Avg Gradient(m/km), RMS Gradient(m/km) - ASTER GDEM
#    4.471   0.486   5.125 ;Mean Elev.(m), Avg Gradient(m/km), RMS Gradient(m/km) - GMTED2010 
  8     1.795 52479.55825287 19.83 308.896992  -1.052684 11.498
  8     1.915 52479.55825351 19.68 308.896262  -1.055984 11.498
  9     2.169 52514.55819833 21.27 308.909771  -1.046839 13.140
  9     2.375 52514.55819898 19.75 308.909041  -1.050139 13.140
 10     0.825 52549.55824490 14.84 308.897883  -1.052992 11.313
 10     0.932 52549.55824555 13.86 308.897153  -1.056292 11.313
 11     1.628 52584.55822869 21.55 308.909317  -1.045796  7.948
 11     1.447 52584.55822934 19.38 308.908587  -1.049096  7.948
 11     1.684 52584.55822998 20.25 308.907859  -1.052406  5.584
 12     1.763 52619.55820874 22.71 308.899026  -1.052505  6.775
 12     2.028 52619.55820938 22.13 308.898296  -1.055805  6.775
 13     0.801 52654.55819288 20.75 308.910179  -1.047378 10.721
 13     1.065 52654.55819353 15.42 308.909449  -1.050678 10.721
 14     2.580 52689.55818813 21.02 308.903038  -1.048532 15.292
 14     2.563 52689.55818878 22.84 308.902308  -1.051832 15.292
 15     1.416 52724.55823284 24.68 308.903465  -1.048656  3.477
 15     1.404 52724.55823348 24.30 308.902735  -1.051966  3.477
 17     2.327 52794.55820624 21.06 308.907443  -1.046968 15.468
 17     2.365 52794.55820688 20.96 308.906713  -1.050278 15.468
 18     1.254 52829.55827315 23.81 308.909374  -1.046119 11.243
 18     1.251 52829.55827380 19.10 308.908654  -1.049419 11.243
 18     1.421 52829.55827444 18.89 308.907924  -1.052729 11.243
 19     2.102 52864.55831791 21.32 308.910966  -1.047687 13.733
 19     2.187 52864.55831856 22.97 308.910246  -1.050997 13.733
 20     2.279 52899.55834797 21.41 308.900781  -1.051048 15.100
 20     2.303 52899.55834861 20.22 308.900051  -1.054348 15.100
 21     0.676 52934.55829148 17.27 308.900061  -1.050000  7.143
 21     0.946 52934.55829213 14.01 308.899331  -1.053300  7.143
 22     1.660 52969.55830714 19.15 308.902442  -1.049927 11.709
 22     1.729 52969.55830778 19.34 308.901712  -1.053237 11.709
 23     1.230 53004.55832603 20.85 308.895626  -1.051663  8.028
 23     1.354 53004.55832667 18.78 308.894906  -1.054973  8.028
 23     1.334 53004.55832732 20.03 308.894176  -1.058273  8.028
 24     1.538 53039.55827543 22.13 308.898340  -1.052266 10.529
 24     1.680 53039.55827607 22.42 308.897620  -1.055576 10.529
 25     2.610 53074.55830651 22.67 308.898842  -1.052906 17.606
 25     2.801 53074.55830716 26.48 308.898112  -1.056216 17.606
 26     0.972 53109.55827618 50.82 308.895639  -1.053252 16.433
 26     1.113 53109.55827682 52.65 308.894909  -1.056552 16.433
 27     1.962 53144.55831672 20.88 308.900311  -1.051223 16.845
 27     2.166 53144.55831737 21.22 308.899581  -1.054533 16.845
 28     2.150 53179.55833068 20.95 308.906217  -1.047314 14.096
 28     2.170 53179.55833133 19.19 308.905497  -1.050614 14.096
 29     0.920 53214.55835346 19.40 308.900134  -1.051939 12.099
 29     1.062 53214.55835411 16.33 308.899404  -1.055239 12.099
 30     2.007 53249.55832244 19.43 308.903061  -1.048760 12.744
 30     2.239 53249.55832308 21.04 308.902331  -1.052060 12.744
 31     1.773 53284.55831914 19.22 308.897164  -1.052112 17.609
 31     1.706 53284.55831978 19.45 308.896434  -1.055422 17.609
 32     0.786 53319.55830650 17.47 308.909182  -1.047640  8.821
 32     1.145 53319.55830714 13.70 308.908452  -1.050940  8.821
 33     1.999 53354.55827421 20.49 308.908586  -1.048930 14.104
 33     2.208 53354.55827485 21.95 308.907856  -1.052240 14.104
 34     0.570 53389.55827829 19.01 308.901724  -1.048759  8.966
 34     1.141 53389.55827893 15.52 308.901004  -1.052069  8.966
 34     1.812 53389.55827958 13.14 308.900274  -1.055369  8.966
 35     1.627 53424.55827651 21.11 308.908822  -1.047999 10.806
 35     1.657 53424.55827716 19.66 308.908092  -1.051299 10.806
 36     2.647 53459.55828144 25.89 308.908588  -1.048318  7.139
 36     2.711 53459.55828209 27.13 308.907858  -1.051618  7.139
 37     1.321 53494.55836770 21.14 308.894426  -1.053091 12.848
 37     1.356 53494.55836834 20.71 308.893696  -1.056391 12.848
 38     2.062 53529.55834141 20.27 308.909512  -1.046561 13.982
 38     2.123 53529.55834205 22.41 308.908782  -1.049871 13.982
 39     2.141 53564.55837374 19.25 308.895923  -1.051736 16.442
 39     2.082 53564.55837439 19.72 308.895203  -1.055046 16.442
 39     2.192 53564.55837503 21.61 308.894473  -1.058346 16.442
 40     1.015 53599.55831452 16.92 308.905983  -1.048678  6.692
 40     1.188 53599.55831516 16.40 308.905253  -1.051978  6.692
 41     2.022 53634.55831201 19.94 308.897957  -1.053107 11.845
 41     2.184 53634.55831266 20.17 308.897227  -1.056407 11.845
 42     0.965 53669.55833390 12.60 308.896593  -1.053473 13.226
 42     0.928 53669.55833454 12.87 308.895863  -1.056773 13.226
 43     0.907 53704.55827020 19.75 308.909580  -1.046445  8.933
 43     0.889 53704.55827084 17.78 308.908850  -1.049745  8.933
 44     2.619 53739.55818055 41.77 308.908485  -1.048661 12.455
 44     2.036 53739.55818120 32.39 308.907765  -1.051971 12.455
 45     0.834 53774.55819956 19.74 308.908949  -1.047871  9.400
 45     1.101 53774.55820021 16.15 308.908229  -1.051181  9.400
 46     2.242 53809.55818323 21.74 308.906505  -1.048291 10.689
 46     2.250 53809.55818387 20.35 308.905775  -1.051591 10.689
 47     2.562 53844.55822574 23.76 308.899556  -1.052968 14.660
 47     2.607 53844.55822639 28.12 308.898826  -1.056278 14.660
 48     2.081 53879.55825354 22.31 308.907218  -1.046761 12.844
 48     1.693 53879.55825419 21.37 308.906488  -1.050071 12.844
 48     1.956 53879.55825483 20.64 308.905758  -1.053371 12.844
 49     2.306 53914.55831057 21.82 308.895437  -1.051676 14.038
 49     2.199 53914.55831121 20.21 308.894707  -1.054986 14.038
 49     2.469 53914.55831185 23.06 308.893987  -1.058296 14.038
 50     1.931 53949.55832245 20.04 308.892343  -1.056642  7.754
 50     2.132 53949.55832310 22.47 308.891613  -1.059952  7.754
 51     1.191 53984.55825934 16.24 308.902691  -1.049075  5.532
 51     1.395 53984.55825998 15.34 308.901961  -1.052375  5.532
 52     2.025 54019.55829421 18.37 308.904266  -1.049415  9.860
 52     2.342 54019.55829486 18.05 308.903536  -1.052715  9.860
 53     0.691 54054.55828468 20.39 308.912648  -1.046536  7.628
 53     0.962 54054.55828533 17.75 308.911918  -1.049846  7.628
 54     1.039 54089.55827509 17.02 308.904685  -1.049219  8.064
 54     1.293 54089.55827573 15.12 308.903955  -1.052519  8.064
 55     2.451 54124.55819977 20.95 308.904325  -1.049442 14.850
 55     2.586 54124.55820042 22.32 308.903605  -1.052752 14.850
 56     1.284 54159.55824157 29.18 308.902007  -1.050397  9.646
 56     1.268 54159.55824221 19.53 308.901277  -1.053697  9.646
 57     2.218 54194.55820210 22.92 308.903773  -1.048566 13.438
 57     2.309 54194.55820275 22.69 308.903043  -1.051876 13.438
 58     2.343 54229.55825267 24.03 308.903618  -1.047919 11.061
 58     2.234 54229.55825331 25.41 308.902888  -1.051219 11.061
 58     2.259 54229.55825396 34.11 308.902158  -1.054529 11.061
 59     1.519 54264.55827129 20.64 308.903888  -1.049340 13.206
 59     1.865 54264.55827194 18.76 308.903158  -1.052640 13.206
 60     2.314 54299.55827537 21.27 308.904669  -1.049828 16.532
 60     2.610 54299.55827602 24.65 308.903939  -1.053128 16.532
 61     1.513 54334.55826479 17.48 308.904809  -1.047377  9.162
 61     1.463 54334.55826543 15.38 308.904079  -1.050677  9.162
 61     1.666 54334.55826607 18.19 308.903349  -1.053987  9.162
 63     2.074 54404.55820925 18.40 308.903423  -1.048238 11.538
 63     2.095 54404.55820989 21.38 308.902703  -1.051548 11.538
 64     1.128 54439.55816667 15.87 308.903081  -1.049696 11.038
 64     1.240 54439.55816731 13.83 308.902351  -1.052996 11.038
 65     1.530 54474.55819583 20.14 308.905311  -1.048229  6.225
 65     1.756 54474.55819647 20.82 308.904591  -1.051539  6.225
 66     2.557 54509.55818001 21.54 308.903548  -1.050345 12.604
 66     2.614 54509.55818066 24.41 308.902828  -1.053645 12.604
 67     1.737 54544.55821034 21.51 308.903934  -1.050281 10.861
 67     2.001 54544.55821099 20.61 308.903214  -1.053591 10.861
 68     2.437 54579.55817797 22.86 308.904273  -1.049972 12.178
 68     2.566 54579.55817861 27.01 308.903543  -1.053282 12.178
 69     2.134 54614.55820023 18.19 308.904420  -1.050154 13.177
 69     2.300 54614.55820088 22.10 308.903690  -1.053464 13.177
 70     1.686 54649.55821065 20.84 308.901771  -1.050309 14.836
 70     1.988 54649.55821129 20.30 308.901051  -1.053609 14.836
 71     2.452 54684.55820648 21.81 308.903223  -1.050247 12.031
 71     2.516 54684.55820712 23.55 308.902493  -1.053547 12.031
 72     1.007 54719.55815446 17.62 308.904743  -1.049496  8.215
 72     1.167 54719.55815510 16.69 308.904013  -1.052806  8.215
 73     1.395 54754.55818073 19.22 308.903002  -1.049119  9.366
 73     1.529 54754.55818138 17.88 308.902272  -1.052429  9.366
 74     1.935 54789.55814825 17.97 308.902513  -1.048900 14.174
 74     2.158 54789.55814889 19.99 308.901793  -1.052200 14.174
 75     0.797 54824.55817590 17.56 308.903826  -1.049820  8.316
 75     0.912 54824.55817655 16.07 308.903096  -1.053120  8.316
 76     2.101 54859.55814103 21.56 308.905074  -1.047300 13.189
 76     2.261 54859.55814167 22.86 308.904354  -1.050600 13.189
 76     2.336 54859.55814232 25.91 308.903624  -1.053910 13.189
 77     2.368 54894.55817777 19.43 308.902034  -1.048637 11.237
 77     2.297 54894.55817841 20.28 308.901314  -1.051947 11.237
 77     2.417 54894.55817906 24.00 308.900584  -1.055247 11.237
 78     2.227 54929.55814047 24.05 308.901572  -1.050876 15.074
 78     2.442 54929.55814112 23.59 308.900842  -1.054176 15.074
 79     2.678 54964.55817722 24.47 308.902808  -1.049394 17.637
 79     2.734 54964.55817787 23.62 308.902078  -1.052704 17.637
 80     1.828 54999.55819828 29.71 308.900401  -1.050098 10.888
 80     1.899 54999.55819893 22.41 308.899681  -1.053398 10.888
 81     2.121 55034.55818371 21.40 308.904359  -1.047456 16.425
 81     2.044 55034.55818435 22.71 308.903639  -1.050756 16.425
 81     2.271 55034.55818500 24.83 308.902908  -1.054067 12.840
 82     2.387 55069.55817348 21.16 308.904087  -1.048116 12.399
 82     2.380 55069.55817413 22.20 308.903367  -1.051426 12.399
 83     1.020 55104.55811532 20.48 308.901466  -1.051247  9.238
 83     1.685 55104.55811596 15.23 308.900736  -1.054557  9.238
 84     1.432 55139.55812145 18.98 308.903413  -1.049817  7.951
 84     1.571 55139.55812209 18.56 308.902693  -1.053127  7.951
 85     1.783 55174.55808141 23.92 308.904775  -1.048190  7.792
 85     1.797 55174.55808206 25.55 308.904045  -1.051490  7.792
 86     1.275 55209.55811668 19.56 308.903641  -1.047506  8.764
 86     1.277 55209.55811732 18.27 308.902921  -1.050816  8.764
 86     1.463 55209.55811797 17.27 308.902191  -1.054126  8.764
 87     2.421 55244.55808844 20.67 308.902739  -1.048452 14.434
 87     2.508 55244.55808908 21.87 308.902009  -1.051752 14.434
 88     1.630 55279.55811018 27.90 308.902905  -1.048793 11.383
 88     1.572 55279.55811083 23.51 308.902175  -1.052103 11.383
 89     2.195 55314.55807437 26.86 308.903313  -1.047483 14.373
 89     2.110 55314.55807502 25.71 308.902593  -1.050793 14.373
 89     2.303 55314.55807566 26.46 308.901863  -1.054093 14.373
 90     2.329 55349.55808175 20.88 308.903683  -1.049439 13.295
 90     2.388 55349.55808240 22.85 308.902953  -1.052749 13.295
 91     1.169 55384.55807457 17.61 308.901924  -1.050801 12.808
 91     1.198 55384.55807521 17.66 308.901204  -1.054101 12.808
 92     2.066 55419.55809989 22.78 308.904317  -1.049042 11.000
 92     2.141 55419.55810053 24.87 308.903587  -1.052342 11.000
 93     1.992 55454.55807827 18.75 308.904049  -1.048718 10.558
 93     2.067 55454.55807891 19.64 308.903329  -1.052028 10.558
 94     0.351 55489.55799763 32.47 308.905275  -1.047385  5.153
 94     0.385 55489.55799828 36.43 308.904555  -1.050696  7.439
