#    0.000   0.000   0.000 ;Mean Elev.(m), Avg Gradient(m/km), RMS Gradient(m/km) - SRTM1     
#    0.000   0.000   0.000 ;Mean Elev.(m), Avg Gradient(m/km), RMS Gradient(m/km) - ASTER GDEM
#    1.402   0.239   1.418 ;Mean Elev.(m), Avg Gradient(m/km), RMS Gradient(m/km) - GMTED2010 
  6 304.510989  -1.956842    10.237    10.119 14 52420.07165788 27.198
  7 304.510539  -1.956196    10.316    10.255 14 52455.07168232 25.604
  8 304.521378  -1.964976     9.698     9.684 17 52490.07165580 25.645
  9 304.515343  -1.960765     8.694     8.637 16 52525.07163487 17.961
 10 304.512977  -1.958593     5.094     5.902 15 52560.07168422 20.846
 11 304.507072  -1.953518     3.640     4.138 13 52595.07169183 20.317
 12 304.518865  -1.962534     6.046     5.802 16 52630.07162214 17.494
 14 304.522490  -1.965494     8.596     8.729 17 52700.07162411 26.052
 15 304.521568  -1.965451     8.695     8.702 17 52735.07165526 25.545
 16 304.514000  -1.958359     9.771     9.859 15 52770.07164502 27.877
 17 304.513789  -1.958941    10.136    10.106 15 52805.07168122 26.181
 18 304.516376  -1.959863     9.590     9.597 16 52840.07174231 22.193
 19 304.515045  -1.959371     8.741     8.894 15 52875.07178151 26.024
 20 304.522009  -1.964809     7.343     7.290 17 52910.07175195 25.306
 21 304.523294  -1.966165     5.818     5.517 17 52945.07169270 16.637
 23 304.513015  -1.958922     6.160     5.987 15 53015.07174028 13.151
 24 304.517114  -1.962356     7.969     7.735 16 53050.07171401 26.023
 25 304.505884  -1.952155     9.127     9.309 14 53085.07175195 21.175
 26 304.512161  -1.957301     9.578     9.532 15 53120.07172108 28.358
 27 304.507955  -1.954769     9.838     9.849 14 53155.07177489 25.048
 28 304.522364  -1.966262     9.269     9.213 17 53190.07176258 22.706
 29 304.518314  -1.961993     8.622     8.620 16 53225.07177330 19.240
 30 304.510168  -1.955395     7.489     7.530 14 53260.07174936 20.285
 31 304.505525  -1.953134     5.934     5.667 13 53295.07177814 16.516
 32 304.516590  -1.961451     5.281     5.136 16 53330.07174915 14.635
 33 304.519265  -1.962720     6.124     6.060 16 53365.07169844 12.142
 35 304.518052  -1.962813     8.537     8.243 16 53435.07171343 21.837
 36 304.512698  -1.958248     9.749     9.738 15 53470.07175968 22.856
 38 304.512566  -1.957772     9.885     9.847 14 53540.07180080 22.841
 39 304.511348  -1.956867     9.264     9.262 14 53575.07179525 26.478
 40 304.513167  -1.959360     7.567     7.553 15 53610.07174528 15.250
 41 304.515173  -1.959205     4.321     3.871 16 53645.07174848 18.742
 42 304.508815  -1.955245     3.621     3.618 14 53680.07176642 32.568
 43 304.519175  -1.962727     5.469     5.185 16 53715.07169274 22.172
 44 304.521894  -1.964430     7.232     7.031 17 53750.07160862 27.878
 45 304.520101  -1.963792     8.724     8.628 17 53785.07163922 22.491
 46 304.518975  -1.962735     9.308     9.542 16 53820.07159865 26.490
 47 304.510129  -1.955430    10.835    10.842 14 53855.07168392 33.829
 48 304.523221  -1.966279    10.990    11.187 17 53890.07169134 29.744
 49 304.502542  -1.948923    10.267    10.317 12 53925.07176061 31.792
 50 304.506344  -1.951851     9.343     9.255 13 53960.07174872 19.063
 51 304.518832  -1.962040     6.749     6.544 17 53995.07168142 21.988
 52 304.518081  -1.962208     6.198     5.743 16 54030.07173827 12.674
 53 304.519067  -1.962015     4.984     4.706 17 54065.07173159 21.971
 55 304.515705  -1.960695     7.802     7.820 15 54135.07165778 29.936
 57 304.514801  -1.960249     9.423     9.362 15 54205.07166194 22.282
 58 304.515999  -1.960156    10.121    10.067 16 54240.07169641 26.261
 59 304.515733  -1.959823    10.324    10.351 16 54275.07171296 26.698
 61 304.516555  -1.960439     8.275     8.311 16 54345.07168958 18.834
 62 304.516067  -1.961165     5.140     4.947 16 54380.07164987 19.701
 63 304.515563  -1.960732     4.983     4.661 16 54415.07163779 16.198
 65 304.517753  -1.961906     7.860     7.550 17 54485.07163266 25.662
 66 304.517264  -1.962010     9.078     9.078 16 54520.07163061 20.523
 67 304.515109  -1.959428     9.719     9.756 15 54555.07164445 23.167
 68 304.515105  -1.960073    10.487    10.648 16 54590.07162754 28.300
 69 304.515279  -1.960416    10.823    10.766 15 54625.07164411 26.679
 70 304.513316  -1.959421    10.593    10.554 15 54660.07165245 25.619
 71 304.516198  -1.960493     9.098     9.110 16 54695.07163118 19.661
 72 304.515892  -1.960342     6.860     6.817 15 54730.07160751 20.997
 73 304.515427  -1.959709     4.033     4.617 15 54765.07160926 20.636
 74 304.514872  -1.960120     5.639     5.565 15 54800.07160045 22.135
 75 304.514969  -1.959101     7.181     7.096 16 54835.07160095 22.864
 76 304.516309  -1.961324     9.141     9.244 16 54870.07159798 17.818
 77 304.513323  -1.959332     9.874    10.355 15 54905.07160923 27.219
 78 304.515230  -1.960095    10.962    10.884 16 54940.07158982 27.070
 79 304.514388  -1.959352    11.545    11.583 15 54975.07162035 34.577
 80 304.514266  -1.959034    11.310    11.321 16 55010.07163199 37.597
 81 304.515861  -1.960094    10.679    10.650 16 55045.07162235 30.417
 82 304.515742  -1.960885     9.196     9.221 16 55080.07159774 21.517
 83 304.516045  -1.960043     5.810     6.096 16 55115.07155450 20.963
 84 304.514368  -1.959471     5.979     5.060 15 55150.07155380 15.489
 85 304.515000  -1.959729     6.195     5.966 16 55185.07153871 12.353
 86 304.514266  -1.958935     7.053     7.187 16 55220.07155232 18.758
 87 304.517246  -1.961614     7.451     7.910 16 55255.07153389 20.840
 88 304.514333  -1.959215     8.863     8.905 16 55290.07154137 21.213
 89 304.512704  -1.957187     9.778     9.977 15 55325.07152193 29.166
 90 304.514337  -1.958722    10.289    10.340 15 55360.07151883 25.659
 91 304.515086  -1.959489     9.955     9.947 15 55395.07152346 27.517
 92 304.517130  -1.962295     7.981     7.951 16 55430.07153364 28.183
 93 304.517592  -1.962521     3.732     2.795 16 55465.07149540 21.958
