# NaN NaN NaN ;Mean Elev.(m), Avg Gradient(m/km), RMS Gradient(m/km) - SRTM1     
# NaN NaN NaN ;Mean Elev.(m), Avg Gradient(m/km), RMS Gradient(m/km) - ASTER GDEM
#    4.445   0.140   3.962 ;Mean Elev.(m), Avg Gradient(m/km), RMS Gradient(m/km) - GMTED2010 
  8 309.125524  -0.037710     0.729     0.744  3 52497.05806415 28.690
  9 309.120144  -0.037744     2.066     1.996  3 52532.05805087 25.231
 10 309.127217  -0.038113     1.061     1.036  3 52567.05807369 15.729
 11 309.118244  -0.037970     0.148     0.148  2 52602.05808011 19.438
 12 309.119950  -0.036967     2.294     2.350  3 52637.05804779 21.945
 13 309.121486  -0.038381     0.634     0.656  3 52672.05805108 18.259
 14 309.123569  -0.037998     1.137     1.182  3 52707.05805270 22.249
 15 309.118667  -0.038056     2.164     2.164  2 52742.05808429 40.905
 16 309.125962  -0.037907     1.845     1.579  3 52777.05802618 21.370
 17 309.119673  -0.038740     2.016     2.067  3 52812.05810515 24.354
 18 309.121673  -0.037672     0.565     0.584  3 52847.05815998 28.692
 19 309.120067  -0.039052     0.878     0.947  3 52882.05819630 18.920
 20 309.124680  -0.037369     2.271     2.271  2 52917.05815345 26.092
 21 309.127607  -0.037368     1.067     1.043  3 52952.05811457 17.108
 22 309.130504  -0.038235     1.280     1.366  3 52987.05812976 10.427
 23 309.127289  -0.038458     2.388     2.432  3 53022.05811869 25.153
 24 309.129470  -0.038798     0.579     0.579  2 53057.05811020 52.037
 25 309.115302  -0.039389     1.558     1.536  3 53092.05814798 43.343
 26 309.126110  -0.039010     1.609     1.649  3 53127.05811876 25.454
 27 309.116754  -0.038258     1.072     1.013  3 53162.05818281 21.837
 28 309.124235  -0.038436     2.160     2.160  2 53197.05818167 35.832
 29 309.129606  -0.038451     0.530     0.599  3 53232.05816083 20.966
 30 309.121506  -0.037838     0.856     0.749  3 53267.05813020 18.362
 31 309.113670  -0.037179     1.685     1.701  3 53302.05818403 19.002
 32 309.122319  -0.038476    -0.127    -0.127  2 53337.05815363 19.740
 33 309.124877  -0.037604     1.204     1.204  2 53372.05808928 16.915
 35 309.123227  -0.038680     1.678     1.557  3 53442.05811183 20.170
 36 309.117214  -0.037253     1.929     1.974  3 53477.05818229 25.958
 37 309.122183  -0.038167     0.483     0.483  2 53512.05819484 53.765
 38 309.117897  -0.038670     0.964     1.038  3 53547.05821245 38.396
 39 309.122500  -0.036894     1.819     1.795  3 53582.05818283 23.966
 40 309.119543  -0.037200     0.131    -0.002  3 53617.05813831 21.218
 41 309.123166  -0.037773     0.232     0.232  2 53652.05815516 21.412
 42 309.118808  -0.038642     1.160     1.055  3 53687.05815883 21.146
 43 309.125644  -0.038208     0.425     0.528  3 53722.05808429 18.414
 44 309.130225  -0.037647     1.670     1.757  3 53757.05801645 19.478
 45 309.127060  -0.038493     1.276     1.276  2 53792.05804140 23.307
 46 309.127653  -0.038794     1.320     1.326  3 53827.05800600 28.808
 47 309.119333  -0.037542     2.326     2.326  2 53862.05809424 40.401
 48 309.123724  -0.038522     0.300     0.300  2 53897.05811521 28.459
 49 309.113103  -0.039837     1.297     1.325  3 53932.05816469 51.531
 50 309.116530  -0.037925     1.075     1.100  3 53967.05813954 25.658
 51 309.125615  -0.038401     0.629     0.617  3 54002.05810330 18.870
 52 309.125480  -0.037748     1.013     1.013  2 54037.05814210 17.191
 53 309.124551  -0.038852     1.417     1.378  3 54072.05813583 22.796
 54 309.121690  -0.037256     0.513     0.533  3 54107.05808650 26.321
 55 309.122209  -0.036970     1.544     1.538  3 54142.05807112 27.983
 56 309.122271  -0.038847     0.348     0.327  3 54177.05806833 24.659
 57 309.121406  -0.037254     1.193     1.184  3 54212.05807782 34.881
 58 309.121990  -0.037023     1.817     1.809  3 54247.05810771 18.793
 60 309.124415  -0.037279     1.299     1.396  3 54317.05811539 36.258
 61 309.123424  -0.038228     0.715     0.715  2 54352.05808156 19.885
 62 309.123844  -0.037216     0.335     0.335  2 54387.05805481 18.893
 63 309.122714  -0.038873     1.463     1.455  3 54422.05803100 18.731
 64 309.123998  -0.038209     0.647     0.647  2 54457.05802802 17.812
 65 309.123684  -0.037018     1.709     1.482  3 54492.05803365 18.364
 66 309.124924  -0.037976     2.194     2.194  2 54527.05804069 43.951
 67 309.122432  -0.037570    -0.041    -0.041  2 54562.05804176 40.861
 68 309.122517  -0.037893     1.667     1.623  3 54597.05803715 34.045
 69 309.121448  -0.037197     0.925     0.853  3 54632.05805049 23.613
 70 309.121404  -0.038565     0.568     0.604  3 54667.05805592 21.769
 71 309.124387  -0.038374     1.536     1.468  3 54702.05802328 24.648
 72 309.122947  -0.038173     0.292     0.301  3 54737.05801669 19.263
 73 309.124204  -0.038017     0.326     0.291  3 54772.05800362 21.278
 74 309.121975  -0.038139     1.684     1.684  2 54807.05800979 16.489
 75 309.123225  -0.037563     0.627     0.534  3 54842.05800062 17.723
 76 309.121627  -0.037540     1.570     1.570  2 54877.05801200 18.350
 77 309.121466  -0.038535     1.905     1.927  3 54912.05800482 18.289
 78 309.121083  -0.038404     0.807     0.867  3 54947.05800467 38.887
 79 309.121409  -0.038763     2.034     2.017  3 54982.05803063 29.582
 80 309.122951  -0.037752     1.082     1.091  3 55017.05803011 17.264
 81 309.123828  -0.037870     0.916     0.939  3 55052.05802528 18.691
 82 309.122095  -0.037433     1.729     1.729  2 55087.05798943 17.135
 83 309.124105  -0.037044     0.135     0.131  3 55122.05796001 32.939
 84 309.121893  -0.037967     0.783     0.674  3 55157.05794909 16.906
 85 309.122417  -0.038478     2.095     2.124  3 55192.05794960 19.827
 86 309.121905  -0.037260     1.129     0.827  3 55227.05795050 20.059
 87 309.123852  -0.038437     1.659     1.659  2 55262.05794460 20.635
 89 309.120751  -0.036925     1.347     1.114  3 55332.05792570 18.706
 90 309.123287  -0.037425     2.055     2.018  3 55367.05791754 29.372
 91 309.123016  -0.038032     0.010     0.010  2 55402.05793143 43.478
 92 309.124537  -0.038238     0.744     0.791  3 55437.05793515 33.396
 93 309.123516  -0.037741     1.960     1.924  3 55472.05788530 21.946
