#    0.000   0.000   0.000 ;Mean Elev.(m), Avg Gradient(m/km), RMS Gradient(m/km) - SRTM1     
#    0.000   0.000   0.000 ;Mean Elev.(m), Avg Gradient(m/km), RMS Gradient(m/km) - ASTER GDEM
#    0.000  -0.603   5.544 ;Mean Elev.(m), Avg Gradient(m/km), RMS Gradient(m/km) - GMTED2010 
  7 308.630284  -1.116769     1.470     1.484 11 52446.05988508 11.319
  8 308.634736  -1.109066     2.154     2.196 11 52481.05987775 19.179
  9 308.641203  -1.098725     2.176     2.162 12 52516.05983065 13.843
 10 308.634234  -1.109043     0.662     0.728 11 52551.05987623 16.053
 11 308.644035  -1.093665     1.743     1.707 13 52586.05985097 13.586
 12 308.636346  -1.103780     0.760     0.704 12 52621.05982916 16.856
 15 308.639272  -1.102245     1.383     1.334 12 52726.05985911 15.536
 16 308.630073  -1.116385     2.358     2.342 11 52761.05987305 16.298
 17 308.642297  -1.095901     2.475     2.401 13 52796.05983533 15.555
 18 308.643382  -1.094011     1.298     1.233 12 52831.05990199 16.307
 19 308.644808  -1.091547     2.259     2.189 13 52866.05994606 15.728
 20 308.636878  -1.104371     1.440     1.374 11 52901.05997243 14.275
 21 308.636457  -1.105268     0.590     0.494 12 52936.05991348 18.376
 22 308.637449  -1.104726     2.211     2.203 12 52971.05993680 15.229
 23 308.633395  -1.109399     0.352     0.497 11 53006.05994999 20.628
 24 308.635686  -1.105449     1.649     1.693 12 53041.05990278 17.897
 25 308.635140  -1.107661     2.591     2.594 11 53076.05993478 16.256
 26 308.633459  -1.109480 14378.381 14378.324 11 53111.05990458 17.290
 27 308.635532  -1.105914     2.211     2.183 12 53146.05994823 22.127
 28 308.641106  -1.098707     2.491     2.454 13 53181.05995753 52.035
 29 308.636664  -1.104770     1.279     1.225 12 53216.05997909 18.792
 30 308.635176  -1.107152     2.389     2.404 11 53251.05995727 16.911
 31 308.633574  -1.109202     0.483     0.408 12 53286.05994944 19.213
 32 308.644944  -1.093525     0.805     0.776 13 53321.05992847 22.296
 33 308.642930  -1.095599     2.194     2.128 13 53356.05989764 16.001
 34 308.637349  -1.104697     0.419     0.142 12 53391.05990857 17.693
 35 308.641616  -1.097147     1.919     1.856 13 53426.05990645 15.768
 36 308.641620  -1.096704     2.676     2.640 12 53461.05991646 16.726
 37 308.632048  -1.110754     1.871     1.826 11 53496.05999442 16.505
 38 308.641560  -1.096808     2.421     2.397 13 53531.05997457 15.247
 39 308.633466  -1.111147     1.761     1.786 11 53566.05999807 16.566
 40 308.639908  -1.101617     1.397     1.361 12 53601.05994288 15.786
 41 308.635311  -1.107361     2.136     2.121 12 53636.05993920 13.710
 42 308.633876  -1.108644    -0.147    -0.226 12 53671.05995991 21.223
 43 308.643203  -1.093892     0.630     0.546 13 53706.05989467 20.539
 44 308.641250  -1.097730     2.179     2.144 13 53741.05980727 14.906
 45 308.642281  -1.096411     1.273     1.242 13 53776.05983002 18.576
 46 308.640288  -1.099624     2.565     2.523 13 53811.05980951 19.042
 47 308.635944  -1.105632     2.483     2.482 12 53846.05985630 18.310
 48 308.641354  -1.097365     2.214     2.176 13 53881.05988228 34.749
 49 308.632514  -1.111974     2.286     2.355 11 53916.05993900 11.988
 50 308.631488  -1.114894     1.230     1.261 11 53951.05994587 18.020
 52 308.639002  -1.102072     1.989     1.967 12 54021.05992420 14.832
 53 308.644302  -1.092351    -1.235    -1.198 13 54056.05991706 30.630
 54 308.639297  -1.102251     1.644     1.548 12 54091.05990081 16.385
 55 308.639116  -1.100565     2.462     2.430 12 54126.05983186 16.181
 56 308.637759  -1.105153     1.744     1.684 12 54161.05986851 14.583
 57 308.638487  -1.100593     2.496     2.459 12 54196.05983343 17.013
 58 308.638727  -1.103350     1.412     1.440 12 54231.05988169 24.789
 59 308.638776  -1.100925     2.037     1.965 12 54266.05989981 17.838
 60 308.639501  -1.101591     2.373     2.322 12 54301.05990420 17.751
 61 308.639144  -1.102861     1.160     1.081 12 54336.05989193 14.083
 62 308.639218  -1.100139     1.789     1.737 12 54371.05983642 14.651
 63 308.638135  -1.103507     1.383     1.376 12 54406.05983635 14.888
 64 308.639478  -1.101247     0.466     0.520 12 54441.05979449 18.971
 65 308.639570  -1.100630     2.064     1.978 13 54476.05982454 17.009
 66 308.639228  -1.101274     2.061     2.058 12 54511.05981029 16.155
 67 308.638465  -1.100895     2.222     2.201 12 54546.05983866 24.082
 68 308.639853  -1.101704     1.797     1.793 12 54581.05980621 25.298
 69 308.639476  -1.101285     1.843     1.844 12 54616.05982814 19.797
 70 308.636924  -1.103270     2.210     2.166 12 54651.05984041 18.980
 71 308.638026  -1.101907     2.116     2.099 12 54686.05983337 19.028
 72 308.639100  -1.099997     0.943     0.886 12 54721.05978637 14.958
 73 308.638493  -1.104236     1.763     1.730 12 54756.05980746 14.452
 74 308.638156  -1.104526     1.133     1.128 12 54791.05977818 12.135
 75 308.638693  -1.101362     1.160     1.185 12 54826.05980473 19.056
 76 308.639208  -1.100932     2.396     2.412 13 54861.05977299 35.368
 77 308.637522  -1.103997     1.850     1.807 12 54896.05980471 16.898
 78 308.637421  -1.102899     2.696     2.667 12 54931.05976976 21.355
 79 308.637935  -1.102747     2.847     2.805 12 54966.05980632 18.451
 80 308.636197  -1.105854     1.755     1.621 12 55001.05982559 18.052
 81 308.639287  -1.100882     2.570     2.446 13 55036.05981198 21.007
 82 308.638262  -1.102763     1.878     1.823 12 55071.05980072 15.295
 83 308.637816  -1.103583     1.177     1.097 12 55106.05974371 14.143
 84 308.638040  -1.103224     1.778     1.749 12 55141.05974959 13.602
 85 308.639440  -1.100205     0.760     0.717 12 55176.05971266 19.108
 86 308.638076  -1.101517     1.595     1.570 12 55211.05974498 15.303
 87 308.638509  -1.102395     2.507     2.492 12 55246.05971682 16.680
 88 308.637796  -1.103188     1.285     1.198 12 55281.05973798 13.891
 89 308.637748  -1.104719     2.399     2.338 12 55316.05970531 17.704
 90 308.638205  -1.101888     2.237     2.194 12 55351.05971060 22.125
 91 308.637753  -1.104938     1.281     1.251 12 55386.05970421 16.814
 92 308.638907  -1.100781     2.467     2.378 12 55421.05972892 18.804
 93 308.638204  -1.100506     0.461     0.504 12 55456.05970467 19.259
