#    0.000   0.000   0.000 ;Mean Elev.(m), Avg Gradient(m/km), RMS Gradient(m/km) - SRTM1     
#    0.000   0.000   0.000 ;Mean Elev.(m), Avg Gradient(m/km), RMS Gradient(m/km) - ASTER GDEM
#    1.560   0.142   1.734 ;Mean Elev.(m), Avg Gradient(m/km), RMS Gradient(m/km) - GMTED2010 
  8 305.730598  -2.402707     6.891     6.807 14 52485.56648752 31.943
  9 305.730936  -2.404671     6.041     5.973 14 52520.56645345 28.389
 10 305.725478  -2.402199     4.811     4.771 11 52555.56650438 19.251
 11 305.728729  -2.401712     3.842     3.539 13 52590.56649362 21.511
 12 305.737614  -2.399877     4.156     4.160 12 52625.56642093 15.561
 13 305.730806  -2.404303     5.078     5.085 15 52660.56645938 25.323
 14 305.733158  -2.402473     5.746     5.583 14 52695.56643819 30.170
 15 305.736972  -2.400346     6.042     5.715 12 52730.56646784 21.735
 16 305.725142  -2.401954     6.511     6.739 12 52765.56647806 27.742
 17 305.733987  -2.401828     7.525     7.511 13 52800.56647127 39.964
 18 305.734748  -2.402007     7.375     7.477 13 52835.56653881 42.141
 19 305.735581  -2.401535     6.339     6.306 13 52870.56657996 21.488
 20 305.732414  -2.403576     5.414     5.346 13 52905.56658069 21.677
 21 305.732406  -2.404514     3.914     3.833 14 52940.56651279 19.770
 22 305.729846  -2.402527     4.087     3.913 13 52975.56655942 20.302
 23 305.727285  -2.402533     4.615     4.150 12 53010.56656332 23.626
 24 305.729176  -2.402707     5.618     5.520 13 53045.56652625 30.895
 25 305.725444  -2.403258     5.968     6.145 12 53080.56656067 33.935
 26 305.725791  -2.403518     6.475     6.662 12 53115.56653079 33.991
 27 305.726343  -2.403218     6.680     6.722 12 53150.56657792 31.618
 28 305.739830  -2.398754     6.549     6.553 13 53185.56656623 24.763
 29 305.731591  -2.405018     6.267     6.200 14 53220.56659358 27.037
 30 305.727117  -2.403026     5.308     5.254 12 53255.56657001 23.472
 32 305.736098  -2.400927     3.903     3.912 13 53325.56655515 19.870
 33 305.736601  -2.400268     2.514     2.661 13 53360.56651419 21.392
 34 305.729704  -2.403945     4.385     4.596 13 53395.56653394 35.620
 35 305.734620  -2.402412     5.388     5.567 13 53430.56652618 24.849
 36 305.731866  -2.403709     6.874     7.252 14 53465.56655495 28.845
 37 305.724719  -2.402856     7.064     7.371 11 53500.56661482 27.911
 38 305.732483  -2.404263     6.797     6.964 14 53535.56660337 25.785
 39 305.726017  -2.401688     6.059     6.176 12 53570.56661337 26.753
 40 305.731928  -2.403798     5.299     5.406 15 53605.56656094 23.407
 41 305.728667  -2.401886     3.812     3.746 12 53640.56656033 19.321
 42 305.726180  -2.402020     3.074     2.876 11 53675.56658028 12.821
 43 305.736564  -2.399877     3.740     3.694 12 53710.56650949 16.100
 44 305.734098  -2.402440     5.050     5.482 13 53745.56641961 23.180
 45 305.736483  -2.399780     6.351     6.327 12 53780.56645043 28.861
 46 305.734756  -2.402760     6.882     7.058 13 53815.56642037 26.621
 47 305.727486  -2.402244     7.546     7.564 12 53850.56648629 32.880
 48 305.740179  -2.397993     8.344     8.318 12 53885.56649532 36.591
 49 305.722620  -2.402355     7.400     7.561 11 53920.56656517 39.658
 50 305.722771  -2.402973     6.425     6.425 12 53955.56656386 31.774
 51 305.736964  -2.399489     4.887     4.913 12 53990.56648117 19.444
 52 305.731668  -2.405249     3.949     3.715 14 54025.56654803 20.408
 53 305.737978  -2.400024     3.793     3.380 12 54060.56654035 12.628
 54 305.731208  -2.403328     4.714     4.670 14 54095.56651550 24.537
 55 305.732093  -2.403887     5.373     5.521 14 54130.56646105 27.958
 56 305.729850  -2.403803     5.968     6.128 14 54165.56648755 31.793
 57 305.730972  -2.404027     7.212     7.228 14 54200.56646412 35.808
 58 305.732934  -2.402710     6.815     7.076 14 54235.56650100 27.053
 59 305.732464  -2.403174     7.161     7.362 14 54270.56652200 25.792
 60 305.731849  -2.405031     6.914     6.859 14 54305.56652527 25.046
 61 305.732692  -2.403493     6.050     6.116 13 54340.56650719 26.498
 62 305.731671  -2.403969     4.541     4.372 14 54375.56645948 20.028
 63 305.730519  -2.405560     4.255     4.199 14 54410.56645439 20.593
 64 305.731532  -2.404504     4.419     4.342 15 54445.56642305 26.413
 65 305.732643  -2.403610     5.616     5.526 14 54480.56644512 28.358
 66 305.732713  -2.402394     6.395     6.545 14 54515.56643705 31.033
 67 305.731021  -2.405452     7.368     7.442 14 54550.56645825 39.354
 68 305.732303  -2.403671     7.829     8.006 14 54585.56643244 31.375
 69 305.731227  -2.404311     8.005     8.299 15 54620.56645238 30.391
 70 305.729987  -2.403940     7.538     7.722 13 54655.56646262 28.030
 71 305.731170  -2.404682     6.555     6.721 14 54690.56644822 27.766
 72 305.732428  -2.403985     5.213     5.187 14 54725.56641318 20.667
 73 305.730227  -2.404451     4.299     4.049 14 54760.56642557 23.051
 74 305.730125  -2.404982     4.278     4.084 14 54795.56640676 23.216
 75 305.731088  -2.404542     5.131     5.064 14 54830.56642506 27.290
 76 305.732210  -2.402656     6.102     6.237 14 54865.56640153 31.641
 77 305.729761  -2.402896     7.347     7.577 14 54900.56642419 34.604
 78 305.731653  -2.404631     8.036     8.251 14 54935.56639255 30.279
 79 305.732038  -2.403786     8.505     8.760 14 54970.56642551 29.872
 80 305.729532  -2.401424     8.245     8.370 13 55005.56644512 30.893
 81 305.732656  -2.403113     7.824     8.001 13 55040.56643268 27.332
 82 305.731045  -2.405263     6.708     6.800 14 55075.56641539 26.193
 83 305.731474  -2.403623     4.986     4.892 14 55110.56636601 28.016
 84 305.730066  -2.402413     4.104     3.820 13 55145.56636834 18.111
 85 305.731682  -2.404418     3.956     3.622 14 55180.56634242 12.814
 86 305.730715  -2.405349     5.032     5.024 14 55215.56636362 30.071
 87 305.733252  -2.402538     5.692     5.909 14 55250.56633944 29.084
 88 305.730146  -2.404646     6.256     6.373 14 55285.56635650 35.210
 89 305.729972  -2.403836     7.202     7.563 14 55320.56632959 33.518
 90 305.730820  -2.403149     7.215     7.249 14 55355.56633068 35.779
 91 305.730501  -2.403673     6.910     6.932 13 55390.56633062 34.676
 92 305.731987  -2.405077     6.107     6.096 14 55425.56634740 26.386
 93 305.732802  -2.403563     4.173     3.961 14 55460.56631587 20.085
