#    0.000   0.000   0.000 ;Mean Elev.(m), Avg Gradient(m/km), RMS Gradient(m/km) - SRTM1     
#    0.000   0.000   0.000 ;Mean Elev.(m), Avg Gradient(m/km), RMS Gradient(m/km) - ASTER GDEM
#    5.366   0.117   3.790 ;Mean Elev.(m), Avg Gradient(m/km), RMS Gradient(m/km) - GMTED2010 
  8 301.222451  -3.348134    18.226    18.306 20 52480.08139801 31.097
  9 301.231668  -3.343012    16.403    16.423 20 52515.08134693 21.907
 11 301.233642  -3.344240     8.515     8.603 20 52585.08137201 36.113
 12 301.224341  -3.347049    11.380    11.358 20 52620.08135182 38.969
 14 301.226164  -3.345646    13.795    13.572 20 52690.08133492 26.590
 15 301.228047  -3.346327    14.868    15.024 20 52725.08137848 35.060
 16 301.215545  -3.346524    17.094    17.106 18 52760.08139690 43.025
 17 301.231765  -3.344983    17.990    17.968 20 52795.08135334 35.633
 18 301.233133  -3.343565    18.053    18.075 20 52830.08142033 39.369
 19 301.234829  -3.343049    16.745    16.726 19 52865.08146454 30.098
 20 301.225148  -3.345497    14.406    14.358 20 52900.08149325 20.436
 21 301.224718  -3.348156    10.508    10.493 20 52935.08143545 41.423
 22 301.226608  -3.345020    11.878    11.635 20 52970.08145417 16.512
 23 301.220632  -3.345904    10.842    10.524 19 53005.08147091 19.025
 24 301.224455  -3.347507    12.500    13.576 20 53040.08142085 40.318
 25 301.223574  -3.345975    13.301    13.788 20 53075.08145266 40.054
 26 301.221384  -3.346557    15.693    15.869 20 53110.08142251 23.876
 27 301.224290  -3.344548    15.798    16.223 19 53145.08146491 24.366
 28 301.230245  -3.345624    17.048    17.129 20 53180.08147688 34.911
 29 301.225144  -3.346574    16.214    16.278 20 53215.08149874 39.718
 30 301.226545  -3.347023    14.209    14.421 20 53250.08146917 30.959
 31 301.222048  -3.346020    11.578    11.615 20 53285.08146643 43.560
 32 301.233731  -3.343627    10.090    10.083 20 53320.08145069 30.565
 33 301.232306  -3.343782    11.076    11.044 20 53355.08141879 33.132
 34 301.226119  -3.345294    12.617    12.640 20 53390.08142577 29.384
 35 301.231760  -3.342967    13.848    13.896 20 53425.08142379 16.940
 36 301.232937  -3.344486    16.702    16.668 20 53460.08142879 26.719
 37 301.219575  -3.346499    17.120    17.490 20 53495.08151384 27.948
 38 301.232458  -3.344385    18.276    18.270 20 53530.08148943 39.208
 39 301.221167  -3.348911    16.813    16.829 20 53565.08151859 30.315
 40 301.229375  -3.345385    13.938    13.821 20 53600.08146116 19.226
 41 301.223799  -3.347594     9.551     8.758 20 53635.08145772 27.262
 42 301.222048  -3.347115     8.693     6.507 20 53670.08147908 27.037
 43 301.232836  -3.343051     9.695     9.508 20 53705.08141538 23.339
 44 301.231558  -3.345645    12.263    12.136 20 53740.08132610 22.271
 45 301.232677  -3.344442    15.009    15.075 20 53775.08134670 31.638
 46 301.229825  -3.345319    17.166    17.236 21 53810.08132895 41.781
 47 301.224974  -3.347054    17.987    18.006 20 53845.08137262 41.543
 48 301.230798  -3.343962    18.813    18.951 20 53880.08140064 38.012
 49 301.220570  -3.349129    18.500    18.620 20 53915.08145716 29.549
 50 301.218062  -3.346667    16.788    16.782 19 53950.08146720 28.308
 51 301.226629  -3.344947    13.193    13.196 20 53985.08140427 34.978
 52 301.228527  -3.345506     9.401     8.803 21 54020.08144147 20.288
 53 301.235449  -3.342375     9.694     8.635 20 54055.08143259 20.298
 54 301.228905  -3.346468    11.796    11.705 21 54090.08141984 23.542
 55 301.228933  -3.345883    13.925    13.859 20 54125.08134753 27.519
 57 301.228568  -3.346379    15.633    15.662 21 54195.08134879 36.527
 58 301.227762  -3.347068    17.602    17.605 21 54230.08139975 38.154
 59 301.228116  -3.346334    18.395    18.492 20 54265.08141808 40.472
 61 301.228434  -3.346749    15.853    15.826 21 54335.08141100 34.005
 63 301.227582  -3.347474     9.527     9.059 21 54405.08135500 19.772
 64 301.228281  -3.345274    12.424    11.586 20 54440.08131285 14.639
 65 301.229410  -3.346043    13.580    13.271 20 54475.08134225 13.912
 66 301.228709  -3.346131    15.194    15.287 21 54510.08132668 29.680
 67 301.228380  -3.346793    16.801    16.885 20 54545.08135634 25.411
 68 301.229001  -3.346154    17.621    17.765 20 54580.08132409 37.426
 69 301.228825  -3.346372    18.826    18.843 20 54615.08134653 44.871
 70 301.225844  -3.345320    18.714    18.706 20 54650.08135814 33.405
 71 301.227532  -3.347093    16.982    16.996 20 54685.08135226 24.720
 72 301.229210  -3.346217    13.665    13.585 21 54720.08130229 28.657
 73 301.227732  -3.347568    10.223     9.959 21 54755.08132617 29.713
 74 301.227487  -3.347240    10.285    10.089 20 54790.08129483 22.181
 75 301.228377  -3.346396    12.782    12.503 20 54825.08132235 19.595
 76 301.229263  -3.346412    15.025    15.066 21 54860.08128881 34.422
 77 301.226185  -3.345552    16.812    16.987 20 54895.08132354 26.159
 78 301.226409  -3.345577    18.434    18.494 19 54930.08128731 29.688
 79 301.226511  -3.344366    19.382    19.302 20 54965.08132481 33.825
 80 301.225128  -3.347934    19.676    19.704 20 55000.08134419 31.027
 81 301.228874  -3.346484    19.017    19.085 20 55035.08132936 26.003
 82 301.227408  -3.345821    17.510    17.528 21 55070.08132011 32.895
 83 301.227198  -3.348378    13.825    13.509 21 55105.08126112 22.835
 84 301.227919  -3.347310    10.868    11.229 21 55140.08126719 19.332
 85 301.229644  -3.346500     8.271     7.846 20 55175.08122801 33.507
 86 301.227613  -3.346141    12.669    12.382 20 55210.08126318 29.675
 87 301.227234  -3.344762    14.169    14.268 20 55245.08123484 41.166
 88 301.226607  -3.344877    14.976    15.063 20 55280.08125672 38.918
 89 301.226588  -3.345321    17.408    17.429 20 55315.08122281 43.265
 90 301.227575  -3.345836    18.220    18.276 21 55350.08122852 37.909
 91 301.227192  -3.348174    17.401    17.383 21 55385.08122103 27.862
 92 301.228446  -3.346118    15.547    15.577 20 55420.08124680 25.378
 93 301.227766  -3.346349    10.126    10.131 20 55455.08122409 34.920
