#    0.000   0.000   0.000 ;Mean Elev.(m), Avg Gradient(m/km), RMS Gradient(m/km) - SRTM1     
#    0.000   0.000   0.000 ;Mean Elev.(m), Avg Gradient(m/km), RMS Gradient(m/km) - ASTER GDEM
#    0.038  -1.314   3.743 ;Mean Elev.(m), Avg Gradient(m/km), RMS Gradient(m/km) - GMTED2010 
  7 309.845917  -0.047761     1.247     1.254 51 52460.55603229 16.897
  9 309.840539  -0.047005     0.492     0.526 52 52530.55601372 17.150
 10 309.849167  -0.047895     1.805     1.782 51 52565.55603299 11.207
 12 309.839011  -0.048333     0.687     0.758 52 52635.55601448 15.164
 13 309.839914  -0.048149     1.590     1.542 52 52670.55602251 17.501
 14 309.844304  -0.047574    -0.889     0.018 52 52705.55601438 20.025
 15 309.839297  -0.047976     1.642     1.583 52 52740.55604908 14.478
 16 309.845707  -0.048274     1.728     1.641 52 52775.55599483 13.105
 17 309.838833  -0.047749     0.781     0.738 52 52810.55607030 16.544
 18 309.841100  -0.047083     1.590     1.561 52 52845.55612596 14.666
 19 309.838981  -0.049275    -0.748    -0.247 52 52880.55616385 24.480
 20 309.845231  -0.047812     0.875     0.921 52 52915.55612096 14.460
 21 309.846429  -0.048515     1.512     1.517 51 52950.55608112 12.583
 22 309.847920  -0.047770    -0.721    -0.129 51 52985.55610340 23.247
 23 309.844236  -0.048482     1.399     1.363 52 53020.55609379 20.327
 24 309.847154  -0.047287     0.507     0.406 52 53055.55608148 20.343
 25 309.833495  -0.048271    -2.494    -0.554 52 53090.55611949 21.594
 26 309.843799  -0.047274     1.815     1.786 52 53125.55608898 13.380
 27 309.835149  -0.048936    -0.550    -0.029 52 53160.55615084 24.618
 28 309.844122  -0.048582     0.888     0.959 51 53195.55614761 15.761
 29 309.847156  -0.048531     1.576     1.612 51 53230.55613376 27.982
 30 309.839919  -0.048558    -0.945    -0.448 51 53265.55610446 24.392
 31 309.832347  -0.048188     1.357     1.369 52 53300.55615279 13.208
 32 309.841173  -0.048748     1.195     1.174 52 53335.55612363 12.301
 33 309.843758  -0.048412    -0.463    -0.172 51 53370.55606194 19.026
 36 309.836816  -0.048108     0.340     0.483 51 53475.55614741 18.563
 37 309.841594  -0.047640     1.906     1.893 52 53510.55616229 22.438
 38 309.837073  -0.048460    -0.229    -0.144 52 53545.55617967 26.934
 39 309.841074  -0.047735     1.328     1.348 52 53580.55615509 13.329
 40 309.838815  -0.047711     1.688     1.695 52 53615.55610948 12.417
 41 309.843113  -0.048148    -1.327    -0.472 51 53650.55612123 23.843
 42 309.836854  -0.047890     1.477     1.482 51 53685.55613058 12.757
 43 309.844594  -0.048637     0.268     0.374 52 53720.55605668 15.783
 44 309.849192  -0.049009    -1.114     0.036 52 53755.55598260 24.034
 45 309.845691  -0.049282     1.848     1.754 52 53790.55601142 16.388
 46 309.847268  -0.047814     0.161     0.297 51 53825.55596849 24.296
 47 309.838003  -0.049046     0.790     1.114 52 53860.55606183 17.915
 48 309.843725  -0.047984     2.047     1.997 52 53895.55607997 16.885
 49 309.831613  -0.048840    -0.908    -0.052 52 53930.55613317 28.148
 50 309.835087  -0.048528     1.386     1.432 52 53965.55611092 13.488
 51 309.844614  -0.047929     1.069     1.044 52 54000.55606820 13.120
 52 309.844373  -0.047997    -0.753    -0.383 52 54035.55611139 22.641
 53 309.843261  -0.047724     1.842     1.846 52 54070.55610565 12.406
 54 309.840761  -0.048868    -0.948    -0.390 52 54105.55605903 23.738
 55 309.841276  -0.048450    -0.990     0.082 52 54140.55603786 23.859
 57 309.840342  -0.048407    -1.252    -0.171 51 54210.55604428 23.919
 58 309.841793  -0.047861     1.600     1.598 51 54245.55607422 14.022
 59 309.841944  -0.047886     1.591     1.578 52 54280.55608580 15.458
 60 309.843636  -0.047719    -0.118     0.280 51 54315.55608476 19.606
 61 309.842072  -0.048946     1.830     1.761 52 54350.55605303 13.387
 62 309.842745  -0.048607     0.027     0.182 52 54385.55602383 19.339
 63 309.841140  -0.048596    -0.200     0.084 51 54420.55600304 18.276
 64 309.842540  -0.048394     1.711     1.704 51 54455.55599588 11.728
 65 309.842597  -0.048973    -0.430    -0.094 52 54490.55600378 22.542
 66 309.843791  -0.047135     0.969     0.901 52 54525.55600849 16.740
 67 309.841754  -0.047366     1.500     2.307 52 54560.55601181 18.472
 68 309.841740  -0.047474    -0.110     0.225 52 54595.55600417 18.522
 69 309.840938  -0.047681     1.578     1.581 51 54630.55601862 19.823
 70 309.839818  -0.048916     0.875     0.810 52 54665.55602508 15.912
 71 309.843465  -0.048355    -0.007     0.203 52 54700.55599450 19.064
 72 309.841698  -0.048048     1.797     1.783 52 54735.55598434 14.229
 73 309.842756  -0.048090    -0.963    -0.395 52 54770.55597554 24.737
 74 309.840699  -0.047362     0.253     0.308 52 54805.55597777 20.835
 75 309.842413  -0.047890     1.055     1.499 51 54840.55597031 15.702
 76 309.840451  -0.049057    -0.247     0.053 52 54875.55597944 22.694
 77 309.840062  -0.048443     1.668     1.584 52 54910.55597614 15.377
 78 309.840126  -0.048722     2.052     2.051 52 54945.55597113 15.148
 79 309.840439  -0.048649     0.657     0.601 52 54980.55599797 22.954
 80 309.841543  -0.048224     1.967     1.959 52 55015.55600029 14.114
 81 309.842768  -0.048387    -0.078     0.061 52 55050.55599408 20.350
 82 309.841785  -0.047199     0.335     0.444 52 55085.55596044 23.531
 83 309.843131  -0.048067     2.066     2.079 51 55120.55592796 12.123
 84 309.840697  -0.048215    -0.834    -0.485 51 55155.55592056 25.124
 85 309.841083  -0.047953     0.780     0.748 52 55190.55591700 20.449
 86 309.841035  -0.048021     1.844     1.782 52 55225.55592107 16.736
 87 309.842470  -0.048023     0.146     0.351 51 55260.55591286 23.501
 88 309.841966  -0.048007     1.738     1.730 52 55295.55590581 24.059
 89 309.840057  -0.047219     1.194     1.150 52 55330.55589370 14.900
 90 309.842262  -0.047704     0.219     0.505 52 55365.55588759 26.225
 91 309.841822  -0.047436     1.686     1.682 52 55400.55589915 23.350
 92 309.843826  -0.047724    -0.524     0.009 51 55435.55590405 23.457
 93 309.842745  -0.047176     0.574     0.640 52 55470.55585743 21.492
