#    0.000   0.000   0.000 ;Mean Elev.(m), Avg Gradient(m/km), RMS Gradient(m/km) - SRTM1     
#    0.000   0.000   0.000 ;Mean Elev.(m), Avg Gradient(m/km), RMS Gradient(m/km) - ASTER GDEM
#    0.647  -0.655   4.225 ;Mean Elev.(m), Avg Gradient(m/km), RMS Gradient(m/km) - GMTED2010 
  7 308.653171  -1.220880     1.468     1.371 10 52446.05986477 11.971
  8 308.659070  -1.219786     2.184     2.135 10 52481.05985615 18.179
  9 308.666982  -1.216059     1.966     1.955 11 52516.05980777 15.056
 10 308.658580  -1.219763    -0.057     0.495 10 52551.05985463 15.711
 11 308.670910  -1.215951     1.564     1.559 11 52586.05982712 18.306
 12 308.661400  -1.217809     0.362     0.484 11 52621.05980692 16.327
 15 308.664337  -1.216275     1.367     1.343 11 52726.05983686 16.596
 16 308.652946  -1.220493     2.385     2.352 10 52761.05985274 15.791
 17 308.668824  -1.216533     2.098     2.146 12 52796.05981180 22.545
 18 308.670272  -1.216298     0.949     1.145 12 52831.05987813 21.854
 19 308.672055  -1.215489     2.281     2.160 12 52866.05992189 16.344
 20 308.661936  -1.218399     1.347     1.370 10 52901.05995019 13.808
 21 308.661145  -1.217643     0.766     0.663 10 52936.05989156 14.199
 22 308.662517  -1.218752     2.233     2.167 11 52971.05991455 14.121
 23 308.657731  -1.220117    -0.473    -0.052 10 53006.05992839 18.699
 24 308.660398  -1.217821     1.862     1.805 10 53041.05988086 13.511
 25 308.659473  -1.218384     1.137     1.790 10 53076.05991318 23.353
 26 308.657806  -1.220200 14378.716 14378.610 10 53111.05988298 15.123
 27 308.660234  -1.218287     2.280     2.199 10 53146.05992631 15.992
 28 308.667260  -1.217688     2.333     2.313 11 53181.05993432 38.033
 29 308.661727  -1.218794     1.173     1.071 11 53216.05995685 18.386
 30 308.659502  -1.217878     2.216     2.232 10 53251.05993567 19.040
 31 308.657558  -1.218268     0.603     0.507 10 53286.05992817 13.822
 32 308.671827  -1.215816     0.947     0.982 11 53321.05990461 17.002
 33 308.669436  -1.216239     1.956     1.927 12 53356.05987411 17.160
 34 308.662424  -1.218718     0.620     0.540 11 53391.05988633 13.882
 35 308.667765  -1.216127     1.875     1.833 11 53426.05988324 16.052
 36 308.668146  -1.217340     2.721     2.713 11 53461.05989293 19.645
 37 308.656024  -1.219816     1.879     1.648 11 53496.05997314 17.445
 38 308.667711  -1.215798     2.294     2.240 11 53531.05995136 14.897
 39 308.657072  -1.218566     1.716     1.636 10 53566.05997712 15.353
 40 308.665325  -1.217296     1.328     1.232 10 53601.05992032 15.066
 41 308.660020  -1.219733     2.203     2.166 10 53636.05991728 12.403
 42 308.658215  -1.219363    -2.862    -2.924 11 53671.05993831 29.813
 43 308.670075  -1.216182     0.974     1.039 11 53706.05987081 16.509
 44 308.667383  -1.216719     1.906     1.948 11 53741.05978406 15.949
 45 308.668436  -1.215396     1.334     1.287 11 53776.05980681 14.452
 46 308.666425  -1.218606     2.514     2.465 11 53811.05978630 16.115
 47 308.660652  -1.218004     2.513     2.487 10 53846.05983438 15.100
 48 308.667511  -1.216344     2.222     2.220 11 53881.05985907 24.519
 49 308.656123  -1.219387     1.258     1.378 10 53916.05991805  8.942
 50 308.654372  -1.219004     0.717     0.901 10 53951.05992556 22.471
 52 308.664437  -1.217751     1.890     1.886 10 54021.05990163 14.412
 53 308.671546  -1.216293     0.107     0.086 12 54056.05989288 24.011
 54 308.664352  -1.216279     0.620     0.765 11 54091.05987857 20.243
 55 308.664918  -1.217897     1.532     1.460 11 54126.05980897 20.718
 56 308.662457  -1.217528     1.662     1.571 10 54161.05984659 14.008
 57 308.664284  -1.217923     2.543     2.579 11 54196.05981054  9.561
 58 308.663792  -1.217375     1.438     1.428 11 54231.05985945 18.534
 59 308.664567  -1.218260     1.861     1.800 11 54266.05987693 15.094
 60 308.664926  -1.217270     2.391     2.354 10 54301.05988163 14.396
 61 308.664202  -1.216885     0.629     0.727 11 54336.05986969 17.768
 62 308.665015  -1.217468     1.841     1.678 11 54371.05981353 13.335
 63 308.663194  -1.217533     0.280     0.464 11 54406.05981411 20.872
 64 308.665282  -1.218573    -0.813    -0.595 11 54441.05977160 19.124
 65 308.664997  -1.216310     1.926     1.903 11 54476.05980198 15.509
 66 308.665029  -1.218604     1.738     1.700 11 54511.05978741 16.903
 67 308.664250  -1.218222     2.133     2.029 11 54546.05981578 18.125
 68 308.665282  -1.217380     2.256     2.301 10 54581.05978365 26.978
 69 308.665263  -1.218618     1.580     1.497 11 54616.05980525 18.116
 70 308.661987  -1.217294     2.223     2.175 11 54651.05981817 16.640
 71 308.663445  -1.217586     2.023     1.966 10 54686.05981081 17.401
 72 308.664900  -1.217325     0.386     0.285 11 54721.05976348 17.464
 73 308.663555  -1.218263     1.763     1.723 11 54756.05978522 13.503
 74 308.663230  -1.218548     1.027     1.020 11 54791.05975594 12.750
 75 308.664486  -1.218689     0.939     0.978 11 54826.05978184 20.658
 76 308.664645  -1.216611     2.073     2.135 11 54861.05975043 24.056
 77 308.662581  -1.218021     1.597     1.637 11 54896.05978247 16.392
 78 308.662491  -1.216921     2.463     2.378 11 54931.05974752 20.581
 79 308.662999  -1.216774     2.741     2.728 11 54966.05978408 16.235
 80 308.660895  -1.218228     1.684     1.574 10 55001.05980367 14.865
 81 308.664714  -1.216558     2.579     2.562 11 55036.05978942 19.396
 82 308.663318  -1.216789     1.739     1.772 11 55071.05977848 15.091
 83 308.662889  -1.217610     1.232     1.103 11 55106.05972147 13.367
 84 308.663101  -1.217252     1.877     1.863 11 55141.05972734 11.131
 85 308.665240  -1.217530     0.422     0.418 11 55176.05968977 19.057
 86 308.663867  -1.218847     1.405     1.313 11 55211.05972210 16.230
 87 308.663942  -1.218072     2.271     2.244 10 55246.05969426 17.869
 88 308.662852  -1.217208     0.919     0.777 11 55281.05971574 18.003
 89 308.662810  -1.218745     2.465     2.448 11 55316.05968307 16.171
 90 308.663628  -1.217568     2.211     2.220 10 55351.05968803 16.517
 91 308.662824  -1.218961     1.105     1.044 11 55386.05968197 16.978
 92 308.664697  -1.218110     2.498     2.381 11 55421.05970603 18.628
 93 308.663984  -1.217841     0.697     0.583 11 55456.05968179 15.904
