#    0.000   0.000   0.000 ;Mean Elev.(m), Avg Gradient(m/km), RMS Gradient(m/km) - SRTM1     
#    0.000   0.000   0.000 ;Mean Elev.(m), Avg Gradient(m/km), RMS Gradient(m/km) - ASTER GDEM
#    0.297   0.454   5.741 ;Mean Elev.(m), Avg Gradient(m/km), RMS Gradient(m/km) - GMTED2010 
  7 307.992048  -1.430698     2.460     2.363 10 52465.06179488 22.275
  8 307.991232  -1.429215     3.494     3.519 10 52500.06179065 17.873
  9 307.988749  -1.429256     2.240     2.186 10 52535.06177800 16.590
 10 307.991443  -1.430809     2.423     2.432 10 52570.06180856 11.796
 11 307.990279  -1.429411     1.748     1.725  9 52605.06178578 13.872
 12 307.989408  -1.429759     1.325     1.461  9 52640.06177087 17.577
 13 307.991330  -1.429075     3.017     2.958 10 52675.06176459 18.654
 14 307.990257  -1.430077     2.138     2.117 10 52710.06178399 17.420
 15 307.984188  -1.431131     3.280     3.329 10 52745.06181195 24.649
 16 307.989808  -1.430743     3.582     3.583 10 52780.06174865 15.137
 17 307.988447  -1.431084     1.862     1.844 10 52815.06183138 19.628
 18 307.991248  -1.430341     2.616     2.735 10 52850.06188372 22.631
 19 307.987679  -1.430696     2.497     2.638 10 52885.06191878 20.975
 20 307.991473  -1.429609     2.198     2.190  9 52920.06187490 10.293
 21 307.996736  -1.429861     1.945     2.047 11 52955.06183839 16.201
 22 307.999147  -1.430040     1.308     1.364 11 52990.06185006 17.946
 23 307.999126  -1.429556     2.372     2.376 11 53025.06182627 13.447
 24 307.999910  -1.430326     3.509     3.515 11 53060.06182821 14.529
 25 307.984797  -1.431364     2.275     2.344  9 53095.06186303 17.617
 26 307.997734  -1.430578     3.239     3.330 11 53130.06183524 17.981
 28 307.990825  -1.429271     1.597     1.552  9 53200.06190760 21.841
 29 307.999380  -1.429518     2.973     2.942 11 53235.06187683 17.675
 30 307.991287  -1.429701     1.999     1.963 10 53270.06184072 13.510
 31 307.984460  -1.431177     2.072     2.050 10 53305.06190271 10.523
 32 307.990625  -1.430285     2.227     2.209 10 53340.06187103 15.120
 33 307.994168  -1.429620     1.525     1.429 11 53375.06180174 14.870
 34 307.994570  -1.430560     2.691     2.678 10 53410.06184518 15.330
 35 307.991496  -1.429529     2.503     2.596 10 53445.06182817 19.394
 36 307.985172  -1.430340     1.948     2.239 10 53480.06190916 23.048
 37 307.990987  -1.429549     3.498     3.489 10 53515.06191589 17.012
 38 307.985817  -1.431216     2.776     2.789 10 53550.06193504 29.217
 39 307.992905  -1.428590     2.317     2.453 10 53585.06189565 22.807
 40 307.988110  -1.429972     2.542     2.573  9 53620.06185263 15.398
 41 307.990234  -1.429908    -0.509    -0.328  9 53655.06188065 20.858
 42 307.988773  -1.429871     1.588     1.581  9 53690.06187372 14.126
 43 307.993801  -1.430176     2.267     2.284 10 53725.06179782 17.334
 44 307.998871  -1.429333     2.038     1.992 11 53760.06174263 15.012
 45 307.995212  -1.430445     3.537     3.487 11 53795.06176013 17.290
 46 307.994921  -1.429733     3.352     3.322 10 53830.06173881 15.212
 47 307.988777  -1.430376     3.473     3.338 10 53865.06181639 19.354
 48 307.990608  -1.428916     3.399     3.552 10 53900.06184315 19.259
 49 307.981516  -1.431834     2.294     2.533 10 53935.06188553 31.488
 50 307.986479  -1.430494     2.135     2.160  9 53970.06185444 20.011
 52 307.995212  -1.430897     0.821     0.899 10 54040.06186115 17.731
 53 307.992384  -1.429864     2.282     2.283  9 54075.06185544 13.364
 54 307.990235  -1.429532     2.419     2.374 10 54110.06179959 15.295
 55 307.991222  -1.429821     1.111     1.320  9 54145.06179489 18.827
 56 307.990675  -1.430019     3.506     3.490  9 54180.06178496 16.902
 57 307.990411  -1.429917     2.796     2.744 10 54215.06180242 14.344
 58 307.990536  -1.430270     1.657     1.202  9 54250.06183024 22.737
 59 307.992641  -1.430778     3.035     3.202 10 54285.06183712 18.469
 60 307.992821  -1.429180     2.105     2.048 10 54320.06183430 18.255
 61 307.992627  -1.430937     2.289     2.328 10 54355.06179641 19.678
 62 307.992150  -1.428338     2.098     2.100 10 54390.06177488 17.524
 63 307.991991  -1.430284     0.591     0.838 10 54425.06174625 20.071
 64 307.992641  -1.429803     2.730     2.728 10 54460.06175053 14.815
 65 307.992527  -1.429253     2.242     2.290 10 54495.06175197 18.804
 66 307.993524  -1.428815     2.621     2.669 10 54530.06176344 18.754
 68 307.991247  -1.429989     3.189     3.165  9 54600.06175940 15.864
 69 307.990322  -1.430734     1.765     2.126 10 54635.06177129 21.591
 70 307.990382  -1.429816     2.900     3.123 10 54670.06177578 19.391
 71 307.993158  -1.431143     2.207     2.267 10 54705.06173826 20.723
 72 307.991611  -1.428599     2.486     2.484 10 54740.06173930 11.085
 73 307.993256  -1.430780     1.449     1.411 10 54775.06171889 17.447
 74 307.991746  -1.430668     0.963     1.092 10 54810.06173187 21.569
 75 307.991529  -1.429521     3.244     3.225 10 54845.06171856 17.693
 76 307.990498  -1.430372     1.413     1.743  9 54880.06173539 18.980
 77 307.989596  -1.429579     3.021     3.032  9 54915.06172171 18.389
 79 307.989206  -1.429497     3.732     3.862 10 54985.06175374 23.726
 80 307.992518  -1.428862     2.652     3.284 10 55020.06174803 20.014
 81 307.992388  -1.429744     3.509     3.512 10 55055.06174466 23.414
 82 307.990769  -1.430225     2.416     2.392  9 55090.06170418 13.952
 83 307.992630  -1.430179     2.023     2.186 10 55125.06168209 18.605
 84 307.990704  -1.429225     0.547     0.615  9 55160.06166487 18.680
 85 307.991468  -1.430014     1.438     1.502  9 55195.06167276 18.747
 86 307.990447  -1.429372     3.524     3.531 10 55230.06166767 15.182
 87 307.992274  -1.429466     1.116     0.571 10 55265.06166742 19.574
 88 307.992028  -1.429448     3.435     3.439 10 55300.06165008 25.596
 89 307.990505  -1.429647     3.373     3.366  9 55335.06164511 20.070
 90 307.992204  -1.429368     2.944     2.878 10 55370.06163537 14.388
 91 307.992756  -1.430157     3.159     3.140 10 55405.06165298 17.724
 92 307.992562  -1.429796     2.508     2.515 10 55440.06165415 14.809
 93 307.992816  -1.431115     1.247     1.269 10 55475.06159858 20.222
