#    0.000   0.000   0.000 ;Mean Elev.(m), Avg Gradient(m/km), RMS Gradient(m/km) - SRTM1     
#    0.000   0.000   0.000 ;Mean Elev.(m), Avg Gradient(m/km), RMS Gradient(m/km) - ASTER GDEM
#    5.345  -0.363   6.570 ;Mean Elev.(m), Avg Gradient(m/km), RMS Gradient(m/km) - GMTED2010 
  7 302.805491  -2.629518    14.424    14.424  4 52456.57451597 34.818
 10 302.807599  -2.628841     8.757     8.809  5 52561.57451722 36.052
 12 302.807449  -2.629439     8.796     8.821  5 52631.57447007 26.123
 15 302.810686  -2.626893    12.456    12.536  6 52736.57450212 42.674
 16 302.809408  -2.627574    13.531    13.475  6 52771.57447555 38.318
 17 302.804872  -2.629832    14.020    14.036  5 52806.57452618 41.910
 18 302.807595  -2.628977    13.597    13.606  4 52841.57458542 39.118
 19 302.806420  -2.628109    12.579    12.655  5 52876.57462403 43.704
 20 302.815724  -2.625428    10.112    10.032  6 52911.57458503 33.662
 21 302.812903  -2.626857     8.088     7.753  5 52946.57453849 42.549
 23 302.806395  -2.629210     8.770     8.747  5 53016.57457520 35.012
 24 302.810032  -2.626547    10.779    10.797  6 53051.57455271 43.369
 25 302.799887  -2.626966    11.534    11.579  5 53086.57458959 41.840
 26 302.805966  -2.628114    12.981    12.880  5 53121.57455931 44.662
 27 302.800879  -2.628890    13.409    13.286  5 53156.57461477 38.763
 28 302.812801  -2.627103    13.119    13.121  6 53191.57460623 38.696
 29 302.811117  -2.627202    12.133    12.140  6 53226.57460985 38.018
 30 302.804216  -2.629141    10.707    10.707  4 53261.57458410 51.495
 31 302.798660  -2.627482     9.215     9.233  6 53296.57461787 25.902
 32 302.807798  -2.628940     7.249     7.317  5 53331.57459021 29.603
 34 302.806785  -2.629263     9.956     9.881  5 53401.57456398 22.864
 35 302.809959  -2.625856    11.891    11.918  6 53436.57455266 44.814
 36 302.803972  -2.629029    13.525    13.537  4 53471.57460382 38.134
 37 302.804427  -2.629100    14.044    14.065  4 53506.57463647 37.804
 38 302.804274  -2.629449    13.757    13.649  5 53541.57464187 37.926
 39 302.805111  -2.629414    12.597    12.728  5 53576.57463135 42.187
 40 302.805403  -2.628625    10.228    10.384  5 53611.57458274 30.659
 41 302.808066  -2.628962     7.920     8.012  4 53646.57458719 18.347
 42 302.802160  -2.627537     5.484     5.503  5 53681.57460338 48.070
 43 302.811694  -2.625390     7.990     7.920  6 53716.57453025 37.306
 44 302.813720  -2.626172    10.417    10.445  6 53751.57444881 44.461
 45 302.812197  -2.625671    12.420    12.450  6 53786.57447896 44.797
 46 302.811549  -2.626378    13.577    13.590  6 53821.57443478 42.035
 47 302.803037  -2.629719    14.102    13.967  5 53856.57452475 37.509
 48 302.812922  -2.627610    15.224    15.230  6 53891.57453608 49.150
 49 302.797305  -2.627777    14.131    14.024  6 53926.57459831 38.570
 50 302.801196  -2.626905    12.455    12.481  5 53961.57458397 38.338
 51 302.810525  -2.625204     9.218     9.253  6 53996.57452455 31.214
 52 302.810145  -2.626745     9.006     8.710  6 54031.57457828 25.872
 53 302.810353  -2.626502     7.966     8.135  7 54066.57457224 27.799
 54 302.807310  -2.629547     9.545     9.547  5 54101.57453424 48.785
 55 302.806943  -2.629678    10.864    10.930  5 54136.57449980 37.729
 56 302.806674  -2.628797    11.618    11.596  4 54171.57451097 35.228
 57 302.806057  -2.629199    12.737    12.711  4 54206.57450472 39.489
 58 302.808231  -2.628449    13.892    13.952  4 54241.57453718 40.623
 59 302.807659  -2.629550    14.391    14.421  5 54276.57455261 48.265
 61 302.809090  -2.627082    11.421    11.372  5 54346.57452638 42.804
 62 302.807936  -2.628453    10.200    10.107  5 54381.57449026 26.962
 63 302.807239  -2.629831     8.423     8.369  5 54416.57447626 21.154
 64 302.807105  -2.629344     8.751     8.780  5 54451.57445925 20.242
 65 302.809648  -2.626655    10.814    10.889  7 54486.57447221 43.670
 66 302.808502  -2.629663    12.523    12.497  4 54521.57447260 40.498
 67 302.807618  -2.629075    13.650    13.613  5 54556.57448283 32.528
 68 302.807158  -2.628550    14.131    14.040  5 54591.57446805 31.656
 69 302.807360  -2.628661    14.871    14.867  5 54626.57448439 52.323
 70 302.805423  -2.628801    14.108    14.072  4 54661.57449207 28.908
 71 302.809374  -2.627094    12.531    12.561  5 54696.57446797 42.690
 72 302.807446  -2.628663     9.719     9.450  4 54731.57444822 29.796
 73 302.807848  -2.628494     7.921     7.310  5 54766.57444787 34.437
 74 302.806161  -2.629246     8.796     8.855  4 54801.57444205 34.287
 75 302.807573  -2.628860    10.044    10.032  4 54836.57443967 28.808
 76 302.807091  -2.629260    12.188    12.149  4 54871.57444079 40.969
 77 302.805838  -2.628855    13.520    13.569  4 54906.57444780 29.247
 78 302.806404  -2.629885    14.525    14.471  5 54941.57443251 29.313
 79 302.806498  -2.628897    15.191    15.283  5 54976.57446110 27.987
 80 302.806976  -2.628403    15.285    15.346  4 55011.57447042 28.963
 81 302.808123  -2.628546    14.410    14.425  4 55046.57446160 25.131
 82 302.808167  -2.628961    12.363    12.357  4 55081.57443478 24.439
 83 302.807855  -2.629347    10.139     9.921  5 55116.57439445 25.424
 84 302.806638  -2.628650     8.852     8.865  4 55151.57439244 31.348
 85 302.806537  -2.629182     9.077     8.905  5 55186.57438012 30.817
 86 302.806658  -2.629489    10.169    10.056  4 55221.57439131 32.938
 87 302.808154  -2.629277    11.229    11.176  4 55256.57437637 39.532
 88 302.807245  -2.629066    12.282    12.309  5 55291.57437887 45.369
 89 302.805522  -2.628867    13.879    13.814  5 55326.57436071 36.903
 90 302.807111  -2.629007    14.106    14.054  5 55361.57435765 35.500
 91 302.807124  -2.628504    13.193    13.145  5 55396.57436389 28.630
 92 302.809780  -2.626638    11.119    11.300  7 55431.57437182 38.520
 93 302.810019  -2.625741    10.199    10.037  6 55466.57433229 27.650
