#    0.000   0.000   0.000 ;Mean Elev.(m), Avg Gradient(m/km), RMS Gradient(m/km) - SRTM1     
#    0.000   0.000   0.000 ;Mean Elev.(m), Avg Gradient(m/km), RMS Gradient(m/km) - ASTER GDEM
#    4.490  -0.352   3.339 ;Mean Elev.(m), Avg Gradient(m/km), RMS Gradient(m/km) - GMTED2010 
  7    15.995 52475.57655746 41.53 302.046528  -2.795116 17.739
  7    15.805 52475.57655811 39.32 302.045798  -2.798416 17.739
  7    15.426 52475.57655875 37.14 302.045078  -2.801726 17.739
  7    15.255 52475.57655939 33.89 302.044348  -2.805026 17.739
  7    15.502 52475.57656004 30.84 302.043618  -2.808336 17.739
  7    15.744 52475.57656068 29.53 302.042898  -2.811636 17.739
  7    15.814 52475.57656133 28.66 302.042168  -2.814946 17.739
  7    15.888 52475.57656197 29.38 302.041438  -2.818246 17.739
  7    15.955 52475.57656262 28.56 302.040708  -2.821556 17.739
  7    16.013 52475.57656326 29.33 302.039988  -2.824856 17.739
  7    15.975 52475.57656391 30.07 302.039258  -2.828166 17.739
  7    15.947 52475.57656455 29.68 302.038528  -2.831466 17.739
  7    15.904 52475.57656520 31.56 302.037798  -2.834776 17.739
  8    14.639 52510.57651236 25.24 302.057493  -2.790981 46.567
  8    14.273 52510.57651301 20.46 302.056763  -2.794291 46.567
  8    14.136 52510.57651365 20.73 302.056039  -2.797595 16.964
  8    13.921 52510.57651430 18.55 302.055309  -2.800905 16.964
  8    14.046 52510.57651494 17.81 302.054579  -2.804205 16.964
  8    14.125 52510.57651559 15.78 302.053859  -2.807515 16.964
  8    14.269 52510.57651623 15.27 302.053129  -2.810815 16.964
  8    14.282 52510.57651688 15.48 302.052399  -2.814125 16.964
  8    14.312 52510.57651752 15.07 302.051679  -2.817425 16.964
  8    14.357 52510.57651816 14.84 302.050949  -2.820735 16.964
  8    14.316 52510.57651881 15.08 302.050219  -2.824035 16.964
  8    14.408 52510.57651945 15.99 302.049489  -2.827345 16.964
  8    14.611 52510.57652010 21.61 302.048769  -2.830645 16.964
  8    14.720 52510.57652074 29.54 302.048039  -2.833955 16.964
 10    11.772 52580.57655473 28.77 302.050519  -2.793698 12.601
 10     7.374 52580.57655537 28.22 302.049789  -2.796998 12.601
 10     7.380 52580.57655602 28.68 302.049059  -2.800308 12.601
 10     7.420 52580.57655666 28.79 302.048339  -2.803608 12.601
 10     7.417 52580.57655731 29.87 302.047609  -2.806918 12.601
 10     7.683 52580.57655795 31.12 302.046879  -2.810218 12.601
 10     7.712 52580.57655860 36.21 302.046149  -2.813528 12.601
 10     7.839 52580.57655924 45.17 302.045429  -2.816828 12.601
 10     7.659 52580.57655989 44.69 302.044699  -2.820138 12.601
 10     7.584 52580.57656053 32.01 302.043969  -2.823438 12.601
 10     7.429 52580.57656118 29.71 302.043239  -2.826748 12.601
 10     7.447 52580.57656182 28.23 302.042519  -2.830048 12.601
 10     7.383 52580.57656246 27.43 302.041789  -2.833358 12.601
 11     9.462 52615.57652404 27.04 302.047953  -2.795097 20.200
 11     9.410 52615.57652469 28.00 302.047233  -2.798407 20.200
 11     9.206 52615.57652533 28.43 302.046503  -2.801707 20.200
 11     8.909 52615.57652598 27.61 302.045773  -2.805017 20.200
 11     8.338 52615.57652662 28.16 302.045053  -2.808317 20.200
 11     7.755 52615.57652727 25.85 302.044323  -2.811627 20.200
 11     6.979 52615.57652791 25.34 302.043593  -2.814927 20.200
 11     5.955 52615.57652856 25.30 302.042873  -2.818237 20.200
 11     4.914 52615.57652920 22.63 302.042143  -2.821537 20.200
 11     3.628 52615.57652985 23.17 302.041413  -2.824847 20.200
 11     2.269 52615.57653049 22.00 302.040683  -2.828147 20.200
 11     9.136 52615.57653113 18.34 302.039963  -2.831457 20.200
 11     9.462 52615.57653178 18.69 302.039233  -2.834757 20.200
 12    11.115 52650.57650103 17.83 302.057117  -2.792113 17.929
 12    11.070 52650.57650167 15.12 302.056387  -2.795423 17.929
 12    11.126 52650.57650231 13.69 302.055657  -2.798723 17.929
 12    11.124 52650.57650296 12.49 302.054927  -2.802033 17.929
 12    11.040 52650.57650360 12.37 302.054207  -2.805333 17.929
 12    11.121 52650.57650425 12.34 302.053477  -2.808643 17.929
 12    11.182 52650.57650489 12.53 302.052747  -2.811943 17.929
 12    11.139 52650.57650554 12.57 302.052017  -2.815253 17.929
 12    11.141 52650.57650618 12.84 302.051297  -2.818553 17.929
 12    11.154 52650.57650683 13.23 302.050567  -2.821863 17.929
 12    10.904 52650.57650747 14.53 302.049837  -2.825163 17.929
 12    11.229 52650.57650812 19.72 302.049107  -2.828473 17.929
 12    11.353 52650.57650876 23.69 302.048387  -2.831773 17.929
 13    11.939 52685.57648843 21.52 302.056637  -2.792450 19.810
 13    11.520 52685.57648908 18.13 302.055907  -2.795760 19.810
 13    11.615 52685.57648972 14.77 302.055187  -2.799060 19.810
 13    11.693 52685.57649037 14.12 302.054457  -2.802370 19.810
 13    11.721 52685.57649101 14.10 302.053727  -2.805670 19.810
 13    11.755 52685.57649165 13.92 302.053007  -2.808980 19.810
 13    11.753 52685.57649230 14.04 302.052277  -2.812280 19.810
 13    11.811 52685.57649294 14.00 302.051547  -2.815590 19.810
 13    11.795 52685.57649359 13.68 302.050817  -2.818890 19.810
 13    11.776 52685.57649423 14.47 302.050097  -2.822200 19.810
 13    11.740 52685.57649488 15.48 302.049367  -2.825500 19.810
 13    11.824 52685.57649552 19.39 302.048637  -2.828810 19.810
 13    11.986 52685.57649617 25.25 302.047913  -2.832113 18.800
 15    14.639 52755.57656468 26.60 302.038952  -2.798448 25.185
 15    14.351 52755.57656533 25.85 302.038222  -2.801758 25.185
 15    13.983 52755.57656597 19.78 302.037502  -2.805058 25.185
 15    13.463 52755.57656662 20.11 302.036772  -2.808368 25.185
 15    13.020 52755.57656726 18.34 302.036042  -2.811668 25.185
 15    13.421 52755.57656791 17.57 302.035322  -2.814978 25.185
 15    11.573 52755.57656855 18.51 302.034592  -2.818278 25.185
 15    12.713 52755.57656920 17.73 302.033862  -2.821588 25.185
 15    13.334 52755.57656984 18.78 302.033132  -2.824888 25.185
 15    13.860 52755.57657049 22.58 302.032412  -2.828198 25.185
 15    14.372 52755.57657113 23.42 302.031682  -2.831498 25.185
 15    14.715 52755.57657178 28.17 302.030952  -2.834808 25.185
 15    14.969 52755.57657242 31.35 302.030229  -2.838112 35.916
 16    15.731 52790.57651219 34.02 302.052051  -2.794114 24.157
 16    15.518 52790.57651283 30.23 302.051321  -2.797414 24.157
 16    15.299 52790.57651348 27.48 302.050591  -2.800724 24.157
 16    14.801 52790.57651412 22.33 302.049871  -2.804024 24.157
 16    14.999 52790.57651477 22.32 302.049141  -2.807334 24.157
 16    15.361 52790.57651541 21.06 302.048411  -2.810634 24.157
 16    15.625 52790.57651606 20.15 302.047681  -2.813944 24.157
 16    15.727 52790.57651670 20.00 302.046961  -2.817244 24.157
 16    15.763 52790.57651735 19.91 302.046231  -2.820554 24.157
 16    15.651 52790.57651799 21.08 302.045501  -2.823854 24.157
 16    15.426 52790.57651864 22.88 302.044771  -2.827164 24.157
 16    15.502 52790.57651928 24.75 302.044041  -2.830464 24.157
 16    15.672 52790.57651993 28.42 302.043321  -2.833774 24.157
 17    15.895 52825.57658169 30.26 302.054387  -2.793684 17.655
 17    15.483 52825.57658234 29.84 302.053657  -2.796994 17.655
 17    15.101 52825.57658298 28.77 302.052927  -2.800294 17.655
 17    14.943 52825.57658363 29.11 302.052197  -2.803604 17.655
 17    15.246 52825.57658427 29.18 302.051477  -2.806904 17.655
 17    15.465 52825.57658492 29.71 302.050747  -2.810214 17.655
 17    15.655 52825.57658556 30.42 302.050017  -2.813514 17.655
 17    15.851 52825.57658620 30.18 302.049287  -2.816824 17.655
 17    15.974 52825.57658685 32.60 302.048567  -2.820124 17.655
 17    15.974 52825.57658749 34.43 302.047837  -2.823434 17.655
 17    15.893 52825.57658814 32.75 302.047107  -2.826734 17.655
 17    15.696 52825.57658878 31.45 302.046377  -2.830044 17.655
 17    15.751 52825.57658943 30.52 302.045647  -2.833344 17.655
 18    14.965 52860.57662707 30.08 302.056644  -2.791682 24.202
 18    14.761 52860.57662771 23.75 302.055924  -2.794982 24.202
 18    14.414 52860.57662836 21.10 302.055194  -2.798292 24.202
 18    14.309 52860.57662900 18.53 302.054464  -2.801592 24.202
 18    14.501 52860.57662964 16.79 302.053734  -2.804902 24.202
 18    14.617 52860.57663029 15.46 302.053014  -2.808202 24.202
 18    14.670 52860.57663093 15.98 302.052284  -2.811512 24.202
 18    14.628 52860.57663158 16.26 302.051554  -2.814812 24.202
 18    14.712 52860.57663222 16.14 302.050824  -2.818122 24.202
 18    14.732 52860.57663287 16.16 302.050104  -2.821422 24.202
 18    14.675 52860.57663351 16.78 302.049374  -2.824732 24.202
 18    14.725 52860.57663416 19.92 302.048644  -2.828032 24.202
 18    14.916 52860.57663480 25.84 302.047914  -2.831342 24.202
 19    12.998 52895.57665839 27.56 302.049428  -2.794687 32.210
 19     9.123 52895.57665904 24.41 302.048698  -2.797997 32.210
 19     9.200 52895.57665968 22.14 302.047968  -2.801297 32.210
 19    10.043 52895.57666033 18.92 302.047248  -2.804607 32.210
 19    12.160 52895.57666097 15.84 302.046518  -2.807907 32.210
 19    12.434 52895.57666162 15.31 302.045788  -2.811217 32.210
 19    12.245 52895.57666226 15.94 302.045061  -2.814520 18.963
 19    12.675 52895.57666291 14.15 302.044331  -2.817830 18.963
 19    12.820 52895.57666355 13.46 302.043611  -2.821130 18.963
 19    12.830 52895.57666420 13.57 302.042881  -2.824440 18.963
 19    12.724 52895.57666484 15.97 302.042151  -2.827740 18.963
 19    12.848 52895.57666549 18.59 302.041421  -2.831050 18.963
 19    13.445 52895.57666613 26.06 302.040701  -2.834350 18.963
 20    12.217 52930.57660704 21.91 302.049030  -2.794293 14.546
 20    11.749 52930.57660768 14.02 302.048300  -2.797593 14.546
 20    11.114 52930.57660833 13.09 302.047570  -2.800903 14.546
 20     8.507 52930.57660897 18.25 302.046840  -2.804203 14.546
 20     8.842 52930.57660962 18.50 302.046120  -2.807513 14.546
 20     8.924 52930.57661026 20.61 302.045390  -2.810813 14.546
 20     8.976 52930.57661091 24.39 302.044660  -2.814123 14.546
 20     9.055 52930.57661155 19.72 302.043940  -2.817423 14.546
 20     8.938 52930.57661220 16.15 302.043210  -2.820733 14.546
 20     8.963 52930.57661284 14.27 302.042480  -2.824033 14.546
 20     9.055 52930.57661349 13.62 302.041760  -2.827343 14.546
 20     9.321 52930.57661413 13.79 302.041030  -2.830643 14.546
 20     9.923 52930.57661477 14.08 302.040300  -2.833953 14.546
 21    11.109 52965.57660015 20.06 302.055001  -2.793106 26.451
 21    10.827 52965.57660080 14.96 302.054271  -2.796406 26.451
 21     8.299 52965.57660144 17.25 302.053541  -2.799716 26.451
 21     8.063 52965.57660209 19.19 302.052821  -2.803016 26.451
 21     8.486 52965.57660273 21.64 302.052091  -2.806326 26.451
 21     8.747 52965.57660338 24.95 302.051361  -2.809626 26.451
 21     8.904 52965.57660402 33.48 302.050631  -2.812936 26.451
 21     8.852 52965.57660467 39.98 302.049901  -2.816236 26.451
 21     8.808 52965.57660531 39.91 302.049181  -2.819546 26.451
 21     8.649 52965.57660596 26.41 302.048447  -2.822848 15.798
 21     8.092 52965.57660660 22.10 302.047727  -2.826158 15.798
 21     9.383 52965.57660724 16.15 302.046997  -2.829458 15.798
 21     9.824 52965.57660789 17.67 302.046267  -2.832768 15.798
 23    11.733 53035.57658277 22.80 302.048881  -2.795712 20.188
 23    11.055 53035.57658341 15.53 302.048151  -2.799012 20.188
 23    11.312 53035.57658406 13.84 302.047421  -2.802322 20.188
 23    11.459 53035.57658470 14.16 302.046701  -2.805622 20.188
 23    11.485 53035.57658535 13.40 302.045971  -2.808932 20.188
 23    11.595 53035.57658599 13.17 302.045241  -2.812232 20.188
 23    11.622 53035.57658664 13.04 302.044521  -2.815542 20.188
 23    11.663 53035.57658728 12.79 302.043791  -2.818842 20.188
 23    11.597 53035.57658793 13.50 302.043061  -2.822152 20.188
 23    11.487 53035.57658857 14.57 302.042331  -2.825452 20.188
 23    11.501 53035.57658922 16.45 302.041611  -2.828762 20.188
 23    11.626 53035.57658986 21.53 302.040881  -2.832062 20.188
 23    11.854 53035.57659050 27.78 302.040151  -2.835372 20.188
 24    12.322 53070.57660262 19.22 302.051697  -2.794650 21.597
 24    12.229 53070.57660327 18.40 302.050967  -2.797950 21.597
 24    11.994 53070.57660391 19.49 302.050237  -2.801260 21.597
 24    12.111 53070.57660456 16.53 302.049517  -2.804560 21.597
 24    12.071 53070.57660520 15.49 302.048787  -2.807870 21.597
 24    12.121 53070.57660585 14.69 302.048057  -2.811170 21.597
 24    11.944 53070.57660649 14.50 302.047337  -2.814480 21.597
 24    11.803 53070.57660713 13.92 302.046607  -2.817780 21.597
 24    11.693 53070.57660778 13.24 302.045877  -2.821090 21.597
 24    10.828 53070.57660842 13.06 302.045149  -2.824392 17.161
 24    11.848 53070.57660907 12.31 302.044419  -2.827702 17.161
 24    12.101 53070.57660971 12.00 302.043699  -2.831002 17.161
 24    12.592 53070.57661036 11.27 302.042969  -2.834312 17.161
 25    14.307 53105.57658376 35.46 302.048735  -2.794700 22.106
 25    13.952 53105.57658441 24.30 302.048015  -2.798010 22.106
 25    12.321 53105.57658505 25.28 302.047285  -2.801310 22.106
 25    13.026 53105.57658569 18.29 302.046555  -2.804620 22.106
 25    12.679 53105.57658634 17.77 302.045835  -2.807920 22.106
 25    12.256 53105.57658698 16.75 302.045105  -2.811230 22.106
 25    11.340 53105.57658763 17.46 302.044375  -2.814530 22.106
 25    11.867 53105.57658827 17.05 302.043655  -2.817840 22.106
 25    13.216 53105.57658892 16.69 302.042925  -2.821140 22.106
 25    13.452 53105.57658956 16.46 302.042195  -2.824450 22.106
 25    13.510 53105.57659021 17.94 302.041465  -2.827750 22.106
 25    13.808 53105.57659085 21.34 302.040745  -2.831060 22.106
 25    14.163 53105.57659150 26.17 302.040015  -2.834360 22.106
 26    15.140 53140.57660832 30.90 302.053364  -2.792477 34.199
 26    15.057 53140.57660896 30.33 302.052634  -2.795777 34.199
 26    14.793 53140.57660961 27.92 302.051904  -2.799087 34.199
 26    14.414 53140.57661025 24.56 302.051184  -2.802387 34.199
 26    13.914 53140.57661090 21.87 302.050454  -2.805697 34.199
 26    13.250 53140.57661154 19.97 302.049724  -2.808997 34.199
 26    12.274 53140.57661219 19.25 302.048994  -2.812307 34.199
 26    14.185 53140.57661283 17.86 302.048274  -2.815607 34.199
 26    13.519 53140.57661348 17.41 302.047544  -2.818917 34.199
 26    14.725 53140.57661412 17.01 302.046813  -2.822219 29.804
 26    14.417 53140.57661477 18.04 302.046083  -2.825529 29.804
 26    14.738 53140.57661541 19.98 302.045363  -2.828829 29.804
 26    15.080 53140.57661606 25.89 302.044633  -2.832139 29.804
 27    15.025 53175.57664113 30.79 302.052019  -2.793256 21.543
 27    14.931 53175.57664177 26.74 302.051299  -2.796556 21.543
 27    14.704 53175.57664241 24.70 302.050569  -2.799866 21.543
 27    14.297 53175.57664306 20.06 302.049839  -2.803166 21.543
 27    13.928 53175.57664370 18.73 302.049109  -2.806476 21.543
 27    13.894 53175.57664435 16.89 302.048389  -2.809776 21.543
 27    14.564 53175.57664499 16.30 302.047659  -2.813086 21.543
 27    14.633 53175.57664564 15.70 302.046929  -2.816386 21.543
 27    14.584 53175.57664628 15.79 302.046199  -2.819696 21.543
 27    14.530 53175.57664693 16.44 302.045479  -2.822996 21.543
 27    14.486 53175.57664757 18.04 302.044749  -2.826306 21.543
 27    14.786 53175.57664822 20.87 302.044019  -2.829606 21.543
 27    15.066 53175.57664886 25.89 302.043299  -2.832916 21.543
 28    14.260 53210.57665976 33.46 302.049890  -2.794042 24.438
 28    14.079 53210.57666041 23.88 302.049160  -2.797342 24.438
 28    13.515 53210.57666105 16.71 302.048430  -2.800652 24.438
 28    13.269 53210.57666170 15.49 302.047710  -2.803952 24.438
 28    13.795 53210.57666234 15.22 302.046980  -2.807262 24.438
 28    13.871 53210.57666299 14.81 302.046250  -2.810562 24.438
 28    13.946 53210.57666363 14.98 302.045520  -2.813872 24.438
 28    13.930 53210.57666428 14.63 302.044800  -2.817172 24.438
 28    14.015 53210.57666492 14.35 302.044070  -2.820482 24.438
 28    13.944 53210.57666557 15.28 302.043340  -2.823782 24.438
 28    13.792 53210.57666621 16.19 302.042620  -2.827092 24.438
 28    13.819 53210.57666686 19.30 302.041890  -2.830392 24.438
 28    14.202 53210.57666750 23.08 302.041160  -2.833702 24.438
 29    13.132 53245.57662698 33.97 302.054079  -2.791433 13.266
 29    12.789 53245.57662763 25.70 302.053359  -2.794743 13.266
 29    12.570 53245.57662827 26.38 302.052629  -2.798043 13.266
 29    12.544 53245.57662892 25.20 302.051899  -2.801353 13.266
 29    12.492 53245.57662956 24.97 302.051179  -2.804653 13.266
 29    12.628 53245.57663021 24.35 302.050449  -2.807963 13.266
 29    12.552 53245.57663085 24.18 302.049719  -2.811263 13.266
 29    12.666 53245.57663150 24.10 302.048999  -2.814573 13.266
 29    12.887 53245.57663214 23.63 302.048269  -2.817873 13.266
 29    12.864 53245.57663279 23.80 302.047539  -2.821183 13.266
 29    12.943 53245.57663343 24.43 302.046809  -2.824483 13.266
 29    12.923 53245.57663408 24.31 302.046089  -2.827793 13.266
 29    12.850 53245.57663472 24.93 302.045359  -2.831093 13.266
 29    12.952 53245.57663537 27.44 302.044629  -2.834403 13.266
 30    12.027 53280.57661115 28.96 302.049775  -2.793989 21.247
 30    10.312 53280.57661179 26.02 302.049045  -2.797299 21.247
 30    10.104 53280.57661244 26.51 302.048325  -2.800599 21.247
 30     9.841 53280.57661308 27.52 302.047595  -2.803909 21.247
 30     9.813 53280.57661373 28.21 302.046865  -2.807209 21.247
 30    10.091 53280.57661437 28.11 302.046135  -2.810519 21.247
 30    10.221 53280.57661502 28.35 302.045415  -2.813819 21.247
 30    10.285 53280.57661566 28.57 302.044685  -2.817129 21.247
 30    10.343 53280.57661631 28.68 302.043951  -2.820431 10.381
 30    10.304 53280.57661695 29.20 302.043231  -2.823741 10.381
 30    10.230 53280.57661760 29.06 302.042501  -2.827041 10.381
 30    10.247 53280.57661824 28.49 302.041771  -2.830351 10.381
 30    10.219 53280.57661888 28.05 302.041041  -2.833651 10.381
 31    11.290 53315.57662639 26.29 302.052434  -2.793021 22.866
 31    11.328 53315.57662704 18.24 302.051714  -2.796321 22.866
 31    11.017 53315.57662768 12.69 302.050984  -2.799631 22.866
 31    10.109 53315.57662833 14.20 302.050254  -2.802931 22.866
 31     8.494 53315.57662897 17.55 302.049524  -2.806241 22.866
 31     8.628 53315.57662962 23.29 302.048804  -2.809541 22.866
 31     8.878 53315.57663026 26.57 302.048074  -2.812851 22.866
 31     8.881 53315.57663091 35.99 302.047344  -2.816151 22.866
 31     8.838 53315.57663155 35.28 302.046614  -2.819461 22.866
 31     8.790 53315.57663220 28.21 302.045894  -2.822761 22.866
 31     8.524 53315.57663284 21.96 302.045164  -2.826071 22.866
 31     9.089 53315.57663349 14.83 302.044434  -2.829371 22.866
 31     9.541 53315.57663413 18.57 302.043704  -2.832681 22.866
 32     9.452 53350.57659146 49.21 302.056643  -2.790162 18.666
 32     9.577 53350.57659211 49.35 302.055913  -2.793472 18.666
 32     9.412 53350.57659275 47.08 302.055183  -2.796772 18.666
 32     9.516 53350.57659340 43.77 302.054463  -2.800082 18.666
 32     9.469 53350.57659404 42.02 302.053733  -2.803382 18.666
 32     9.352 53350.57659469 41.19 302.053003  -2.806692 18.666
 32     9.394 53350.57659533 48.65 302.052283  -2.809992 18.666
 32     9.445 53350.57659598 43.96 302.051553  -2.813302 18.666
 32     9.496 53350.57659662 40.63 302.050823  -2.816602 18.666
 32     9.488 53350.57659727 39.93 302.050093  -2.819912 18.666
 32     9.394 53350.57659791 36.72 302.049373  -2.823212 18.666
 32     9.339 53350.57659856 35.26 302.048643  -2.826522 18.666
 32     9.261 53350.57659920 33.69 302.047913  -2.829822 18.666
 32     9.256 53350.57659984 32.72 302.047193  -2.833132 18.666
 33    10.839 53385.57657347 27.06 302.051721  -2.792677 21.476
 33    10.425 53385.57657412 14.79 302.050991  -2.795987 21.476
 33    10.571 53385.57657476 12.98 302.050271  -2.799287 21.476
 33    10.653 53385.57657541 12.78 302.049541  -2.802597 21.476
 33    10.658 53385.57657605 12.20 302.048811  -2.805897 21.476
 33    10.710 53385.57657670 12.23 302.048081  -2.809207 21.476
 33    10.747 53385.57657734 12.63 302.047351  -2.812507 21.476
 33    10.735 53385.57657799 12.84 302.046631  -2.815817 21.476
 33    10.759 53385.57657863 12.86 302.045901  -2.819117 21.476
 33    10.773 53385.57657928 12.41 302.045171  -2.822427 21.476
 33    10.228 53385.57657992 16.16 302.044441  -2.825727 21.476
 33    10.505 53385.57658056 15.82 302.043721  -2.829037 21.476
 33    10.844 53385.57658121 18.98 302.042987  -2.832338 18.954
 34    11.915 53420.57657685 23.44 302.061069  -2.788314 20.003
 34    11.594 53420.57657749 19.36 302.060339  -2.791614 20.003
 34    11.504 53420.57657814 18.39 302.059619  -2.794924 20.003
 34    11.478 53420.57657878 15.60 302.058889  -2.798224 20.003
 34    11.680 53420.57657943 13.47 302.058159  -2.801534 20.003
 34    11.752 53420.57658007 13.16 302.057439  -2.804834 20.003
 34    11.683 53420.57658072 12.66 302.056709  -2.808144 20.003
 34    11.746 53420.57658136 12.70 302.055979  -2.811444 20.003
 34    11.787 53420.57658201 12.90 302.055249  -2.814754 20.003
 34    11.731 53420.57658265 12.78 302.054529  -2.818054 20.003
 34    11.701 53420.57658330 13.50 302.053799  -2.821364 20.003
 34    11.523 53420.57658394 14.90 302.053069  -2.824664 20.003
 34    11.688 53420.57658459 18.60 302.052349  -2.827974 20.003
 34    11.994 53420.57658523 21.75 302.051619  -2.831274 20.003
 35    14.883 53455.57658284 35.06 302.055823  -2.790249 13.882
 35    14.629 53455.57658349 31.21 302.055093  -2.793559 13.882
 35    14.548 53455.57658413 29.94 302.054363  -2.796859 13.882
 35    14.240 53455.57658478 29.12 302.053633  -2.800169 13.882
 35    14.127 53455.57658542 28.81 302.052913  -2.803469 13.882
 35    14.299 53455.57658607 28.29 302.052183  -2.806779 13.882
 35    14.350 53455.57658671 27.90 302.051453  -2.810079 13.882
 35    14.574 53455.57658736 27.62 302.050723  -2.813389 13.882
 35    14.663 53455.57658800 27.51 302.049993  -2.816689 13.882
 35    14.691 53455.57658865 27.45 302.049273  -2.819999 13.882
 35    14.668 53455.57658929 27.47 302.048543  -2.823299 13.882
 35    14.653 53455.57658993 26.66 302.047813  -2.826609 13.882
 35    14.558 53455.57659058 27.90 302.047083  -2.829909 13.882
 35    14.696 53455.57659122 30.70 302.046363  -2.833219 13.882
 36    15.480 53490.57666959 23.45 302.043432  -2.798326 26.558
 36    14.828 53490.57667023 23.38 302.042712  -2.801626 26.558
 36    14.514 53490.57667088 21.84 302.041982  -2.804936 26.558
 36    14.047 53490.57667152 22.46 302.041252  -2.808236 26.558
 36    14.776 53490.57667217 19.50 302.040522  -2.811546 26.558
 36    15.174 53490.57667281 17.88 302.039802  -2.814846 26.558
 36    15.263 53490.57667346 18.74 302.039072  -2.818156 26.558
 36    15.370 53490.57667410 18.98 302.038342  -2.821456 26.558
 36    15.302 53490.57667475 18.87 302.037622  -2.824766 26.558
 36    14.893 53490.57667539 21.82 302.036892  -2.828066 26.558
 36    15.280 53490.57667603 23.04 302.036162  -2.831376 26.558
 36    15.543 53490.57667668 24.41 302.035433  -2.834679 32.740
 37    15.917 53525.57665179 33.61 302.056512  -2.790822 20.804
 37    15.715 53525.57665244 30.67 302.055792  -2.794122 20.804
 37    15.492 53525.57665308 26.98 302.055062  -2.797432 20.804
 37    15.003 53525.57665373 26.71 302.054332  -2.800732 20.804
 37    14.563 53525.57665437 22.91 302.053602  -2.804042 20.804
 37    13.928 53525.57665501 21.15 302.052882  -2.807342 20.804
 37    12.921 53525.57665566 22.36 302.052152  -2.810652 20.804
 37    12.301 53525.57665630 21.53 302.051422  -2.813952 20.804
 37    13.318 53525.57665695 20.41 302.050692  -2.817262 20.804
 37    14.286 53525.57665759 19.96 302.049972  -2.820562 20.804
 37    14.827 53525.57665824 23.19 302.049242  -2.823872 20.804
 37    15.406 53525.57665888 24.94 302.048512  -2.827172 20.804
 37    15.635 53525.57665953 27.74 302.047782  -2.830482 20.804
 37    15.969 53525.57666017 30.94 302.047062  -2.833782 20.804
 38    14.839 53560.57668144 26.73 302.044496  -2.796830 18.739
 38    14.363 53560.57668208 26.65 302.043766  -2.800140 18.739
 38    14.189 53560.57668273 23.26 302.043046  -2.803440 18.739
 38    13.475 53560.57668337 23.33 302.042316  -2.806750 18.739
 38    14.271 53560.57668401 20.77 302.041586  -2.810050 18.739
 38    14.051 53560.57668466 21.05 302.040856  -2.813360 18.739
 38    14.467 53560.57668530 19.97 302.040136  -2.816660 18.739
 38    14.444 53560.57668595 19.67 302.039406  -2.819970 18.739
 38    14.620 53560.57668659 19.44 302.038676  -2.823270 18.739
 38    14.663 53560.57668724 19.70 302.037946  -2.826580 18.739
 38    14.715 53560.57668788 21.27 302.037226  -2.829880 18.739
 38    14.870 53560.57668853 22.75 302.036496  -2.833190 18.739
 38    14.989 53560.57668917 30.85 302.035770  -2.836491 28.520
 39    12.681 53595.57661770 30.69 302.059053  -2.788439 20.708
 39    12.491 53595.57661835 22.01 302.058323  -2.791739 20.708
 39    12.305 53595.57661899 19.31 302.057603  -2.795049 20.708
 39    11.902 53595.57661964 21.29 302.056873  -2.798349 20.708
 39    12.093 53595.57662028 18.98 302.056143  -2.801659 20.708
 39    12.021 53595.57662093 18.21 302.055423  -2.804959 20.708
 39    12.263 53595.57662157 17.05 302.054693  -2.808269 20.708
 39    12.326 53595.57662222 16.98 302.053963  -2.811569 20.708
 39    12.531 53595.57662286 16.52 302.053243  -2.814879 20.708
 39    12.616 53595.57662351 16.24 302.052513  -2.818179 20.708
 39    12.732 53595.57662415 15.55 302.051783  -2.821489 20.708
 39    12.593 53595.57662480 16.51 302.051053  -2.824789 20.708
 39    12.575 53595.57662544 18.63 302.050333  -2.828099 20.708
 39    12.651 53595.57662608 25.10 302.049603  -2.831399 20.708
 40    11.810 53630.57661302 26.89 302.046084  -2.795202 24.228
 40     5.241 53630.57661366 30.65 302.045354  -2.798512 24.228
 40     7.869 53630.57661431 19.11 302.044634  -2.801812 24.228
 40     7.815 53630.57661495 19.92 302.043904  -2.805122 24.228
 40     7.969 53630.57661560 22.64 302.043174  -2.808422 24.228
 40     8.175 53630.57661624 28.48 302.042444  -2.811732 24.228
 40     8.218 53630.57661689 31.74 302.041724  -2.815032 24.228
 40     8.115 53630.57661753 34.18 302.040994  -2.818342 24.228
 40     8.055 53630.57661818 30.20 302.040264  -2.821642 24.228
 40     7.813 53630.57661882 20.60 302.039534  -2.824952 24.228
 40     7.395 53630.57661947 19.24 302.038804  -2.828252 24.228
 40     9.202 53630.57662011 17.68 302.038084  -2.831562 24.228
 40    10.133 53630.57662075 17.26 302.037348  -2.834862 11.318
 41    10.112 53665.57663662 16.50 302.047511  -2.795914 24.012
 41     8.956 53665.57663727 16.26 302.046781  -2.799224 24.012
 41     8.003 53665.57663791 16.96 302.046061  -2.802524 24.012
 41     5.290 53665.57663856 18.54 302.045331  -2.805834 24.012
 41     5.432 53665.57663920 21.63 302.044601  -2.809134 24.012
 41     5.566 53665.57663985 25.44 302.043871  -2.812444 24.012
 41     5.714 53665.57664049 29.81 302.043151  -2.815744 24.012
 41     5.862 53665.57664113 34.61 302.042421  -2.819054 24.012
 41     5.884 53665.57664178 36.62 302.041691  -2.822354 24.012
 41     5.692 53665.57664242 36.86 302.040961  -2.825664 24.012
 41     5.535 53665.57664307 30.81 302.040241  -2.828964 24.012
 41     5.327 53665.57664371 24.71 302.039511  -2.832274 24.012
 41     7.500 53665.57664436 20.98 302.038782  -2.835576  7.604
 42    11.281 53700.57658867 23.57 302.055413  -2.791112 13.204
 42    11.024 53700.57658931 12.70 302.054683  -2.794412 13.204
 42     8.508 53700.57658996 13.30 302.053953  -2.797722 13.204
 42     8.092 53700.57659060 13.60 302.053233  -2.801022 13.204
 42     7.913 53700.57659125 13.34 302.052503  -2.804332 13.204
 42     7.521 53700.57659189 16.23 302.051773  -2.807632 13.204
 42     7.725 53700.57659254 19.66 302.051043  -2.810942 13.204
 42     7.832 53700.57659318 26.43 302.050323  -2.814242 13.204
 42     7.956 53700.57659383 28.69 302.049593  -2.817552 13.204
 42     7.910 53700.57659447 30.81 302.048863  -2.820852 13.204
 42     7.742 53700.57659511 24.83 302.048143  -2.824162 13.204
 42     7.659 53700.57659576 19.30 302.047413  -2.827462 13.204
 42     4.167 53700.57659640 22.91 302.046683  -2.830772 13.204
 42     8.655 53700.57659705 26.97 302.045953  -2.834072 13.204
 43    10.324 53735.57651067 20.26 302.057941  -2.791600 21.065
 43    10.011 53735.57651132 21.06 302.057211  -2.794910 21.065
 43     9.727 53735.57651196 20.81 302.056481  -2.798210 21.065
 43     9.316 53735.57651260 22.19 302.055761  -2.801520 21.065
 43     9.723 53735.57651325 22.12 302.055031  -2.804820 21.065
 43     9.800 53735.57651389 24.78 302.054301  -2.808130 21.065
 43    10.083 53735.57651454 27.04 302.053581  -2.811430 21.065
 43    10.288 53735.57651518 28.84 302.052851  -2.814740 21.065
 43    10.352 53735.57651583 36.87 302.052121  -2.818040 21.065
 43    10.280 53735.57651647 27.94 302.051401  -2.821350 21.065
 43     9.841 53735.57651712 22.22 302.050671  -2.824650 21.065
 43     9.769 53735.57651776 19.62 302.049941  -2.827960 21.065
 43    10.092 53735.57651841 20.67 302.049211  -2.831260 21.065
 44    12.906 53770.57650015 26.38 302.058709  -2.790213 17.962
 44    12.642 53770.57650080 22.29 302.057979  -2.793523 17.962
 44    12.291 53770.57650144 19.59 302.057249  -2.796823 17.962
 44    12.296 53770.57650209 17.35 302.056519  -2.800133 17.962
 44    12.513 53770.57650273 15.52 302.055799  -2.803433 17.962
 44    12.524 53770.57650338 15.66 302.055069  -2.806743 17.962
 44    12.575 53770.57650402 14.99 302.054339  -2.810043 17.962
 44    12.659 53770.57650467 15.44 302.053609  -2.813353 17.962
 44    12.629 53770.57650531 15.01 302.052889  -2.816653 17.962
 44    12.647 53770.57650596 15.72 302.052159  -2.819963 17.962
 44    12.552 53770.57650660 15.84 302.051429  -2.823263 17.962
 44    12.445 53770.57650725 19.68 302.050699  -2.826573 17.962
 44    12.853 53770.57650789 23.83 302.049979  -2.829873 17.962
 44    12.957 53770.57650854 31.81 302.049249  -2.833183 17.962
 45    14.988 53805.57649300 31.70 302.057008  -2.790882 24.388
 45    14.770 53805.57649364 29.38 302.056278  -2.794182 24.388
 45    14.503 53805.57649428 27.04 302.055558  -2.797492 24.388
 45    14.094 53805.57649493 26.40 302.054828  -2.800792 24.388
 45    13.737 53805.57649557 23.93 302.054098  -2.804102 24.388
 45    13.133 53805.57649622 21.39 302.053378  -2.807402 24.388
 45    12.436 53805.57649686 19.06 302.052648  -2.810712 24.388
 45    11.493 53805.57649751 19.28 302.051918  -2.814012 24.388
 45    12.753 53805.57649815 17.77 302.051198  -2.817322 24.388
 45    14.307 53805.57649880 16.74 302.050468  -2.820622 24.388
 45    14.405 53805.57649944 17.60 302.049738  -2.823932 24.388
 45    14.431 53805.57650009 20.08 302.049008  -2.827232 24.388
 45    14.852 53805.57650073 24.40 302.048288  -2.830542 24.388
 45    15.063 53805.57650138 29.28 302.047558  -2.833842 24.388
 47    16.239 53875.57656021 27.01 302.054465  -2.791967 16.265
 47    16.111 53875.57656085 24.09 302.053735  -2.795277 16.265
 47    15.885 53875.57656150 22.73 302.053005  -2.798577 16.265
 47    15.400 53875.57656214 20.46 302.052275  -2.801887 16.265
 47    14.803 53875.57656279 19.74 302.051555  -2.805187 16.265
 47    13.803 53875.57656343 20.73 302.050825  -2.808497 16.265
 47    12.563 53875.57656407 20.69 302.050095  -2.811797 16.265
 47    12.872 53875.57656472 20.45 302.049365  -2.815107 16.265
 47    14.161 53875.57656536 19.70 302.048645  -2.818407 16.265
 47    14.826 53875.57656601 21.53 302.047915  -2.821717 16.265
 47    15.486 53875.57656665 21.84 302.047185  -2.825017 16.265
 47    15.939 53875.57656730 27.39 302.046455  -2.828327 16.265
 47    16.325 53875.57656794 28.68 302.045735  -2.831627 16.265
 48    16.761 53910.57660887 39.03 302.045458  -2.798013 20.557
 48    16.734 53910.57660952 34.48 302.044738  -2.801313 20.557
 48    16.300 53910.57661016 34.86 302.044008  -2.804623 20.557
 48    16.159 53910.57661081 36.44 302.043278  -2.807923 20.557
 48    16.689 53910.57661145 39.19 302.042548  -2.811233 20.557
 48    16.635 53910.57661210 38.10 302.041828  -2.814533 20.557
 48    16.663 53910.57661274 39.51 302.041098  -2.817843 20.557
 48    16.715 53910.57661339 39.87 302.040368  -2.821143 20.557
 48    16.689 53910.57661403 41.26 302.039638  -2.824453 20.557
 48    16.570 53910.57661468 39.03 302.038918  -2.827753 20.557
 48    16.578 53910.57661532 38.53 302.038188  -2.831063 20.557
 48    16.646 53910.57661597 39.12 302.037458  -2.834363 20.557
 49    15.101 53945.57662845 45.19 302.042632  -2.796173 17.097
 49    15.143 53945.57662910 35.17 302.041902  -2.799483 17.097
 49    15.035 53945.57662974 33.44 302.041172  -2.802783 17.097
 49    14.738 53945.57663039 35.29 302.040452  -2.806093 17.097
 49    14.813 53945.57663103 34.29 302.039722  -2.809393 17.097
 49    14.934 53945.57663168 34.28 302.038992  -2.812703 17.097
 49    14.985 53945.57663232 33.45 302.038272  -2.816003 17.097
 49    14.953 53945.57663297 33.58 302.037542  -2.819313 17.097
 49    14.905 53945.57663361 33.45 302.036812  -2.822613 17.097
 49    14.806 53945.57663426 33.63 302.036082  -2.825923 17.097
 49    14.890 53945.57663490 32.52 302.035362  -2.829223 17.097
 49    14.866 53945.57663554 32.69 302.034632  -2.832533 17.097
 49    14.942 53945.57663619 32.00 302.033902  -2.835833 17.097
 50    12.204 53980.57657464 29.27 302.050448  -2.794664 20.673
 50    12.001 53980.57657528 17.02 302.049728  -2.797974 20.673
 50    11.711 53980.57657593 15.19 302.048998  -2.801274 20.673
 50    11.837 53980.57657657 14.11 302.048268  -2.804584 20.673
 50    11.912 53980.57657721 13.42 302.047538  -2.807884 20.673
 50    11.838 53980.57657786 13.82 302.046818  -2.811194 20.673
 50    11.932 53980.57657850 13.27 302.046088  -2.814494 20.673
 50    11.923 53980.57657915 13.05 302.045358  -2.817804 20.673
 50    11.927 53980.57657979 12.92 302.044638  -2.821104 20.673
 50    11.879 53980.57658044 13.41 302.043908  -2.824414 20.673
 50    11.965 53980.57658108 14.65 302.043178  -2.827714 20.673
 50    12.081 53980.57658173 17.99 302.042458  -2.831024 20.673
 50    12.238 53980.57658237 23.48 302.041728  -2.834324 20.673
 51    11.616 54015.57659332 27.46 302.054118  -2.792443 23.886
 51    11.383 54015.57659396 18.88 302.053388  -2.795743 23.886
 51    11.076 54015.57659461 13.56 302.052668  -2.799053 23.886
 51    10.371 54015.57659525 14.52 302.051938  -2.802353 23.886
 51     9.025 54015.57659589 17.28 302.051208  -2.805663 23.886
 51     8.569 54015.57659654 20.84 302.050478  -2.808963 23.886
 51     8.658 54015.57659718 29.56 302.049748  -2.812273 23.886
 51     8.713 54015.57659783 36.48 302.049028  -2.815573 23.886
 51     8.576 54015.57659847 37.92 302.048298  -2.818883 23.886
 51     8.582 54015.57659912 36.19 302.047568  -2.822183 23.886
 51     8.145 54015.57659976 28.09 302.046838  -2.825493 23.886
 51     7.973 54015.57660041 21.08 302.046118  -2.828793 23.886
 51     8.729 54015.57660105 18.72 302.045388  -2.832103 23.886
 52    10.600 54050.57659421 21.18 302.060821  -2.788270 20.291
 52    10.405 54050.57659486 14.79 302.060091  -2.791580 20.291
 52    10.321 54050.57659550 14.03 302.059371  -2.794880 20.291
 52    10.018 54050.57659615 14.67 302.058641  -2.798190 20.291
 52     9.218 54050.57659679 15.55 302.057911  -2.801490 20.291
 52     8.628 54050.57659744 16.00 302.057181  -2.804800 20.291
 52     7.075 54050.57659808 17.98 302.056461  -2.808100 20.291
 52     7.197 54050.57659873 19.62 302.055731  -2.811410 20.291
 52     7.435 54050.57659937 25.29 302.055001  -2.814710 20.291
 52     7.569 54050.57660002 28.84 302.054271  -2.818020 20.291
 52     7.629 54050.57660066 31.57 302.053551  -2.821320 20.291
 52     7.323 54050.57660131 29.82 302.052821  -2.824630 20.291
 52     7.115 54050.57660195 23.89 302.052091  -2.827930 20.291
 52     8.930 54050.57660260 23.52 302.051361  -2.831240 20.291
 53     9.520 54085.57658745 17.99 302.053037  -2.793854 20.412
 53     9.402 54085.57658810 17.56 302.052317  -2.797164 20.412
 53     9.307 54085.57658874 17.67 302.051587  -2.800464 20.412
 53     9.430 54085.57658939 18.21 302.050857  -2.803774 20.412
 53     9.622 54085.57659003 17.62 302.050127  -2.807074 20.412
 53     9.808 54085.57659068 20.01 302.049407  -2.810384 20.412
 53     9.945 54085.57659132 28.72 302.048677  -2.813684 20.412
 53     9.991 54085.57659197 35.91 302.047947  -2.816994 20.412
 53    10.004 54085.57659261 31.67 302.047227  -2.820294 20.412
 53     9.578 54085.57659326 20.79 302.046497  -2.823604 20.412
 53     9.490 54085.57659390 17.78 302.045767  -2.826904 20.412
 53     9.503 54085.57659455 18.59 302.045047  -2.830214 20.412
 53     9.867 54085.57659519 21.73 302.044317  -2.833514 20.412
 54    11.710 54120.57651364 28.16 302.053049  -2.793358 19.637
 54    11.431 54120.57651428 19.27 302.052319  -2.796658 19.637
 54    10.320 54120.57651493 19.21 302.051589  -2.799968 19.637
 54    10.026 54120.57651557 18.46 302.050869  -2.803268 19.637
 54    11.487 54120.57651622 14.34 302.050139  -2.806578 19.637
 54    11.486 54120.57651686 13.74 302.049409  -2.809878 19.637
 54    11.600 54120.57651751 13.94 302.048689  -2.813188 19.637
 54    11.567 54120.57651815 13.52 302.047959  -2.816488 19.637
 54    11.497 54120.57651880 14.02 302.047229  -2.819798 19.637
 54    11.689 54120.57651944 13.74 302.046509  -2.823098 19.637
 54    11.565 54120.57652009 15.12 302.045779  -2.826408 19.637
 54    11.729 54120.57652073 17.20 302.045049  -2.829708 19.637
 54    11.921 54120.57652138 22.15 302.044329  -2.833018 19.637
 55    12.989 54155.57654542 32.44 302.051743  -2.792419 21.312
 55    12.814 54155.57654606 26.45 302.051013  -2.795719 21.312
 55    12.377 54155.57654671 20.39 302.050283  -2.799029 21.312
 55    11.907 54155.57654735 19.99 302.049563  -2.802329 21.312
 55    12.388 54155.57654799 17.57 302.048833  -2.805639 21.312
 55    12.650 54155.57654864 15.39 302.048103  -2.808939 21.312
 55    12.629 54155.57654928 15.41 302.047373  -2.812249 21.312
 55    12.785 54155.57654993 14.91 302.046653  -2.815549 21.312
 55    12.775 54155.57655057 14.66 302.045923  -2.818859 21.312
 55    12.799 54155.57655122 14.68 302.045193  -2.822159 21.312
 55    12.719 54155.57655186 15.03 302.044463  -2.825469 21.312
 55    12.552 54155.57655251 17.63 302.043743  -2.828769 21.312
 55    12.704 54155.57655315 22.50 302.043013  -2.832079 21.312
 55    13.047 54155.57655380 25.95 302.042283  -2.835379 21.312
 56    13.680 54190.57651087 27.78 302.053029  -2.793052 37.356
 56    13.496 54190.57651151 23.39 302.052299  -2.796352 37.356
 56    12.946 54190.57651216 22.12 302.051579  -2.799662 37.356
 56    12.148 54190.57651280 23.65 302.050849  -2.802962 37.356
 56    12.331 54190.57651345 18.24 302.050119  -2.806272 37.356
 56    11.758 54190.57651409 18.10 302.049398  -2.809577 17.016
 56    10.894 54190.57651473 18.70 302.048668  -2.812877 17.016
 56    10.501 54190.57651538 18.54 302.047938  -2.816187 17.016
 56    12.914 54190.57651602 16.45 302.047218  -2.819497 17.016
 56    12.952 54190.57651667 15.56 302.046488  -2.822797 17.016
 56    13.231 54190.57651731 16.86 302.045758  -2.826107 17.016
 56    13.453 54190.57651796 18.50 302.045028  -2.829407 17.016
 56    13.689 54190.57651860 23.63 302.044308  -2.832717 17.016
 57    15.290 54225.57655623 39.35 302.051285  -2.794795 36.294
 57    15.265 54225.57655687 37.13 302.050555  -2.798105 36.294
 57    15.244 54225.57655751 34.08 302.049835  -2.801405 36.294
 57    14.917 54225.57655816 34.27 302.049105  -2.804715 36.294
 57    14.736 54225.57655880 32.68 302.048376  -2.808019 17.843
 57    14.793 54225.57655945 32.29 302.047646  -2.811329 17.843
 57    15.161 54225.57656009 31.16 302.046926  -2.814629 17.843
 57    15.283 54225.57656074 30.99 302.046196  -2.817939 17.843
 57    15.264 54225.57656138 31.01 302.045466  -2.821239 17.843
 57    15.253 54225.57656203 30.74 302.044736  -2.824549 17.843
 57    15.062 54225.57656267 31.55 302.044016  -2.827849 17.843
 57    15.075 54225.57656332 30.60 302.043286  -2.831159 17.843
 57    15.171 54225.57656396 30.68 302.042556  -2.834459 17.843
 58    15.773 54260.57657651 27.60 302.052770  -2.793950 28.489
 58    15.626 54260.57657716 25.75 302.052040  -2.797250 28.489
 58    15.157 54260.57657780 24.25 302.051320  -2.800560 28.489
 58    14.635 54260.57657845 22.72 302.050590  -2.803860 28.489
 58    14.055 54260.57657909 21.60 302.049860  -2.807170 28.489
 58    12.900 54260.57657974 22.18 302.049133  -2.810472 24.184
 58    12.123 54260.57658038 22.67 302.048403  -2.813782 24.184
 58    13.142 54260.57658103 23.32 302.047673  -2.817082 24.184
 58    14.156 54260.57658167 21.71 302.046953  -2.820392 24.184
 58    14.754 54260.57658232 23.36 302.046223  -2.823692 24.184
 58    15.279 54260.57658296 25.74 302.045493  -2.827002 24.184
 58    15.845 54260.57658361 26.99 302.044763  -2.830302 24.184
 58    16.121 54260.57658425 31.26 302.044043  -2.833612 24.184
 59    15.633 54295.57658047 37.40 302.053663  -2.791559 44.198
 59    15.513 54295.57658112 35.02 302.052943  -2.794869 44.198
 59    15.379 54295.57658176 29.22 302.052213  -2.798169 44.198
 59    14.951 54295.57658241 26.47 302.051483  -2.801479 44.198
 59    14.474 54295.57658305 23.23 302.050756  -2.804780 21.896
 59    14.999 54295.57658370 19.99 302.050026  -2.808090 21.896
 59    15.349 54295.57658434 18.32 302.049306  -2.811390 21.896
 59    15.344 54295.57658499 18.71 302.048576  -2.814700 21.896
 59    15.432 54295.57658563 18.25 302.047846  -2.818000 21.896
 59    15.455 54295.57658628 18.99 302.047116  -2.821310 21.896
 59    15.235 54295.57658692 20.76 302.046396  -2.824610 21.896
 59    15.262 54295.57658757 24.70 302.045666  -2.827920 21.896
 59    15.416 54295.57658821 27.87 302.044936  -2.831220 21.896
 59    15.677 54295.57658885 30.78 302.044206  -2.834530 21.896
 60    14.213 54330.57657268 30.37 302.054813  -2.792405 26.851
 60    14.174 54330.57657333 29.49 302.054083  -2.795705 26.851
 60    14.041 54330.57657397 29.00 302.053363  -2.799015 26.851
 60    13.904 54330.57657461 28.24 302.052633  -2.802315 26.851
 60    13.851 54330.57657526 28.76 302.051903  -2.805625 26.851
 60    13.926 54330.57657590 28.06 302.051178  -2.808929 12.813
 60    13.884 54330.57657655 27.64 302.050448  -2.812239 12.813
 60    14.003 54330.57657719 27.23 302.049718  -2.815539 12.813
 60    14.077 54330.57657784 26.83 302.048998  -2.818849 12.813
 60    14.142 54330.57657848 26.05 302.048268  -2.822149 12.813
 60    14.151 54330.57657913 26.05 302.047538  -2.825459 12.813
 60    14.100 54330.57657977 25.56 302.046818  -2.828759 12.813
 60    14.141 54330.57658042 25.52 302.046088  -2.832069 12.813
 61    10.137 54365.57651705 33.72 302.053108  -2.793080 12.887
 61    10.023 54365.57651769 33.16 302.052378  -2.796390 12.887
 61     9.913 54365.57651834 33.59 302.051648  -2.799690 12.887
 61     9.920 54365.57651898 32.90 302.050928  -2.803000 12.887
 61     9.928 54365.57651962 32.56 302.050198  -2.806300 12.887
 61    10.082 54365.57652027 32.27 302.049468  -2.809610 12.887
 61    10.248 54365.57652091 32.49 302.048748  -2.812913  8.930
 61    10.360 54365.57652156 38.41 302.048018  -2.816223  8.930
 61    10.312 54365.57652220 42.53 302.047288  -2.819523  8.930
 61    10.243 54365.57652285 31.00 302.046568  -2.822833  8.930
 61    10.006 54365.57652349 29.31 302.045838  -2.826133  8.930
 61     9.975 54365.57652414 28.50 302.045108  -2.829443  8.930
 61     9.929 54365.57652478 27.85 302.044378  -2.832743  8.930
 62    11.330 54400.57651489 25.04 302.053934  -2.793575 17.821
 62    11.109 54400.57651554 17.78 302.053204  -2.796885 17.821
 62    10.735 54400.57651618 12.36 302.052474  -2.800185 17.821
 62    10.145 54400.57651683 12.80 302.051744  -2.803495 17.821
 62     9.090 54400.57651747 15.01 302.051024  -2.806795 17.821
 62     7.827 54400.57651812 17.59 302.050294  -2.810105 17.821
 62     7.950 54400.57651876 25.46 302.049567  -2.813408 12.432
 62     8.082 54400.57651941 30.54 302.048837  -2.816718 12.432
 62     7.972 54400.57652005 31.05 302.048117  -2.820018 12.432
 62     7.695 54400.57652069 32.27 302.047387  -2.823328 12.432
 62     7.534 54400.57652134 29.90 302.046657  -2.826628 12.432
 62     7.207 54400.57652198 23.70 302.045927  -2.829938 12.432
 62     9.107 54400.57652263 19.85 302.045207  -2.833238 12.432
 63    10.618 54435.57647231 21.36 302.052893  -2.793927 18.556
 63     8.855 54435.57647296 20.96 302.052163  -2.797237 18.556
 63     8.868 54435.57647360 21.03 302.051433  -2.800537 18.556
 63     8.759 54435.57647425 20.95 302.050713  -2.803847 18.556
 63     8.673 54435.57647489 21.75 302.049983  -2.807147 18.556
 63     8.759 54435.57647554 23.02 302.049253  -2.810457 18.556
 63     9.017 54435.57647618 29.87 302.048530  -2.813761 17.428
 63     8.957 54435.57647683 36.89 302.047800  -2.817071 17.428
 63     9.004 54435.57647747 35.70 302.047070  -2.820371 17.428
 63     8.914 54435.57647812 31.18 302.046350  -2.823681 17.428
 63     8.735 54435.57647876 23.45 302.045620  -2.826981 17.428
 63     8.746 54435.57647941 21.51 302.044890  -2.830291 17.428
 63     8.567 54435.57648005 23.99 302.044160  -2.833591 17.428
 64    10.823 54470.57649826 26.88 302.055253  -2.791218 29.726
 64    10.678 54470.57649890 19.09 302.054533  -2.794518 29.726
 64    10.029 54470.57649955 20.47 302.053803  -2.797828 29.726
 64     9.598 54470.57650019 21.42 302.053073  -2.801128 29.726
 64    10.213 54470.57650084 20.85 302.052343  -2.804438 29.726
 64    11.132 54470.57650148 18.60 302.051623  -2.807738 29.726
 64    11.379 54470.57650213 18.56 302.050893  -2.811048 29.726
 64    11.262 54470.57650277 28.61 302.050162  -2.814351 17.860
 64    11.439 54470.57650342 32.15 302.049432  -2.817661 17.860
 64    11.158 54470.57650406 25.95 302.048712  -2.820961 17.860
 64    11.022 54470.57650471 19.03 302.047982  -2.824271 17.860
 64    10.653 54470.57650535 17.39 302.047252  -2.827571 17.860
 64    10.985 54470.57650600 19.94 302.046522  -2.830881 17.860
 64    11.174 54470.57650664 25.58 302.045802  -2.834181 17.860
 65    13.336 54505.57648559 30.92 302.053415  -2.792551 26.771
 65    13.169 54505.57648623 20.71 302.052685  -2.795861 26.771
 65    12.597 54505.57648688 19.47 302.051955  -2.799161 26.771
 65    12.425 54505.57648752 16.74 302.051235  -2.802471 26.771
 65    12.799 54505.57648817 15.64 302.050505  -2.805771 26.771
 65    12.264 54505.57648881 15.72 302.049775  -2.809081 26.771
 65    12.939 54505.57648946 14.82 302.049045  -2.812381 26.771
 65    12.920 54505.57649010 15.27 302.048325  -2.815691 26.771
 65    13.132 54505.57649075 14.22 302.047595  -2.818991 26.771
 65    13.082 54505.57649139 14.66 302.046865  -2.822301 26.771
 65    12.949 54505.57649203 16.17 302.046144  -2.825605 21.029
 65    13.094 54505.57649268 19.08 302.045414  -2.828915 21.029
 65    13.295 54505.57649332 25.20 302.044684  -2.832215 21.029
 66    14.892 54540.57651308 30.85 302.054566  -2.791800 26.356
 66    14.814 54540.57651372 28.12 302.053846  -2.795100 26.356
 66    14.675 54540.57651436 24.85 302.053116  -2.798410 26.356
 66    14.504 54540.57651501 22.37 302.052386  -2.801710 26.356
 66    14.384 54540.57651565 21.96 302.051656  -2.805020 26.356
 66    14.151 54540.57651630 21.61 302.050936  -2.808320 26.356
 66    14.228 54540.57651694 20.49 302.050206  -2.811630 26.356
 66    14.140 54540.57651759 20.34 302.049476  -2.814930 26.356
 66    14.370 54540.57651823 19.97 302.048756  -2.818240 26.356
 66    14.488 54540.57651888 20.22 302.048026  -2.821540 26.356
 66    14.589 54540.57651952 19.17 302.047296  -2.824850 26.356
 66    14.525 54540.57652017 22.07 302.046569  -2.828153 25.994
 66    14.760 54540.57652081 23.73 302.045839  -2.831463 25.994
 67    15.534 54575.57648650 37.94 302.053638  -2.793621 23.279
 67    15.367 54575.57648714 36.19 302.052908  -2.796921 23.279
 67    15.006 54575.57648779 34.54 302.052178  -2.800231 23.279
 67    14.397 54575.57648843 31.40 302.051458  -2.803531 23.279
 67    13.811 54575.57648908 27.03 302.050728  -2.806841 23.279
 67    12.880 54575.57648972 25.65 302.049998  -2.810141 23.279
 67    11.782 54575.57649037 25.39 302.049278  -2.813451 23.279
 67    12.280 54575.57649101 25.20 302.048548  -2.816751 23.279
 67    13.617 54575.57649166 22.78 302.047818  -2.820061 23.279
 67    14.697 54575.57649230 23.05 302.047088  -2.823361 23.279
 67    15.023 54575.57649295 26.32 302.046368  -2.826671 23.279
 67    15.412 54575.57649359 29.55 302.045638  -2.829971 23.279
 67    15.678 54575.57649424 31.14 302.044908  -2.833281 23.279
 68    16.276 54610.57650526 37.18 302.053355  -2.792262 27.281
 68    16.025 54610.57650590 36.68 302.052625  -2.795572 27.281
 68    15.610 54610.57650655 35.78 302.051905  -2.798872 27.281
 68    15.205 54610.57650719 33.85 302.051175  -2.802182 27.281
 68    14.498 54610.57650784 31.52 302.050445  -2.805482 27.281
 68    13.772 54610.57650848 29.51 302.049725  -2.808792 27.281
 68    12.843 54610.57650912 28.45 302.048995  -2.812092 27.281
 68    12.546 54610.57650977 27.25 302.048265  -2.815402 27.281
 68    13.870 54610.57651041 25.22 302.047535  -2.818702 27.281
 68    14.969 54610.57651106 25.37 302.046815  -2.822012 27.281
 68    15.660 54610.57651170 25.08 302.046085  -2.825312 27.281
 68    16.029 54610.57651235 28.40 302.045355  -2.828622 27.281
 68    16.348 54610.57651299 31.30 302.044628  -2.831924 32.553
 69    16.329 54645.57651344 39.20 302.051847  -2.794781 14.151
 69    16.141 54645.57651408 37.49 302.051127  -2.798081 14.151
 69    16.040 54645.57651473 36.88 302.050397  -2.801391 14.151
 69    16.173 54645.57651537 34.23 302.049667  -2.804691 14.151
 69    16.071 54645.57651602 34.33 302.048937  -2.808001 14.151
 69    16.201 54645.57651666 33.51 302.048217  -2.811301 14.151
 69    16.271 54645.57651731 32.59 302.047487  -2.814611 14.151
 69    16.307 54645.57651795 32.42 302.046757  -2.817911 14.151
 69    16.463 54645.57651859 32.84 302.046027  -2.821221 14.151
 69    16.482 54645.57651924 32.83 302.045307  -2.824521 14.151
 69    16.557 54645.57651988 33.02 302.044577  -2.827831 14.151
 69    16.461 54645.57652053 34.21 302.043850  -2.831134 15.389
 69    16.498 54645.57652117 32.77 302.043120  -2.834444 15.389
 70    15.149 54680.57651379 29.48 302.052590  -2.791979 21.597
 70    14.993 54680.57651444 27.79 302.051860  -2.795279 21.597
 70    14.590 54680.57651508 24.05 302.051130  -2.798589 21.597
 70    14.366 54680.57651573 18.63 302.050410  -2.801889 21.597
 70    14.674 54680.57651637 15.52 302.049680  -2.805199 21.597
 70    14.742 54680.57651702 15.11 302.048950  -2.808499 21.597
 70    14.681 54680.57651766 14.67 302.048220  -2.811809 21.597
 70    14.695 54680.57651831 14.90 302.047500  -2.815109 21.597
 70    14.678 54680.57651895 15.07 302.046770  -2.818419 21.597
 70    14.845 54680.57651960 15.13 302.046040  -2.821719 21.597
 70    14.699 54680.57652024 15.62 302.045310  -2.825029 21.597
 70    14.674 54680.57652089 17.08 302.044590  -2.828329 21.597
 70    15.047 54680.57652153 20.77 302.043860  -2.831639 21.597
 70    15.179 54680.57652217 28.15 302.043133  -2.834942 25.565
 71    12.477 54715.57646384 32.73 302.054938  -2.790951 24.620
 71    12.264 54715.57646448 22.12 302.054208  -2.794251 24.620
 71    11.403 54715.57646513 21.69 302.053488  -2.797561 24.620
 71    11.618 54715.57646577 17.76 302.052758  -2.800861 24.620
 71    11.855 54715.57646642 16.46 302.052028  -2.804171 24.620
 71    12.203 54715.57646706 16.83 302.051308  -2.807471 24.620
 71    12.491 54715.57646770 16.11 302.050578  -2.810781 24.620
 71    12.569 54715.57646835 25.12 302.049848  -2.814081 24.620
 71    12.489 54715.57646899 27.13 302.049128  -2.817391 24.620
 71    12.388 54715.57646964 19.25 302.048398  -2.820691 24.620
 71    12.082 54715.57647028 17.24 302.047668  -2.824001 24.620
 71    12.195 54715.57647093 15.66 302.046938  -2.827301 24.620
 71    12.436 54715.57647157 18.05 302.046218  -2.830611 24.620
 71    12.529 54715.57647222 26.86 302.045488  -2.833911 24.620
 72    11.574 54750.57648572 27.19 302.051668  -2.794026 28.204
 72    10.868 54750.57648637 21.86 302.050938  -2.797336 28.204
 72    10.591 54750.57648701 16.32 302.050208  -2.800636 28.204
 72     8.587 54750.57648766 17.79 302.049478  -2.803946 28.204
 72     8.689 54750.57648830 20.62 302.048758  -2.807246 28.204
 72     9.156 54750.57648895 25.90 302.048028  -2.810556 28.204
 72     9.326 54750.57648959 32.83 302.047298  -2.813856 28.204
 72     9.136 54750.57649024 41.15 302.046568  -2.817166 28.204
 72     9.340 54750.57649088 39.56 302.045848  -2.820466 28.204
 72     8.899 54750.57649152 37.78 302.045118  -2.823776 28.204
 72     8.739 54750.57649217 27.90 302.044389  -2.827077 18.229
 72     8.580 54750.57649281 20.45 302.043659  -2.830387 18.229
 72     9.504 54750.57649346 20.67 302.042939  -2.833687 18.229
 73     8.609 54785.57645360 38.33 302.053282  -2.793300 21.006
 73     8.570 54785.57645425 38.67 302.052552  -2.796610 21.006
 73     8.649 54785.57645489 41.66 302.051832  -2.799910 21.006
 73     8.504 54785.57645554 43.50 302.051102  -2.803220 21.006
 73     8.600 54785.57645618 43.21 302.050372  -2.806520 21.006
 73     8.677 54785.57645683 45.44 302.049652  -2.809830 21.006
 73     8.667 54785.57645747 45.80 302.048922  -2.813130 21.006
 73     8.580 54785.57645812 39.45 302.048192  -2.816440 21.006
 73     8.507 54785.57645876 36.93 302.047462  -2.819740 21.006
 73     8.494 54785.57645941 47.96 302.046742  -2.823050 21.006
 73     8.469 54785.57646005 37.60 302.046012  -2.826350 21.006
 73     8.551 54785.57646069 39.04 302.045282  -2.829660 21.006
 73     8.580 54785.57646134 40.52 302.044559  -2.832965  7.178
 74    11.507 54820.57647775 30.75 302.053573  -2.791360 27.437
 74    11.380 54820.57647839 21.10 302.052853  -2.794660 27.437
 74     8.819 54820.57647904 21.50 302.052123  -2.797970 27.437
 74     8.495 54820.57647968 22.08 302.051393  -2.801270 27.437
 74    10.077 54820.57648033 18.80 302.050663  -2.804580 27.437
 74    10.345 54820.57648097 16.99 302.049943  -2.807880 27.437
 74    10.393 54820.57648162 22.11 302.049213  -2.811190 27.437
 74    10.648 54820.57648226 28.78 302.048483  -2.814490 27.437
 74    10.653 54820.57648290 38.65 302.047753  -2.817800 27.437
 74    10.866 54820.57648355 33.08 302.047033  -2.821100 27.437
 74    10.407 54820.57648419 20.59 302.046303  -2.824410 27.437
 74    10.048 54820.57648484 19.04 302.045572  -2.827713 19.835
 74    10.223 54820.57648548 20.05 302.044842  -2.831023 19.835
 74    10.566 54820.57648613 24.04 302.044122  -2.834323 19.835
 75    12.717 54855.57644992 28.17 302.053916  -2.792673 14.845
 75    12.469 54855.57645056 29.60 302.053186  -2.795973 14.845
 75    12.202 54855.57645120 28.11 302.052456  -2.799283 14.845
 75    12.223 54855.57645185 27.64 302.051736  -2.802583 14.845
 75    12.264 54855.57645249 28.33 302.051006  -2.805893 14.845
 75    12.404 54855.57645314 27.91 302.050276  -2.809193 14.845
 75    12.576 54855.57645378 28.20 302.049556  -2.812503 14.845
 75    12.661 54855.57645443 28.19 302.048826  -2.815803 14.845
 75    12.655 54855.57645507 28.63 302.048096  -2.819113 14.845
 75    12.698 54855.57645572 28.28 302.047366  -2.822413 14.845
 75    12.807 54855.57645636 27.48 302.046646  -2.825723 14.845
 75    12.910 54855.57645701 27.49 302.045916  -2.829023 14.845
 75    12.913 54855.57645765 27.55 302.045186  -2.832333 14.845
 76    14.827 54890.57648289 29.90 302.050792  -2.794173 27.726
 76    14.782 54890.57648353 25.16 302.050062  -2.797483 27.726
 76    14.400 54890.57648418 21.82 302.049332  -2.800783 27.726
 76    14.153 54890.57648482 18.43 302.048612  -2.804093 27.726
 76    13.454 54890.57648547 16.68 302.047882  -2.807393 27.726
 76    12.713 54890.57648611 17.23 302.047152  -2.810703 27.726
 76    12.705 54890.57648676 17.04 302.046422  -2.814003 27.726
 76    11.982 54890.57648740 18.28 302.045692  -2.817313 27.726
 76    13.302 54890.57648805 17.32 302.044972  -2.820613 27.726
 76    13.787 54890.57648869 16.86 302.044242  -2.823923 27.726
 76    14.005 54890.57648934 22.12 302.043516  -2.827225 26.951
 76    14.720 54890.57648998 22.88 302.042786  -2.830535 26.951
 76    14.876 54890.57649062 27.42 302.042056  -2.833835 26.951
 77    16.219 54925.57644843 39.71 302.051562  -2.793690 24.104
 77    16.099 54925.57644907 35.04 302.050842  -2.797000 24.104
 77    15.672 54925.57644972 30.72 302.050112  -2.800300 24.104
 77    15.341 54925.57645036 26.08 302.049382  -2.803610 24.104
 77    14.900 54925.57645101 24.78 302.048662  -2.806910 24.104
 77    15.614 54925.57645165 23.44 302.047932  -2.810220 24.104
 77    15.913 54925.57645230 22.96 302.047202  -2.813520 24.104
 77    16.117 54925.57645294 23.56 302.046482  -2.816830 24.104
 77    16.234 54925.57645359 25.06 302.045752  -2.820130 24.104
 77    15.962 54925.57645423 28.92 302.045022  -2.823440 24.104
 77    15.855 54925.57645487 29.39 302.044292  -2.826740 24.104
 77    15.953 54925.57645552 31.14 302.043572  -2.830050 24.104
 77    16.205 54925.57645616 35.53 302.042842  -2.833350 24.104
 78    17.102 54960.57648035 35.48 302.051209  -2.794698 28.882
 78    16.713 54960.57648099 31.77 302.050489  -2.797998 28.882
 78    16.325 54960.57648164 30.36 302.049759  -2.801308 28.882
 78    15.795 54960.57648228 28.01 302.049029  -2.804608 28.882
 78    15.069 54960.57648292 23.52 302.048299  -2.807918 28.882
 78    14.162 54960.57648357 22.68 302.047579  -2.811218 28.882
 78    13.132 54960.57648421 23.73 302.046849  -2.814528 28.882
 78    14.388 54960.57648486 22.03 302.046119  -2.817828 28.882
 78    15.441 54960.57648550 22.61 302.045389  -2.821138 28.882
 78    16.053 54960.57648615 25.13 302.044669  -2.824438 28.882
 78    16.535 54960.57648679 27.06 302.043939  -2.827748 28.882
 78    16.902 54960.57648744 29.05 302.043209  -2.831050 32.069
 78    17.152 54960.57648808 29.85 302.042479  -2.834360 32.069
 79    17.262 54995.57650266 34.87 302.049680  -2.795379 32.405
 79    16.871 54995.57650330 32.49 302.048950  -2.798689 32.405
 79    16.560 54995.57650395 30.45 302.048220  -2.801989 32.405
 79    15.936 54995.57650459 26.38 302.047500  -2.805299 32.405
 79    15.306 54995.57650523 24.20 302.046770  -2.808599 32.405
 79    14.622 54995.57650588 23.52 302.046040  -2.811909 32.405
 79    14.134 54995.57650652 24.03 302.045310  -2.815209 32.405
 79    16.893 54995.57650717 23.14 302.044590  -2.818519 32.405
 79    15.729 54995.57650781 25.18 302.043860  -2.821819 32.405
 79    16.548 54995.57650846 25.83 302.043130  -2.825129 32.405
 79    16.805 54995.57650910 27.51 302.042404  -2.828430 31.475
 79    17.152 54995.57650975 30.47 302.041674  -2.831740 31.475
 79    17.354 54995.57651039 31.85 302.040954  -2.835040 31.475
 80    17.057 55030.57649184 34.90 302.052182  -2.793695 18.039
 80    16.897 55030.57649248 33.46 302.051462  -2.796995 18.039
 80    16.746 55030.57649313 30.56 302.050732  -2.800305 18.039
 80    16.349 55030.57649377 30.21 302.050002  -2.803605 18.039
 80    16.361 55030.57649442 30.14 302.049282  -2.806915 18.039
 80    16.590 55030.57649506 29.94 302.048552  -2.810215 18.039
 80    16.819 55030.57649571 30.23 302.047822  -2.813525 18.039
 80    16.980 55030.57649635 29.80 302.047092  -2.816825 18.039
 80    17.074 55030.57649700 30.61 302.046372  -2.820135 18.039
 80    17.193 55030.57649764 31.09 302.045642  -2.823435 18.039
 80    17.019 55030.57649829 31.54 302.044912  -2.826745 18.039
 80    16.888 55030.57649893 32.37 302.044186  -2.830048 16.366
 80    17.010 55030.57649958 32.57 302.043456  -2.833358 16.366
 81    15.459 55065.57648202 26.76 302.053606  -2.794067 20.289
 81    15.243 55065.57648267 23.96 302.052876  -2.797367 20.289
 81    14.845 55065.57648331 20.06 302.052146  -2.800677 20.289
 81    14.485 55065.57648395 18.77 302.051426  -2.803977 20.289
 81    14.874 55065.57648460 18.14 302.050696  -2.807287 20.289
 81    14.494 55065.57648524 17.13 302.049966  -2.810587 20.289
 81    14.175 55065.57648589 17.69 302.049236  -2.813897 20.289
 81    14.219 55065.57648653 17.34 302.048516  -2.817197 20.289
 81    14.009 55065.57648718 17.99 302.047786  -2.820507 20.289
 81    14.470 55065.57648782 19.82 302.047056  -2.823807 20.289
 81    14.915 55065.57648847 22.56 302.046336  -2.827117 20.289
 81    15.333 55065.57648911 23.24 302.045606  -2.830417 20.289
 81    15.579 55065.57648976 26.36 302.044876  -2.833727 20.289
 82    12.233 55100.57642530 23.40 302.051280  -2.794953 21.114
 82    11.771 55100.57642594 16.33 302.050560  -2.798263 21.114
 82    11.766 55100.57642659 15.39 302.049830  -2.801563 21.114
 82    11.927 55100.57642723 14.83 302.049100  -2.804873 21.114
 82    12.135 55100.57642788 16.86 302.048380  -2.808173 21.114
 82    12.280 55100.57642852 22.75 302.047650  -2.811483 21.114
 82    12.313 55100.57642917 29.53 302.046920  -2.814783 21.114
 82    12.353 55100.57642981 29.02 302.046200  -2.818093 21.114
 82    12.179 55100.57643046 21.75 302.045470  -2.821393 21.114
 82    11.945 55100.57643110 15.11 302.044740  -2.824703 21.114
 82    11.862 55100.57643175 15.13 302.044010  -2.828003 21.114
 82    12.100 55100.57643239 15.69 302.043290  -2.831313 21.114
 82    12.251 55100.57643304 24.53 302.042560  -2.834613 21.114
 83    11.674 55135.57642748 37.11 302.052841  -2.791622 20.975
 83    11.643 55135.57642812 25.16 302.052121  -2.794922 20.975
 83    11.191 55135.57642877 18.72 302.051391  -2.798232 20.975
 83    10.997 55135.57642941 16.43 302.050661  -2.801532 20.975
 83     8.450 55135.57643006 18.41 302.049931  -2.804842 20.975
 83    10.983 55135.57643070 19.78 302.049211  -2.808142 20.975
 83     9.452 55135.57643135 24.78 302.048481  -2.811452 20.975
 83     9.337 55135.57643199 29.65 302.047751  -2.814752 20.975
 83     9.622 55135.57643264 30.93 302.047021  -2.818062 20.975
 83     9.223 55135.57643328 33.53 302.046301  -2.821362 20.975
 83     9.187 55135.57643393 31.80 302.045571  -2.824672 20.975
 83     8.942 55135.57643457 27.09 302.044841  -2.827974 16.485
 83     9.253 55135.57643521 24.13 302.044111  -2.831284 16.485
 83     9.786 55135.57643586 24.43 302.043391  -2.834584 16.485
 84    11.218 55170.57639023 25.04 302.054068  -2.791878 14.977
 84    11.032 55170.57639087 18.40 302.053338  -2.795178 14.977
 84    10.693 55170.57639152 12.16 302.052608  -2.798488 14.977
 84    10.358 55170.57639216 12.63 302.051888  -2.801788 14.977
 84     9.627 55170.57639281 12.60 302.051158  -2.805098 14.977
 84     8.617 55170.57639345 14.58 302.050428  -2.808398 14.977
 84     6.617 55170.57639409 15.90 302.049708  -2.811708 14.977
 84     6.560 55170.57639474 19.83 302.048978  -2.815008 14.977
 84     6.784 55170.57639538 22.67 302.048248  -2.818318 14.977
 84     6.810 55170.57639603 27.70 302.047518  -2.821618 14.977
 84     6.869 55170.57639667 27.23 302.046798  -2.824928 14.977
 84     6.620 55170.57639732 21.08 302.046068  -2.828228 14.977
 84     8.966 55170.57639796 19.02 302.045338  -2.831538 14.977
 84     9.008 55170.57639861 23.02 302.044615  -2.834842 11.359
 85    11.144 55205.57642085 24.05 302.052577  -2.792221 27.027
 85    11.062 55205.57642150 18.31 302.051857  -2.795521 27.027
 85    10.807 55205.57642214 16.47 302.051127  -2.798831 27.027
 85    10.421 55205.57642279 16.26 302.050397  -2.802131 27.027
 85    10.244 55205.57642343 15.98 302.049667  -2.805441 27.027
 85    10.467 55205.57642408 17.77 302.048947  -2.808741 27.027
 85    10.692 55205.57642472 24.40 302.048217  -2.812051 27.027
 85    10.793 55205.57642537 33.83 302.047487  -2.815351 27.027
 85    10.866 55205.57642601 40.33 302.046757  -2.818661 27.027
 85    10.896 55205.57642666 35.32 302.046037  -2.821961 27.027
 85    10.437 55205.57642730 20.90 302.045307  -2.825271 27.027
 85    10.263 55205.57642795 17.67 302.044577  -2.828572 19.000
 85    10.548 55205.57642859 17.28 302.043847  -2.831882 19.000
 85    10.803 55205.57642924 19.37 302.043127  -2.835182 19.000
 86    12.255 55240.57639699 31.86 302.052291  -2.792363 23.612
 86    11.922 55240.57639763 24.52 302.051561  -2.795663 23.612
 86    11.571 55240.57639828 19.61 302.050831  -2.798973 23.612
 86    10.701 55240.57639892 20.85 302.050111  -2.802273 23.612
 86    11.596 55240.57639957 17.33 302.049381  -2.805583 23.612
 86    12.093 55240.57640021 16.20 302.048651  -2.808883 23.612
 86    12.197 55240.57640085 18.60 302.047931  -2.812193 23.612
 86    12.245 55240.57640150 25.97 302.047201  -2.815493 23.612
 86    12.412 55240.57640214 20.16 302.046471  -2.818803 23.612
 86    12.174 55240.57640279 16.89 302.045741  -2.822103 23.612
 86    12.059 55240.57640343 15.43 302.045021  -2.825413 23.612
 86    12.004 55240.57640408 16.99 302.044291  -2.828713 23.612
 86    12.287 55240.57640472 19.51 302.043561  -2.832023 23.612
 87    13.275 55275.57641453 29.88 302.052432  -2.792861 25.298
 87    12.852 55275.57641517 26.34 302.051712  -2.796161 25.298
 87    12.200 55275.57641582 24.04 302.050982  -2.799471 25.298
 87    12.634 55275.57641646 22.20 302.050252  -2.802771 25.298
 87    12.744 55275.57641711 21.56 302.049522  -2.806081 25.298
 87    12.869 55275.57641775 21.03 302.048802  -2.809381 25.298
 87    13.069 55275.57641839 20.47 302.048072  -2.812691 25.298
 87    13.136 55275.57641904 21.05 302.047342  -2.815991 25.298
 87    13.267 55275.57641968 20.11 302.046612  -2.819301 25.298
 87    13.221 55275.57642033 20.53 302.045892  -2.822601 25.298
 87    13.265 55275.57642097 20.44 302.045162  -2.825911 25.298
 87    13.240 55275.57642162 20.94 302.044436  -2.829216 12.829
 87    13.305 55275.57642226 23.66 302.043706  -2.832526 12.829
 88    14.980 55310.57638022 31.92 302.053725  -2.792880 16.018
 88    14.814 55310.57638087 28.89 302.053005  -2.796190 16.018
 88    14.719 55310.57638151 26.12 302.052275  -2.799490 16.018
 88    14.530 55310.57638216 22.43 302.051545  -2.802800 16.018
 88    14.496 55310.57638280 22.09 302.050825  -2.806100 16.018
 88    14.489 55310.57638345 21.26 302.050095  -2.809410 16.018
 88    14.749 55310.57638409 20.15 302.049365  -2.812710 16.018
 88    14.905 55310.57638474 19.65 302.048645  -2.816020 16.018
 88    15.048 55310.57638538 19.79 302.047915  -2.819320 16.018
 88    15.105 55310.57638603 19.77 302.047185  -2.822630 16.018
 88    14.800 55310.57638667 20.60 302.046455  -2.825930 16.018
 88    14.705 55310.57638732 22.79 302.045735  -2.829240 16.018
 88    15.016 55310.57638796 23.62 302.045005  -2.832550 16.018
 89    15.789 55345.57638381 39.87 302.053758  -2.793396 38.673
 89    15.722 55345.57638446 39.38 302.053028  -2.796706 38.673
 89    15.404 55345.57638510 34.36 302.052302  -2.800007 23.232
 89    15.039 55345.57638574 32.09 302.051572  -2.803317 23.232
 89    14.610 55345.57638639 30.94 302.050842  -2.806617 23.232
 89    13.954 55345.57638703 26.48 302.050122  -2.809927 23.232
 89    13.176 55345.57638768 26.10 302.049392  -2.813227 23.232
 89    12.745 55345.57638832 24.76 302.048662  -2.816537 23.232
 89    13.514 55345.57638897 24.63 302.047932  -2.819837 23.232
 89    14.335 55345.57638961 23.37 302.047212  -2.823147 23.232
 89    15.283 55345.57639026 23.79 302.046482  -2.826447 23.232
 89    15.742 55345.57639090 25.71 302.045752  -2.829757 23.232
 89    15.908 55345.57639155 28.94 302.045032  -2.833057 23.232
 90    15.513 55380.57637656 39.39 302.053379  -2.791424 28.053
 90    15.416 55380.57637720 32.36 302.052649  -2.794734 28.053
 90    15.234 55380.57637785 29.16 302.051929  -2.798034 28.053
 90    14.882 55380.57637849 25.73 302.051199  -2.801344 28.053
 90    14.425 55380.57637914 21.53 302.050469  -2.804644 28.053
 90    14.644 55380.57637978 19.00 302.049749  -2.807954 28.053
 90    15.062 55380.57638043 18.30 302.049019  -2.811254 28.053
 90    15.266 55380.57638107 17.40 302.048289  -2.814564 28.053
 90    15.308 55380.57638172 16.56 302.047559  -2.817864 28.053
 90    15.284 55380.57638236 17.65 302.046839  -2.821174 28.053
 90    15.001 55380.57638301 20.17 302.046109  -2.824474 28.053
 90    15.042 55380.57638365 21.20 302.045379  -2.827784 28.053
 90    15.313 55380.57638430 24.52 302.044655  -2.831088 28.437
 90    15.512 55380.57638494 30.09 302.043925  -2.834398 28.437
 91    13.840 55415.57640299 24.72 302.052973  -2.793590 25.567
 91    13.722 55415.57640364 21.88 302.052253  -2.796890 25.567
 91    13.459 55415.57640428 16.97 302.051523  -2.800200 25.567
 91    13.494 55415.57640493 16.20 302.050793  -2.803500 25.567
 91    13.584 55415.57640557 15.46 302.050063  -2.806810 25.567
 91    13.616 55415.57640621 14.99 302.049343  -2.810110 25.567
 91    13.475 55415.57640686 14.58 302.048613  -2.813420 25.567
 91    13.473 55415.57640750 14.90 302.047883  -2.816720 25.567
 91    13.576 55415.57640815 14.31 302.047153  -2.820030 25.567
 91    13.569 55415.57640879 14.70 302.046433  -2.823330 25.567
 91    13.652 55415.57640944 15.05 302.045703  -2.826640 25.567
 91    13.803 55415.57641008 17.88 302.044973  -2.829943 24.497
 91    13.954 55415.57641073 24.02 302.044243  -2.833253 24.497
 92    11.846 55450.57638806 28.36 302.054455  -2.791307 23.192
 92    11.594 55450.57638871 20.52 302.053735  -2.794617 23.192
 92    11.459 55450.57638935 14.65 302.053005  -2.797917 23.192
 92    10.904 55450.57639000 15.99 302.052275  -2.801227 23.192
 92     9.498 55450.57639064 19.55 302.051555  -2.804527 23.192
 92     9.870 55450.57639129 22.06 302.050825  -2.807837 23.192
 92     9.921 55450.57639193 31.15 302.050095  -2.811137 23.192
 92    10.216 55450.57639258 35.33 302.049375  -2.814447 23.192
 92    10.285 55450.57639322 37.04 302.048645  -2.817747 23.192
 92    10.065 55450.57639386 35.65 302.047915  -2.821057 23.192
 92     9.929 55450.57639451 28.46 302.047185  -2.824357 23.192
 92     9.579 55450.57639515 25.02 302.046465  -2.827667 23.192
 92     9.646 55450.57639580 20.27 302.045735  -2.830967 23.192
 92    10.144 55450.57639644 25.46 302.045005  -2.834277 23.192
 93    11.119 55485.57631284 28.25 302.054834  -2.790925 16.051
 93    11.037 55485.57631348 17.27 302.054104  -2.794225 16.051
 93    10.739 55485.57631412 13.17 302.053384  -2.797535 16.051
 93    10.434 55485.57631477 13.80 302.052654  -2.800835 16.051
 93     9.572 55485.57631541 14.25 302.051924  -2.804145 16.051
 93     8.512 55485.57631606 15.36 302.051204  -2.807445 16.051
 93     5.334 55485.57631670 16.90 302.050474  -2.810755 16.051
 93     5.448 55485.57631735 17.35 302.049744  -2.814055 16.051
 93     5.589 55485.57631799 21.73 302.049024  -2.817365 16.051
 93     5.722 55485.57631864 24.84 302.048294  -2.820665 16.051
 93     5.686 55485.57631928 29.46 302.047564  -2.823975 16.051
 93     5.792 55485.57631993 26.70 302.046834  -2.827275 16.051
 93     9.141 55485.57632057 23.29 302.046114  -2.830585 16.051
 93     9.653 55485.57632122 23.73 302.045384  -2.833885 16.051
