#    0.000   0.000   0.000 ;Mean Elev.(m), Avg Gradient(m/km), RMS Gradient(m/km) - SRTM1     
#    0.000   0.000   0.000 ;Mean Elev.(m), Avg Gradient(m/km), RMS Gradient(m/km) - ASTER GDEM
#    1.000  -8.718  15.848 ;Mean Elev.(m), Avg Gradient(m/km), RMS Gradient(m/km) - GMTED2010 
  7    15.578 52471.06959631 20.07 305.334763  -2.435954 13.857
  7    14.241 52471.06959695 21.92 305.334033  -2.432654 13.857
  7    12.217 52471.06959760 21.39 305.333313  -2.429344 13.857
  7    13.146 52471.06959824 19.18 305.332583  -2.426044 13.857
  7    12.845 52471.06959888 19.25 305.331853  -2.422734 13.857
  7    10.608 52471.06959953 19.50 305.331133  -2.419434 13.857
  7    11.355 52471.06960017 18.82 305.330403  -2.416124 13.857
  7    10.093 52471.06960082 19.64 305.329673  -2.412824 13.857
  7    12.021 52471.06960146 19.75 305.328953  -2.409514 13.857
  7    10.310 52471.06960211 19.60 305.328223  -2.406214 13.857
  7    10.424 52471.06960275 19.59 305.327493  -2.402904 13.857
  8     7.801 52506.06957338 40.62 305.339759  -2.450521 22.309
  8     7.632 52506.06957403 30.42 305.339039  -2.447221 22.309
  8     7.459 52506.06957467 26.17 305.338309  -2.443911 22.309
  8     7.223 52506.06957532 22.06 305.337579  -2.440611 22.309
  8     6.884 52506.06957596 21.56 305.336849  -2.437301 22.309
  8     6.293 52506.06957660 22.05 305.336129  -2.434001 22.309
  8     5.881 52506.06957725 22.63 305.335399  -2.430691 22.309
  8     4.945 52506.06957789 22.70 305.334669  -2.427391 22.309
  8     4.395 52506.06957854 23.23 305.333949  -2.424081 22.309
  8     3.704 52506.06957918 22.89 305.333219  -2.420781 22.309
  8     3.171 52506.06957983 22.77 305.332489  -2.417471 22.309
  8     6.724 52506.06958047 22.56 305.331770  -2.414174 23.521
  8     7.211 52506.06958112 22.13 305.331040  -2.410864 23.521
  8     7.349 52506.06958176 21.59 305.330310  -2.407564 23.521
  9     6.231 52541.06955494 27.48 305.346925  -2.452906 23.021
  9     6.134 52541.06955558 23.41 305.346195  -2.449606 23.021
  9     5.885 52541.06955623 16.98 305.345465  -2.446296 23.021
  9     5.727 52541.06955687 15.88 305.344745  -2.442996 23.021
  9     5.752 52541.06955751 15.77 305.344015  -2.439686 23.021
  9     5.790 52541.06955816 16.16 305.343285  -2.436386 23.021
  9     5.658 52541.06955880 17.09 305.342555  -2.433076 23.021
  9     5.817 52541.06955945 16.22 305.341835  -2.429776 23.021
  9     5.787 52541.06956009 16.37 305.341105  -2.426466 23.021
  9     5.818 52541.06956074 16.66 305.340376  -2.423170 33.669
  9     5.989 52541.06956138 16.36 305.339646  -2.419860 33.669
  9     6.090 52541.06956203 17.28 305.338926  -2.416560 33.669
 10     4.080 52576.06960355 28.77 305.336652  -2.448318 21.334
 10     3.834 52576.06960419 25.28 305.335932  -2.445018 21.334
 10     3.838 52576.06960484 21.83 305.335202  -2.441708 21.334
 10     3.897 52576.06960548 16.58 305.334472  -2.438408 21.334
 10     4.429 52576.06960613 13.70 305.333742  -2.435098 21.334
 10     3.748 52576.06960677 15.09 305.333022  -2.431798 21.334
 10     3.640 52576.06960742 13.90 305.332292  -2.428488 21.334
 10     3.559 52576.06960806 13.79 305.331562  -2.425188 21.334
 10     3.483 52576.06960871 14.52 305.330842  -2.421878 21.334
 10     3.389 52576.06960935 14.79 305.330112  -2.418578 21.334
 10     3.473 52576.06961000 14.63 305.329382  -2.415268 21.334
 10     3.459 52576.06961064 15.05 305.328660  -2.411972 20.013
 10     3.701 52576.06961129 14.93 305.327930  -2.408662 20.013
 10     3.876 52576.06961193 14.88 305.327200  -2.405362 20.013
 10     5.782 52576.06961257 15.01 305.326480  -2.402052 20.013
 10     5.789 52576.06961322 15.11 305.325750  -2.398752 20.013
 11    24.993 52611.06956576 17.90 305.339112  -2.446516  5.081
 11    14.039 52611.06956641 14.58 305.338382  -2.443216  5.081
 11     6.343 52611.06956705 14.71 305.337652  -2.439906  5.081
 11     6.079 52611.06956769 14.09 305.336922  -2.436606  5.081
 11     5.389 52611.06956834 14.74 305.336202  -2.433296  5.081
 11     5.685 52611.06956898 13.54 305.335472  -2.429996  5.081
 11     5.392 52611.06956963 13.19 305.334742  -2.426686  5.081
 11     4.884 52611.06957027 13.93 305.334023  -2.423390 13.494
 11     4.782 52611.06957092 14.37 305.333293  -2.420080 13.494
 11     4.690 52611.06957156 14.79 305.332563  -2.416780 13.494
 11     5.488 52611.06957221 13.87 305.331843  -2.413470 13.494
 11     5.053 52611.06957285 14.42 305.331113  -2.410170 13.494
 11     5.270 52611.06957350 14.47 305.330383  -2.406860 13.494
 12     6.952 52646.06955268 22.79 305.341352  -2.449566 16.726
 12     6.775 52646.06955332 17.11 305.340622  -2.446266 16.726
 12     6.372 52646.06955397 15.64 305.339902  -2.442956 16.726
 12     6.620 52646.06955461 16.31 305.339172  -2.439656 16.726
 12     6.226 52646.06955526 16.72 305.338442  -2.436346 16.726
 12     6.979 52646.06955590 16.11 305.337712  -2.433046 16.726
 12     7.202 52646.06955655 15.97 305.336992  -2.429736 16.726
 12     6.919 52646.06955719 16.01 305.336262  -2.426436 16.726
 12     6.871 52646.06955783 16.21 305.335532  -2.423126 16.726
 12     6.862 52646.06955848 16.65 305.334808  -2.419830 19.384
 12     6.917 52646.06955912 16.48 305.334078  -2.416520 19.384
 12     8.036 52646.06955977 18.45 305.333348  -2.413220 19.384
 12     5.405 52646.06956041 19.01 305.332628  -2.409910 19.384
 13     5.635 52681.06952809  6.86 305.345323  -2.435962  5.946
 13     5.958 52681.06952873 12.70 305.344593  -2.432662  5.946
 13     6.104 52681.06952938 16.34 305.343873  -2.429352  5.946
 13     6.420 52681.06953002 16.96 305.343143  -2.426052  5.946
 13     7.173 52681.06953067 15.89 305.342413  -2.422742  5.946
 13     7.695 52681.06953131 16.89 305.341683  -2.419442  5.946
 15    53.769 52751.06960679  0.02 305.328048  -2.442052  2.774
 15    52.883 52751.06960744  1.07 305.327318  -2.438752  2.774
 15    51.848 52751.06960808  2.16 305.326598  -2.435442  2.774
 15    51.957 52751.06960873  2.31 305.325868  -2.432142  2.774
 15    51.269 52751.06960937  3.25 305.325138  -2.428832  2.774
 15    50.903 52751.06961002  3.32 305.324421  -2.425535  7.629
 15    49.665 52751.06961066  3.12 305.323691  -2.422225  7.629
 15    48.612 52751.06961131  2.99 305.322961  -2.418925  7.629
 15    24.603 52751.06961195  8.38 305.322231  -2.415615  7.629
 15     7.229 52751.06961324 18.91 305.320781  -2.409005  7.629
 15     7.199 52751.06961389 19.97 305.320051  -2.405705  7.629
 15     7.401 52751.06961453 20.03 305.319331  -2.402395  7.629
 15     7.800 52751.06961517 19.88 305.318601  -2.399095  7.629
 15     8.050 52751.06961582 20.77 305.317871  -2.395785  7.629
 15     8.362 52751.06961646 21.97 305.317151  -2.392485  7.629
 15     8.934 52751.06961711 22.90 305.316421  -2.389175  7.629
 16     8.557 52786.06954902 39.32 305.339509  -2.449703 30.030
 16     8.382 52786.06954966 31.83 305.338789  -2.446403 30.030
 16     8.236 52786.06955031 30.06 305.338059  -2.443093 30.030
 16     7.878 52786.06955095 27.07 305.337329  -2.439793 30.030
 16     7.535 52786.06955160 24.78 305.336599  -2.436483 30.030
 16     6.916 52786.06955224 23.77 305.335879  -2.433183 30.030
 16     6.177 52786.06955289 24.07 305.335149  -2.429883 30.030
 16     5.577 52786.06955353 24.52 305.334419  -2.426568 24.587
 16     4.935 52786.06955418 24.88 305.333689  -2.423268 24.587
 16     4.799 52786.06955482 24.47 305.332969  -2.419968 24.587
 16     7.082 52786.06955547 23.89 305.332239  -2.416658 24.587
 16     7.359 52786.06955611 24.10 305.331509  -2.413358 24.587
 16     7.851 52786.06955675 22.76 305.330779  -2.410048 24.587
 16     8.121 52786.06955740 23.29 305.330059  -2.406748 24.587
 17    10.313 52821.06962282 35.91 305.340328  -2.450503 19.381
 17    10.296 52821.06962346 25.90 305.339598  -2.447193 19.381
 17     9.527 52821.06962410 23.44 305.338878  -2.443893 19.381
 17     8.755 52821.06962475 23.60 305.338148  -2.440583 19.381
 17     8.407 52821.06962539 23.96 305.337418  -2.437283 19.381
 17     8.250 52821.06962604 23.29 305.336688  -2.433973 19.381
 17     6.429 52821.06962668 23.65 305.335968  -2.430673 19.381
 17     6.443 52821.06962733 24.01 305.335238  -2.427373 19.381
 17     6.782 52821.06962797 24.24 305.334510  -2.424067 21.701
 17     6.828 52821.06962862 24.57 305.333780  -2.420757 21.701
 17     7.119 52821.06962926 24.37 305.333060  -2.417457 21.701
 17     7.652 52821.06962991 24.22 305.332330  -2.414147 21.701
 17     7.876 52821.06963055 24.26 305.331600  -2.410847 21.701
 17     8.034 52821.06963120 24.29 305.330870  -2.407537 21.701
 18     7.929 52856.06967003 38.18 305.344018  -2.452291 23.628
 18     7.785 52856.06967068 28.45 305.343288  -2.448991 23.628
 18     7.648 52856.06967132 25.10 305.342568  -2.445681 23.628
 18     7.475 52856.06967197 22.23 305.341838  -2.442381 23.628
 18     7.126 52856.06967261 23.43 305.341108  -2.439071 23.628
 18     6.934 52856.06967325 23.34 305.340378  -2.435771 23.628
 18     6.990 52856.06967390 23.57 305.339658  -2.432461 23.628
 18     5.929 52856.06967454 24.43 305.338928  -2.429161 23.628
 18     6.503 52856.06967519 25.17 305.338198  -2.425851 23.628
 18     7.053 52856.06967583 24.75 305.337473  -2.422545 24.699
 18     7.132 52856.06967648 25.51 305.336743  -2.419245 24.699
 18     7.167 52856.06967712 25.61 305.336013  -2.415945 24.699
 18     7.346 52856.06967777 25.64 305.335293  -2.412635 24.699
 19     6.938 52891.06970342 37.35 305.336958  -2.448895 22.492
 19     6.947 52891.06970406 28.08 305.336238  -2.445585 22.492
 19     6.562 52891.06970471 23.94 305.335508  -2.442285 22.492
 19     6.263 52891.06970535 20.90 305.334778  -2.438975 22.492
 19     6.301 52891.06970600 18.93 305.334048  -2.435675 22.492
 19     6.026 52891.06970664 20.11 305.333328  -2.432365 22.492
 19     6.207 52891.06970729 19.26 305.332598  -2.429065 22.492
 19     6.056 52891.06970793 19.34 305.331868  -2.425755 22.492
 19     6.343 52891.06970857 19.67 305.331146  -2.422458 20.993
 19     5.612 52891.06970922 19.92 305.330416  -2.419148 20.993
 19     6.192 52891.06970986 20.12 305.329686  -2.415848 20.993
 19     6.300 52891.06971051 20.49 305.328966  -2.412538 20.993
 19     6.502 52891.06971115 20.54 305.328236  -2.409238 20.993
 19     6.698 52891.06971180 19.93 305.327506  -2.405928 20.993
 19     6.703 52891.06971244 20.27 305.326776  -2.402628 20.993
 19     6.796 52891.06971309 21.38 305.326056  -2.399318 20.993
 20     7.561 52926.06965580 23.97 305.339072  -2.450197 14.318
 20     7.649 52926.06965644 20.26 305.338342  -2.446897 14.318
 20     7.421 52926.06965709 18.12 305.337622  -2.443587 14.318
 20     6.863 52926.06965773 16.51 305.336892  -2.440287 14.318
 20     7.452 52926.06965837 16.11 305.336162  -2.436977 14.318
 20     6.394 52926.06965902 15.89 305.335442  -2.433677 14.318
 20     6.452 52926.06965966 14.66 305.334712  -2.430367 14.318
 20     5.713 52926.06966031 15.72 305.333982  -2.427067 14.318
 20     5.786 52926.06966095 16.08 305.333262  -2.423757 14.318
 20     5.738 52926.06966160 16.71 305.332527  -2.420459 21.378
 20     5.865 52926.06966224 17.01 305.331807  -2.417149 21.378
 20     5.976 52926.06966289 16.34 305.331077  -2.413849 21.378
 20     5.692 52926.06966353 17.51 305.330347  -2.410539 21.378
 20     6.186 52926.06966418 16.75 305.329627  -2.407239 21.378
 20     6.766 52926.06966482 15.87 305.328897  -2.403929 21.378
 21     5.690 52961.06962274 18.89 305.349227  -2.452771 18.263
 21     3.912 52961.06962339 18.39 305.348497  -2.449461 18.263
 21     3.846 52961.06962403 17.25 305.347767  -2.446161 18.263
 21     3.703 52961.06962468 16.03 305.347037  -2.442851 18.263
 21     3.571 52961.06962532 14.95 305.346317  -2.439551 18.263
 21     3.637 52961.06962597 14.91 305.345587  -2.436241 18.263
 21     3.539 52961.06962661 15.50 305.344857  -2.432941 18.263
 21     3.719 52961.06962725 13.98 305.344127  -2.429631 18.263
 21     3.572 52961.06962790 15.03 305.343407  -2.426331 18.263
 21     3.790 52961.06962854 16.78 305.342677  -2.423021 18.263
 21     4.004 52961.06962919 16.99 305.341949  -2.419725 32.181
 22     4.193 52996.06966219 25.74 305.339466  -2.447835 22.516
 22     4.135 52996.06966283 19.40 305.338736  -2.444525 22.516
 22     3.999 52996.06966348 19.16 305.338006  -2.441225 22.516
 22     4.117 52996.06966412 15.60 305.337286  -2.437925 22.516
 22     4.130 52996.06966477 14.65 305.336556  -2.434615 22.516
 22     4.280 52996.06966541 13.05 305.335826  -2.431315 22.516
 22     4.262 52996.06966606 13.37 305.335103  -2.428000 10.708
 22     4.365 52996.06966670 13.26 305.334373  -2.424700 10.708
 22     4.296 52996.06966735 13.28 305.333643  -2.421400 10.708
 22     4.338 52996.06966799 13.63 305.332923  -2.418090 10.708
 22     4.207 52996.06966864 14.47 305.332193  -2.414790 10.708
 22     4.456 52996.06966928 14.31 305.331463  -2.411480 10.708
 22     4.422 52996.06966993 15.60 305.330733  -2.408180 10.708
 23     7.826 53031.06962584 10.02 305.338609  -2.443959  3.367
 23     6.871 53031.06962648 15.81 305.337889  -2.440659  3.367
 23     9.770 53031.06962713 18.48 305.337159  -2.437349  3.367
 23     6.216 53031.06962777 17.18 305.336429  -2.434049  3.367
 23     5.639 53031.06962841 17.61 305.335699  -2.430739  3.367
 23     5.748 53031.06962906 16.39 305.334973  -2.427441 12.793
 23     5.283 53031.06962970 17.68 305.334253  -2.424131 12.793
 23     4.965 53031.06963035 17.92 305.333523  -2.420831 12.793
 23     5.578 53031.06963099 17.77 305.332793  -2.417521 12.793
 23     5.713 53031.06963164 17.64 305.332073  -2.414221 12.793
 23     3.866 53031.06963228 19.39 305.331343  -2.410911 12.793
 23     4.750 53031.06963293 19.24 305.330613  -2.407611 12.793
 24    38.464 53066.06963162  0.41 305.345050  -2.450227  3.449
 24    39.255 53066.06963226  0.98 305.344320  -2.446927  3.449
 24    39.000 53066.06963291  1.67 305.343590  -2.443617  3.449
 24     6.221 53066.06963420 20.46 305.342140  -2.437007  3.449
 24     5.912 53066.06963484 22.30 305.341410  -2.433707  3.449
 24     7.486 53066.06963549 19.14 305.340680  -2.430397  3.449
 24     8.013 53066.06963613 18.92 305.339957  -2.427100  9.021
 24     8.070 53066.06963678 19.07 305.339227  -2.423790  9.021
 24     8.437 53066.06963742 18.92 305.338497  -2.420490  9.021
 24     8.452 53066.06963807 20.11 305.337777  -2.417180  9.021
 25     9.260 53101.06963295 33.06 305.336191  -2.447388 10.207
 25     9.022 53101.06963359 26.62 305.335461  -2.444078 10.207
 25     9.354 53101.06963424 22.41 305.334731  -2.440778 10.207
 25     9.127 53101.06963488 20.81 305.334011  -2.437468 10.207
 25     8.454 53101.06963553 20.31 305.333281  -2.434168 10.207
 25     8.239 53101.06963617 21.14 305.332551  -2.430858 10.207
 25     7.904 53101.06963682 20.86 305.331831  -2.427558 10.207
 25     7.365 53101.06963746 20.01 305.331101  -2.424248 10.207
 25     6.315 53101.06963811 19.60 305.330371  -2.420948 10.207
 25     7.227 53101.06963875 18.63 305.329651  -2.417638 10.207
 25     7.954 53101.06963939 19.17 305.328916  -2.414342 14.029
 25     9.073 53101.06964004 18.42 305.328196  -2.411032 14.029
 26    39.057 53136.06963449  0.19 305.345024  -2.443400  2.360
 26    38.851 53136.06963514  0.90 305.344304  -2.440090  2.360
 26    36.793 53136.06963578  3.91 305.343574  -2.436790  2.360
 26    36.086 53136.06963643  5.10 305.342844  -2.433480  2.360
 26     7.630 53136.06963772 23.19 305.341389  -2.426875 13.506
 26     7.352 53136.06963836 27.25 305.340659  -2.423575 13.506
 26     6.665 53136.06963901 31.04 305.339939  -2.420265 13.506
 26     7.450 53136.06963965 28.11 305.339209  -2.416965 13.506
 28     7.322 53206.06970001 26.58 305.338363  -2.445853 13.898
 28     7.053 53206.06970066 22.46 305.337643  -2.442543 13.898
 28     6.730 53206.06970130 21.00 305.336913  -2.439243 13.898
 28     6.410 53206.06970195 19.74 305.336183  -2.435933 13.898
 28     6.019 53206.06970259 19.48 305.335453  -2.432633 13.898
 28     5.940 53206.06970324 19.02 305.334733  -2.429323 13.898
 28     5.953 53206.06970388 18.42 305.334003  -2.426023 13.898
 28     6.374 53206.06970453 18.35 305.333273  -2.422713 13.898
 28     6.118 53206.06970517 19.14 305.332553  -2.419413 13.898
 28     6.343 53206.06970581 20.16 305.331823  -2.416103 13.898
 28     6.855 53206.06970646 21.49 305.331093  -2.412803 13.898
 28     7.034 53206.06970710 22.02 305.330373  -2.409493 13.898
 28     7.251 53206.06970775 21.98 305.329643  -2.406193 13.898
 29     6.806 53241.06966617 32.14 305.345521  -2.452111 22.097
 29     6.431 53241.06966682 24.13 305.344791  -2.448811 22.097
 29     6.361 53241.06966746 19.45 305.344071  -2.445501 22.097
 29     6.049 53241.06966811 19.34 305.343341  -2.442201 22.097
 29     5.732 53241.06966875 19.90 305.342611  -2.438891 22.097
 29     5.074 53241.06966939 20.57 305.341881  -2.435591 22.097
 29     4.380 53241.06967004 21.75 305.341161  -2.432281 22.097
 29     4.816 53241.06967068 22.13 305.340431  -2.428981 22.097
 29     5.504 53241.06967133 21.59 305.339701  -2.425671 22.097
 29     5.775 53241.06967197 22.49 305.338983  -2.422374 23.836
 29     6.093 53241.06967262 22.45 305.338253  -2.419064 23.836
 29     6.296 53241.06967326 22.28 305.337523  -2.415764 23.836
 30     5.567 53276.06963554 41.71 305.342844  -2.452158 21.582
 30     5.537 53276.06963618 24.56 305.342114  -2.448848 21.582
 30     5.122 53276.06963683 20.87 305.341384  -2.445548 21.582
 30     4.788 53276.06963747 19.38 305.340654  -2.442238 21.582
 30     4.849 53276.06963812 18.99 305.339934  -2.438938 21.582
 30     4.803 53276.06963876 17.82 305.339204  -2.435628 21.582
 30     4.816 53276.06963941 18.28 305.338473  -2.432333 14.718
 30     4.793 53276.06964005 18.77 305.337743  -2.429023 14.718
 30     4.792 53276.06964070 18.69 305.337023  -2.425723 14.718
 30     4.737 53276.06964134 19.13 305.336293  -2.422413 14.718
 30     4.822 53276.06964199 19.20 305.335563  -2.419113 14.718
 30     4.688 53276.06964263 19.29 305.334833  -2.415803 14.718
 30     4.939 53276.06964327 19.36 305.334113  -2.412503 14.718
 31     4.562 53311.06967913 27.46 305.337371  -2.448076 20.797
 31     4.383 53311.06967978 23.09 305.336641  -2.444776 20.797
 31     4.354 53311.06968042 20.11 305.335921  -2.441466 20.797
 31     4.393 53311.06968107 17.17 305.335191  -2.438166 20.797
 31     4.255 53311.06968171 15.62 305.334461  -2.434856 20.797
 31     4.093 53311.06968236 15.64 305.333731  -2.431556 20.797
 31     3.955 53311.06968300 15.37 305.333011  -2.428246 20.797
 31     4.008 53311.06968365 15.98 305.332281  -2.424946 20.797
 31     4.093 53311.06968429 15.82 305.331551  -2.421636 20.797
 31     3.938 53311.06968494 15.88 305.330828  -2.418339 18.436
 31     3.903 53311.06968558 16.06 305.330098  -2.415029 18.436
 31     3.834 53311.06968623 16.64 305.329368  -2.411729 18.436
 31     4.010 53311.06968687 17.69 305.328648  -2.408419 18.436
 31     4.143 53311.06968751 16.66 305.327918  -2.405119 18.436
 31     4.309 53311.06968816 15.92 305.327188  -2.401809 18.436
 32     4.141 53346.06964711 14.94 305.339070  -2.436726 18.389
 32     4.138 53346.06964775 13.42 305.338340  -2.433416 18.389
 32     4.021 53346.06964840 14.75 305.337610  -2.430116 18.389
 32     4.160 53346.06964904 13.88 305.336890  -2.426806 18.389
 32     4.059 53346.06964969 13.27 305.336160  -2.423506 18.389
 32     4.119 53346.06965033 13.75 305.335430  -2.420196 18.389
 32     4.104 53346.06965098 13.49 305.334710  -2.416899 18.929
 32     4.229 53346.06965162 13.75 305.333980  -2.413589 18.929
 32     4.377 53346.06965227 13.94 305.333250  -2.410289 18.929
 33     5.200 53381.06960063 34.57 305.344224  -2.451797 23.699
 33     4.949 53381.06960127 24.92 305.343504  -2.448497 23.699
 33     4.764 53381.06960192 20.08 305.342774  -2.445187 23.699
 33     4.542 53381.06960256 16.62 305.342044  -2.441887 23.699
 33     4.598 53381.06960321 14.93 305.341314  -2.438577 23.699
 33     4.929 53381.06960385 14.38 305.340594  -2.435277 23.699
 33     4.791 53381.06960450 15.09 305.339864  -2.431977 23.699
 33     4.698 53381.06960514 15.64 305.339135  -2.428662 17.709
 33     4.758 53381.06960579 16.34 305.338405  -2.425362 17.709
 33     4.856 53381.06960643 16.25 305.337685  -2.422062 17.709
 33     4.857 53381.06960708 16.69 305.336955  -2.418752 17.709
 33     4.855 53381.06960772 17.56 305.336225  -2.415452 17.709
 33     5.020 53381.06960836 18.13 305.335495  -2.412142 17.709
 35    38.782 53451.06961857  3.29 305.343452  -2.451493  4.602
 35    37.016 53451.06961921  3.94 305.342722  -2.448183  4.602
 35    39.209 53451.06961986  2.93 305.342002  -2.444883  4.602
 35     7.521 53451.06962115 22.73 305.340542  -2.438273  4.602
 35     6.142 53451.06962179 24.69 305.339812  -2.434963  4.602
 35     6.910 53451.06962244 21.89 305.339092  -2.431663  4.602
 35     5.675 53451.06962308 22.42 305.338362  -2.428353  4.602
 35     6.105 53451.06962373 21.84 305.337631  -2.425048 10.742
 35     6.085 53451.06962437 22.09 305.336901  -2.421748 10.742
 35     7.494 53451.06962501 22.12 305.336181  -2.418448 10.742
 36    48.870 53486.06970586  1.80 305.331841  -2.442663  3.934
 36     9.633 53486.06970650 19.30 305.331111  -2.439363  3.934
 36     9.034 53486.06970715 23.53 305.330391  -2.436053  3.934
 36     8.456 53486.06970779 24.70 305.329661  -2.432753  3.934
 36     8.641 53486.06970844 20.82 305.328931  -2.429443  3.934
 36     8.535 53486.06970908 19.47 305.328208  -2.426138 13.822
 36     7.930 53486.06970973 18.61 305.327478  -2.422838 13.822
 36     8.268 53486.06971037 18.49 305.326748  -2.419538 13.822
 36     8.890 53486.06971102 17.92 305.326028  -2.416228 13.822
 36     8.894 53486.06971166 18.39 305.325298  -2.412928 13.822
 36     8.705 53486.06971230 19.24 305.324568  -2.409618 13.822
 36     9.325 53486.06971295 19.69 305.323838  -2.406318 13.822
 36     9.715 53486.06971359 19.79 305.323118  -2.403008 13.822
 36     9.986 53486.06971424 21.37 305.322388  -2.399708 13.822
 36     9.638 53486.06971488 22.93 305.321658  -2.396398 13.822
 36    10.036 53486.06971553 24.21 305.320938  -2.393098 13.822
 36    10.746 53486.06971617 25.57 305.320208  -2.389788 13.822
 37    42.784 53521.06969824  0.06 305.343221  -2.450460  3.501
 37    41.901 53521.06969888  0.74 305.342491  -2.447160  3.501
 37    40.571 53521.06969953  3.64 305.341771  -2.443850  3.501
 37    40.432 53521.06970017  4.22 305.341041  -2.440550  3.501
 37    39.923 53521.06970082  4.22 305.340311  -2.437240  3.501
 37     7.209 53521.06970211 24.59 305.338861  -2.430630  3.501
 37     8.205 53521.06970275 23.78 305.338131  -2.427330  3.501
 37     9.094 53521.06970340 20.36 305.337401  -2.424020  3.501
 37     9.626 53521.06970404 20.21 305.336679  -2.420723  7.768
 37    10.157 53521.06970469 20.29 305.335949  -2.417413  7.768
 37    10.096 53521.06970533 20.88 305.335219  -2.414113  7.768
 37    10.606 53521.06970598 23.00 305.334499  -2.410803  7.768
 38    28.696 53556.06972345 14.99 305.332741  -2.445033  4.896
 38    46.745 53556.06972409  4.42 305.332011  -2.441733  4.896
 38    48.403 53556.06972474  2.72 305.331281  -2.438423  4.896
 38     7.228 53556.06972667 22.27 305.329101  -2.428513  4.896
 38     6.984 53556.06972732 21.90 305.328371  -2.425203  4.896
 38     7.161 53556.06972796 19.65 305.327650  -2.421905 12.863
 38     7.677 53556.06972861 19.37 305.326920  -2.418595 12.863
 38     7.823 53556.06972925 19.28 305.326190  -2.415295 12.863
 38     8.117 53556.06972990 19.08 305.325470  -2.411985 12.863
 38     9.011 53556.06973054 19.14 305.324740  -2.408685 12.863
 38     8.699 53556.06973119 19.37 305.324010  -2.405375 12.863
 39     6.800 53591.06966121 29.24 305.348820  -2.452528 17.717
 39     6.668 53591.06966185 24.90 305.348090  -2.449218 17.717
 39     6.464 53591.06966250 24.48 305.347370  -2.445918 17.717
 39     6.167 53591.06966314 25.34 305.346640  -2.442608 17.717
 39     5.971 53591.06966379 25.45 305.345910  -2.439308 17.717
 39     6.180 53591.06966443 26.32 305.345190  -2.435998 17.717
 39     6.231 53591.06966508 26.42 305.344460  -2.432698 17.717
 39     6.298 53591.06966572 26.84 305.343730  -2.429388 17.717
 39     6.382 53591.06966637 26.89 305.343000  -2.426088 17.717
 39     6.467 53591.06966701 27.25 305.342280  -2.422778 17.717
 39     6.534 53591.06966765 27.04 305.341550  -2.419478 17.717
 40     5.850 53626.06964867 32.77 305.333743  -2.445173 24.160
 40     4.660 53626.06964931 23.78 305.333013  -2.441863 24.160
 40     3.672 53626.06964995 17.03 305.332293  -2.438563 24.160
 40     4.626 53626.06965060 16.06 305.331563  -2.435253 24.160
 40     4.224 53626.06965124 15.20 305.330833  -2.431953 24.160
 40     4.151 53626.06965189 13.71 305.330103  -2.428643 24.160
 40     4.025 53626.06965253 13.92 305.329383  -2.425343 24.160
 40     4.217 53626.06965318 14.16 305.328653  -2.422033 24.160
 40     4.290 53626.06965382 13.89 305.327923  -2.418733 24.160
 40     4.381 53626.06965447 14.20 305.327193  -2.415423 24.160
 40     4.437 53626.06965511 13.90 305.326473  -2.412123 24.160
 40     5.328 53626.06965576 13.77 305.325743  -2.408813 24.160
 40     5.817 53626.06965640 13.88 305.325013  -2.405517 18.789
 40     5.949 53626.06965705 13.83 305.324283  -2.402207 18.789
 40     5.952 53626.06965769 14.06 305.323563  -2.398907 18.789
 40     5.942 53626.06965834 16.54 305.322833  -2.395597 18.789
 41    24.032 53661.06967893 14.47 305.332642  -2.421701 14.214
 41     4.152 53661.06967957 14.18 305.331912  -2.418401 14.214
 41     4.181 53661.06968022 14.28 305.331192  -2.415091 14.214
 41     4.325 53661.06968086 13.77 305.330462  -2.411791 14.214
 41     4.816 53661.06968151 13.47 305.329732  -2.408481 14.214
 41     4.737 53661.06968215 14.04 305.329002  -2.405181 14.214
 42     5.552 53696.06964370 29.87 305.340650  -2.448903 18.900
 42     3.264 53696.06964435 18.09 305.339920  -2.445593 18.900
 42     3.473 53696.06964499 15.48 305.339190  -2.442293 18.900
 42     3.355 53696.06964564 17.20 305.338470  -2.438983 18.900
 42     3.132 53696.06964628 16.05 305.337740  -2.435683 18.900
 42     2.999 53696.06964693 16.52 305.337010  -2.432373 18.900
 42     3.265 53696.06964757 15.69 305.336280  -2.429073 18.900
 42     3.314 53696.06964822 15.52 305.335560  -2.425763 18.900
 42     3.068 53696.06964886 16.50 305.334830  -2.422463 18.900
 42     3.111 53696.06964950 16.40 305.334100  -2.419153 18.900
 42     3.029 53696.06965015 17.26 305.333382  -2.415856 13.940
 42     3.398 53696.06965079 16.48 305.332652  -2.412546 13.940
 42     3.387 53696.06965144 15.56 305.331922  -2.409246 13.940
 43     4.806 53731.06956569 24.12 305.345386  -2.452538 14.826
 43     4.880 53731.06956634 22.31 305.344656  -2.449228 14.826
 43     4.665 53731.06956698 23.75 305.343936  -2.445928 14.826
 43    11.091 53731.06956762 23.76 305.343206  -2.442618 14.826
 43     5.167 53731.06956827 24.89 305.342476  -2.439318 14.826
 43     5.150 53731.06956891 25.03 305.341756  -2.436008 14.826
 43     5.381 53731.06956956 25.91 305.341026  -2.432708 14.826
 43     5.398 53731.06957020 25.10 305.340296  -2.429398 14.826
 43     5.464 53731.06957085 25.42 305.339576  -2.426098 14.826
 43     6.062 53731.06957149 25.75 305.338846  -2.422788 14.826
 43     5.960 53731.06957214 25.76 305.338116  -2.419488 14.826
 43     5.798 53731.06957278 25.90 305.337396  -2.416178 14.826
 43     5.900 53731.06957343 26.42 305.336662  -2.412880 11.148
 44     7.667 53766.06953592 24.90 305.348514  -2.453243  5.408
 44     7.652 53766.06953657 20.30 305.347784  -2.449943  5.408
 44     7.511 53766.06953721 17.96 305.347054  -2.446633  5.408
 44     7.382 53766.06953786 17.57 305.346334  -2.443333  5.408
 44     7.084 53766.06953850 17.09 305.345604  -2.440023  5.408
 44     6.861 53766.06953915 16.31 305.344874  -2.436723  5.408
 44     6.483 53766.06953979 17.11 305.344144  -2.433413  5.408
 44     6.348 53766.06954044 17.38 305.343424  -2.430113  5.408
 44     7.097 53766.06954108 17.64 305.342694  -2.426813  5.408
 44     7.459 53766.06954173 17.71 305.341968  -2.423507 22.801
 44     7.829 53766.06954237 17.44 305.341238  -2.420197 22.801
 44     8.367 53766.06954302 17.67 305.340508  -2.416897 22.801
 45     8.114 53801.06953904 33.75 305.345664  -2.451660 30.222
 45     7.991 53801.06953969 26.14 305.344934  -2.448350 30.222
 45     7.539 53801.06954033 24.49 305.344204  -2.445050 30.222
 45     7.327 53801.06954098 22.04 305.343484  -2.441740 30.222
 45     7.231 53801.06954162 20.89 305.342754  -2.438440 30.222
 45     6.566 53801.06954227 22.36 305.342024  -2.435130 30.222
 45     6.503 53801.06954291 21.16 305.341304  -2.431830 30.222
 45     7.044 53801.06954356 20.39 305.340574  -2.428520 30.222
 45     7.322 53801.06954420 20.52 305.339844  -2.425220 30.222
 45     7.765 53801.06954484 19.72 305.339114  -2.421910 30.222
 45     7.883 53801.06954549 20.49 305.338388  -2.418613 30.779
 45     8.052 53801.06954613 21.62 305.337668  -2.415303 30.779
 46    42.674 53836.06954587  1.65 305.341639  -2.448553  3.894
 46    40.173 53836.06954651  4.97 305.340909  -2.445243  3.894
 46    40.569 53836.06954716  5.95 305.340179  -2.441943  3.894
 46    40.078 53836.06954780  6.22 305.339449  -2.438633  3.894
 46     7.993 53836.06954909 28.88 305.337999  -2.432023  3.894
 46     8.494 53836.06954974 29.54 305.337269  -2.428723  3.894
 46     9.033 53836.06955038 28.00 305.336539  -2.425413  3.894
 46     9.318 53836.06955103 27.66 305.335819  -2.422113  3.894
 46     9.561 53836.06955167 27.45 305.335089  -2.418813  3.894
 46     9.956 53836.06955232 27.62 305.334360  -2.415507 12.132
 46    10.438 53836.06955296 27.14 305.333630  -2.412197 12.132
 46    10.240 53836.06955360 26.91 305.332900  -2.408897 12.132
 47     7.736 53871.06960275 33.97 305.340463  -2.448838  7.834
 47    10.878 53871.06960340 25.67 305.339733  -2.445528  7.834
 47    10.889 53871.06960404 24.77 305.339013  -2.442228  7.834
 47    10.414 53871.06960469 24.77 305.338283  -2.438918  7.834
 47     9.362 53871.06960533 24.59 305.337553  -2.435618  7.834
 47    27.746 53871.06961049 25.63 305.331739  -2.409182 25.053
 49     8.212 53941.06967144 45.28 305.330250  -2.445806 26.596
 49     7.981 53941.06967209 31.78 305.329530  -2.442506 26.596
 49     7.686 53941.06967273 29.18 305.328800  -2.439196 26.596
 49     7.335 53941.06967338 24.52 305.328070  -2.435896 26.596
 49     7.071 53941.06967402 21.61 305.327350  -2.432586 26.596
 49     6.941 53941.06967466 20.27 305.326620  -2.429286 26.596
 49     6.938 53941.06967531 18.92 305.325890  -2.425976 26.596
 49     7.703 53941.06967595 18.52 305.325160  -2.422676 26.596
 49     7.589 53941.06967660 18.18 305.324440  -2.419366 26.596
 49     7.481 53941.06967724 18.32 305.323710  -2.416066 26.596
 49     7.767 53941.06967789 17.98 305.322980  -2.412756 26.596
 49     7.737 53941.06967853 18.08 305.322258  -2.409458 22.837
 49     7.716 53941.06967918 18.08 305.321528  -2.406148 22.837
 49     7.791 53941.06967982 18.18 305.320798  -2.402848 22.837
 49     7.839 53941.06968047 18.46 305.320078  -2.399538 22.837
 49     7.742 53941.06968111 19.25 305.319348  -2.396238 22.837
 49     7.842 53941.06968176 20.09 305.318618  -2.392928 22.837
 49     7.921 53941.06968240 22.85 305.317888  -2.389628 22.837
 49     8.022 53941.06968305 26.30 305.317168  -2.386318 22.837
 50     6.877 53976.06962646 36.51 305.338366  -2.448966 16.125
 50     6.744 53976.06962710 29.24 305.337646  -2.445656 16.125
 50     6.432 53976.06962775 26.67 305.336916  -2.442356 16.125
 50     6.214 53976.06962839 22.09 305.336186  -2.439046 16.125
 50     6.144 53976.06962904 21.28 305.335466  -2.435746 16.125
 50     6.104 53976.06962968 20.62 305.334736  -2.432436 16.125
 50     5.957 53976.06963033 21.24 305.334006  -2.429136 16.125
 50     5.817 53976.06963097 21.42 305.333286  -2.425826 16.125
 50     5.568 53976.06963162 21.90 305.332556  -2.422526 16.125
 50     5.581 53976.06963226 21.65 305.331826  -2.419216 16.125
 50     6.158 53976.06963291 21.56 305.331106  -2.415916 16.125
 50     6.309 53976.06963355 21.52 305.330376  -2.412606 16.125
 50     6.401 53976.06963420 21.59 305.329646  -2.409306 16.125
 50     6.620 53976.06963484 21.52 305.328926  -2.405996 16.125
 50     6.886 53976.06963548 21.39 305.328200  -2.402697 23.366
 51     5.664 54011.06962692 27.59 305.343154  -2.450750 15.790
 51     5.334 54011.06962756 21.20 305.342424  -2.447440 15.790
 51     3.958 54011.06962821 20.96 305.341704  -2.444140 15.790
 51     4.002 54011.06962885 18.58 305.340974  -2.440830 15.790
 51     3.677 54011.06962950 17.91 305.340244  -2.437530 15.790
 51     3.488 54011.06963014 17.06 305.339514  -2.434220 15.790
 51     3.862 54011.06963079 15.76 305.338794  -2.430920 15.790
 51     3.765 54011.06963143 16.53 305.338064  -2.427610 15.790
 51     4.004 54011.06963208 14.83 305.337334  -2.424310 15.790
 51     4.018 54011.06963272 14.76 305.336604  -2.421000 15.790
 51     4.146 54011.06963337 16.04 305.335884  -2.417700 15.790
 51     4.478 54011.06963401 16.74 305.335154  -2.414390 15.790
 51     4.736 54011.06963465 17.54 305.334424  -2.411094 32.585
 52     5.788 54046.06964085 25.74 305.348532  -2.453743 12.424
 52     4.899 54046.06964150 20.07 305.347802  -2.450443 12.424
 52     4.720 54046.06964214 17.64 305.347082  -2.447133 12.424
 52     3.457 54046.06964279 18.92 305.346352  -2.443833 12.424
 52     2.767 54046.06964343 21.24 305.345622  -2.440523 12.424
 52     3.456 54046.06964408 19.56 305.344902  -2.437223 12.424
 52     3.273 54046.06964472 19.53 305.344172  -2.433913 12.424
 52     3.355 54046.06964537 20.15 305.343442  -2.430613 12.424
 52     3.333 54046.06964601 20.60 305.342722  -2.427303 12.424
 52     3.496 54046.06964666 20.77 305.341992  -2.424003 12.424
 52     3.640 54046.06964730 20.80 305.341262  -2.420693 12.424
 52     3.788 54046.06964795 21.12 305.340532  -2.417393 12.424
 53     5.136 54081.06963454 34.42 305.341082  -2.449440 20.532
 53     4.033 54081.06963518 23.82 305.340362  -2.446130 20.532
 53    -3.441 54081.06963583 23.77 305.339632  -2.442830 20.532
 53     3.598 54081.06963647 18.07 305.338902  -2.439520 20.532
 53     4.088 54081.06963711 14.09 305.338182  -2.436220 20.532
 53     4.235 54081.06963776 12.98 305.337452  -2.432910 20.532
 53     4.330 54081.06963840 12.47 305.336722  -2.429610 20.532
 53     4.315 54081.06963905 12.26 305.336002  -2.426300 20.532
 53     4.360 54081.06963969 11.85 305.335272  -2.423000 20.532
 53     4.319 54081.06964034 12.72 305.334542  -2.419690 20.532
 53     4.409 54081.06964098 13.86 305.333822  -2.416390 20.532
 53     5.132 54081.06964163 13.95 305.333092  -2.413080 20.532
 53     4.384 54081.06964227 15.19 305.332362  -2.409780 20.532
 54     8.235 54116.06956806 27.55 305.341356  -2.450210 10.688
 54     7.733 54116.06956871 20.10 305.340626  -2.446910 10.688
 54     7.938 54116.06956935 16.64 305.339906  -2.443600 10.688
 54     7.434 54116.06957000 12.81 305.339176  -2.440300 10.688
 54     7.837 54116.06957064 13.42 305.338446  -2.436990 10.688
 54     7.588 54116.06957129 13.92 305.337726  -2.433690 10.688
 54     7.386 54116.06957193 13.33 305.336996  -2.430380 10.688
 54     6.848 54116.06957258 14.07 305.336266  -2.427080 10.688
 54     7.563 54116.06957322 13.11 305.335546  -2.423770 10.688
 54     7.919 54116.06957387 13.14 305.334816  -2.420470 10.688
 54     7.857 54116.06957451 13.33 305.334086  -2.417160 10.688
 54     7.068 54116.06957516 14.15 305.333366  -2.413860 10.688
 54     7.499 54116.06957580 14.25 305.332636  -2.410550 10.688
 55     8.246 54151.06958551 24.51 305.339431  -2.446498  5.289
 55     7.002 54151.06958615 23.16 305.338711  -2.443198  5.289
 55     6.951 54151.06958679 20.53 305.337981  -2.439888  5.289
 55     7.258 54151.06958744 17.19 305.337251  -2.436588  5.289
 55     6.787 54151.06958808 17.33 305.336531  -2.433278  5.289
 55     6.413 54151.06958873 16.80 305.335801  -2.429978  5.289
 55     5.919 54151.06958937 17.21 305.335071  -2.426668  5.289
 55     6.740 54151.06959002 16.45 305.334341  -2.423368  5.289
 55     6.409 54151.06959066 17.57 305.333621  -2.420058  5.289
 55     7.008 54151.06959131 16.77 305.332891  -2.416758  5.289
 55     7.493 54151.06959195 16.62 305.332161  -2.413448  5.289
 56    38.824 54186.06956017  4.47 305.341295  -2.448997  5.262
 56    41.679 54186.06956081  2.61 305.340565  -2.445687  5.262
 56    42.293 54186.06956145  2.62 305.339835  -2.442387  5.262
 56     7.024 54186.06956274 21.94 305.338385  -2.435777  5.262
 56     6.261 54186.06956339 22.56 305.337655  -2.432467  5.262
 56     6.150 54186.06956403 20.59 305.336935  -2.429167  5.262
 56     6.548 54186.06956468 19.51 305.336205  -2.425857  5.262
 56     6.686 54186.06956532 19.92 305.335475  -2.422557  5.262
 56     6.356 54186.06956597 20.24 305.334755  -2.419247  5.262
 56     8.472 54186.06956661 18.37 305.334025  -2.415947  5.262
 56     8.523 54186.06956726 18.61 305.333295  -2.412637  5.262
 56     8.740 54186.06956790 18.64 305.332575  -2.409337  5.262
 57     9.813 54221.06959485 26.20 305.339214  -2.445729  6.576
 57     8.619 54221.06959550 27.36 305.338484  -2.442429  6.576
 57     8.033 54221.06959614 27.65 305.337754  -2.439119  6.576
 57     7.771 54221.06959678 25.41 305.337034  -2.435819  6.576
 57     7.321 54221.06959743 23.40 305.336304  -2.432509  6.576
 57     7.026 54221.06959807 22.76 305.335574  -2.429209  6.576
 57     6.403 54221.06959872 22.18 305.334854  -2.425899  6.576
 57     6.481 54221.06959936 21.47 305.334124  -2.422599  6.576
 58    40.770 54256.06961811  4.00 305.340516  -2.448329  6.676
 58    30.851 54256.06961875  7.04 305.339786  -2.445029  6.676
 58     9.870 54256.06961940 25.62 305.339056  -2.441719  6.676
 58    13.447 54256.06962004 30.17 305.338336  -2.438419  6.676
 58     8.362 54256.06962068 31.34 305.337606  -2.435109  6.676
 58     8.984 54256.06962133 27.70 305.336876  -2.431809  6.676
 58     8.809 54256.06962197 28.19 305.336156  -2.428499  6.676
 58     9.673 54256.06962262 27.25 305.335426  -2.425199  6.676
 58    10.088 54256.06962326 26.33 305.334696  -2.421889  6.676
 58     9.812 54256.06962391 26.29 305.333966  -2.418589  6.676
 58    10.468 54256.06962455 26.06 305.333246  -2.415279  6.676
 58    10.110 54256.06962520 25.81 305.332516  -2.411979  6.676
 58    10.629 54256.06962584 25.46 305.331786  -2.408669  6.676
 59    10.632 54291.06961913 26.70 305.343359  -2.450689  9.914
 59     9.829 54291.06961978 23.28 305.342629  -2.447389  9.914
 59    10.625 54291.06962042 22.46 305.341909  -2.444079  9.914
 59     9.901 54291.06962107 22.45 305.341179  -2.440779  9.914
 59     9.067 54291.06962171 23.55 305.340449  -2.437469  9.914
 59     8.375 54291.06962236 24.25 305.339729  -2.434169  9.914
 59     7.855 54291.06962300 23.68 305.338999  -2.430859  9.914
 59     7.129 54291.06962364 23.89 305.338269  -2.427559  9.914
 59     7.911 54291.06962429 21.94 305.337549  -2.424249  9.914
 59     8.168 54291.06962493 21.93 305.336819  -2.420949  9.914
 59     8.734 54291.06962558 21.88 305.336089  -2.417639  9.914
 59     9.265 54291.06962622 21.38 305.335359  -2.414339  9.914
 59     9.642 54291.06962687 21.35 305.334639  -2.411029  9.914
 60     7.491 54326.06961669 30.65 305.343254  -2.449560 14.852
 60     7.276 54326.06961734 25.10 305.342534  -2.446260 14.852
 60     6.984 54326.06961798 22.11 305.341804  -2.442950 14.852
 60     6.910 54326.06961863 21.23 305.341074  -2.439650 14.852
 60     6.618 54326.06961927 20.34 305.340344  -2.436340 14.852
 60     5.736 54326.06961992 21.01 305.339624  -2.433040 14.852
 60     5.228 54326.06962056 21.32 305.338894  -2.429730 14.852
 60     5.487 54326.06962121 21.41 305.338164  -2.426430 14.852
 60     6.166 54326.06962185 20.76 305.337444  -2.423120 14.852
 60     6.883 54326.06962250 20.63 305.336714  -2.419820 14.852
 60     6.929 54326.06962314 20.94 305.335984  -2.416510 14.852
 60     7.212 54326.06962379 21.00 305.335264  -2.413210 14.852
 61     5.828 54361.06956844 32.48 305.342212  -2.450998 15.935
 61     5.474 54361.06956908 25.04 305.341482  -2.447688 15.935
 61     4.926 54361.06956973 24.10 305.340752  -2.444388 15.935
 61     4.868 54361.06957037 19.57 305.340032  -2.441078 15.935
 61     5.329 54361.06957102 17.46 305.339302  -2.437778 15.935
 61     4.969 54361.06957166 19.70 305.338572  -2.434468 15.935
 61     5.252 54361.06957231 17.83 305.337852  -2.431168 15.935
 61     5.400 54361.06957295 17.88 305.337122  -2.427858 15.935
 61     5.366 54361.06957360 18.07 305.336392  -2.424558 15.935
 61     5.384 54361.06957424 18.63 305.335672  -2.421248 15.935
 61     5.440 54361.06957488 19.86 305.334942  -2.417948 15.935
 61     5.476 54361.06957553 19.47 305.334212  -2.414638 15.935
 61     5.569 54361.06957617 20.91 305.333492  -2.411338 15.935
 62     5.711 54396.06955652 25.32 305.342935  -2.450015  9.925
 62     4.618 54396.06955716 20.32 305.342205  -2.446715  9.925
 62     3.295 54396.06955781 19.91 305.341475  -2.443405  9.925
 62     3.485 54396.06955845 17.71 305.340755  -2.440105  9.925
 62     3.361 54396.06955910 16.03 305.340025  -2.436795  9.925
 62     3.455 54396.06955974 15.28 305.339295  -2.433495  9.925
 62     3.184 54396.06956039 16.62 305.338565  -2.430185  9.925
 62     3.430 54396.06956103 15.32 305.337845  -2.426885  9.925
 62     3.426 54396.06956168 15.28 305.337115  -2.423575  9.925
 62     3.591 54396.06956232 15.75 305.336385  -2.420275  9.925
 62     3.997 54396.06956296 14.87 305.335665  -2.416965  9.925
 62     4.470 54396.06956361 15.71 305.334935  -2.413665  9.925
 62     4.845 54396.06956425 15.93 305.334205  -2.410355  9.925
 63     3.498 54431.06951838 24.22 305.343123  -2.449742  9.909
 63     3.910 54431.06951903 19.47 305.342393  -2.446432  9.909
 63     3.729 54431.06951967 18.42 305.341673  -2.443132  9.909
 63     3.742 54431.06952032 16.57 305.340943  -2.439822  9.909
 63     3.824 54431.06952096 15.89 305.340213  -2.436522  9.909
 63     3.956 54431.06952161 15.58 305.339493  -2.433212  9.909
 63     3.916 54431.06952225 15.63 305.338763  -2.429912  9.909
 63     4.091 54431.06952290 15.27 305.338033  -2.426602  9.909
 63     3.950 54431.06952354 15.73 305.337313  -2.423302  9.909
 63     4.046 54431.06952419 16.76 305.336583  -2.419992  9.909
 63     4.114 54431.06952483 17.05 305.335853  -2.416692  9.909
 63     4.274 54431.06952548 18.38 305.335133  -2.413382  9.909
 64     7.252 54466.06953688 11.11 305.343721  -2.451119  6.564
 64     7.101 54466.06953752 16.91 305.342991  -2.447819  6.564
 64     6.062 54466.06953817 20.72 305.342261  -2.444509  6.564
 64     6.333 54466.06953881 17.49 305.341541  -2.441209  6.564
 64     6.006 54466.06953946 15.21 305.340811  -2.437899  6.564
 64     5.831 54466.06954010 16.00 305.340081  -2.434599  6.564
 64     6.016 54466.06954075 15.25 305.339351  -2.431289  6.564
 64     6.856 54466.06954139 14.80 305.338631  -2.427989  6.564
 64     6.923 54466.06954203 15.49 305.337901  -2.424679  6.564
 64     6.750 54466.06954268 15.53 305.337171  -2.421379  6.564
 64     7.406 54466.06954332 15.67 305.336451  -2.418069  6.564
 64     7.573 54466.06954397 16.21 305.335721  -2.414769  6.564
 64     7.477 54466.06954461 17.17 305.334991  -2.411459  6.564
 65    39.731 54501.06953097  4.18 305.343293  -2.452411  4.298
 65    41.051 54501.06953290  2.05 305.341113  -2.442491  4.298
 65    41.485 54501.06953355  2.61 305.340383  -2.439191  4.298
 65    41.071 54501.06953419  2.68 305.339653  -2.435881  4.298
 65     5.587 54501.06953613 22.05 305.337473  -2.425971  4.298
 65     5.576 54501.06953677 22.25 305.336743  -2.422661  4.298
 65     6.402 54501.06953741 20.62 305.336024  -2.419363 14.147
 65     6.958 54501.06953806 20.62 305.335294  -2.416053 14.147
 65     7.175 54501.06953870 20.69 305.334564  -2.412753 14.147
 66     9.673 54536.06955205 26.01 305.342993  -2.449338  5.976
 66     8.615 54536.06955269 26.77 305.342263  -2.446028  5.976
 66     8.995 54536.06955334 22.92 305.341533  -2.442728  5.976
 66     8.639 54536.06955398 22.11 305.340813  -2.439418  5.976
 66     8.300 54536.06955463 23.92 305.340083  -2.436118  5.976
 66     8.004 54536.06955527 23.99 305.339353  -2.432818  5.976
 66     7.089 54536.06955592 24.10 305.338631  -2.429512 21.463
 66     6.717 54536.06955656 24.60 305.337901  -2.426202 21.463
 66     6.748 54536.06955720 23.85 305.337171  -2.422902 21.463
 66     8.180 54536.06955785 24.03 305.336451  -2.419592 21.463
 66     9.191 54536.06955849 22.61 305.335721  -2.416292 21.463
 66     9.249 54536.06955914 22.83 305.334991  -2.412982 21.463
 67    29.881 54571.06953373 10.09 305.342777  -2.451415  5.021
 67    37.561 54571.06953438  4.75 305.342057  -2.448105  5.021
 67     9.656 54571.06953567 22.58 305.340597  -2.441495  5.021
 67     8.191 54571.06953631 27.25 305.339877  -2.438195  5.021
 67     7.934 54571.06953696 25.45 305.339147  -2.434885  5.021
 67     7.968 54571.06953760 23.97 305.338417  -2.431585  5.021
 67     7.542 54571.06953825 22.80 305.337697  -2.428275  5.021
 67     8.601 54571.06953889 22.82 305.336961  -2.424978 15.055
 67     9.267 54571.06953954 21.93 305.336241  -2.421668 15.055
 67    10.169 54571.06954018 21.87 305.335511  -2.418368 15.055
 67    10.275 54571.06954083 21.60 305.334781  -2.415058 15.055
 68    34.990 54606.06954660  8.31 305.341067  -2.449764  4.177
 68    37.667 54606.06954724  4.95 305.340337  -2.446454  4.177
 68    39.727 54606.06954789  4.96 305.339607  -2.443154  4.177
 68     8.918 54606.06954918 29.12 305.338157  -2.436544  4.177
 68     8.682 54606.06954982 28.01 305.337427  -2.433234  4.177
 68     8.471 54606.06955046 26.26 305.336704  -2.429936 10.847
 68     7.880 54606.06955111 26.52 305.335974  -2.426626 10.847
 68     8.830 54606.06955175 25.65 305.335244  -2.423326 10.847
 68     9.569 54606.06955240 25.11 305.334524  -2.420016 10.847
 68    10.163 54606.06955304 24.57 305.333794  -2.416716 10.847
 68    10.875 54606.06955369 23.91 305.333064  -2.413406 10.847
 68    10.662 54606.06955433 24.01 305.332334  -2.410106 10.847
 69    12.492 54641.06955587 29.09 305.340636  -2.448676 13.965
 69    11.705 54641.06955652 25.48 305.339906  -2.445366 13.965
 69    11.581 54641.06955716 25.11 305.339176  -2.442066 13.965
 69    10.242 54641.06955781 25.15 305.338456  -2.438756 13.965
 69     9.514 54641.06955845 25.60 305.337726  -2.435456 13.965
 69     8.493 54641.06955909 25.81 305.336996  -2.432146 13.965
 69     8.887 54641.06955974 26.56 305.336276  -2.428849 16.939
 69     9.402 54641.06956038 25.41 305.335546  -2.425539 16.939
 69     9.882 54641.06956103 24.77 305.334816  -2.422239 16.939
 69    10.603 54641.06956167 25.12 305.334096  -2.418929 16.939
 69    10.860 54641.06956232 25.60 305.333366  -2.415629 16.939
 69    11.037 54641.06956296 25.02 305.332636  -2.412319 16.939
 69    10.822 54641.06956361 24.05 305.331906  -2.409019 16.939
 70     9.516 54676.06955754 38.21 305.340490  -2.451152 13.385
 70    10.768 54676.06955819 25.02 305.339760  -2.447852 13.385
 70    10.169 54676.06955883 22.51 305.339030  -2.444542 13.385
 70     9.473 54676.06955948 20.61 305.338300  -2.441242 13.385
 70     8.631 54676.06956012 19.66 305.337580  -2.437932 13.385
 70     8.530 54676.06956076 19.34 305.336850  -2.434632 13.385
 70     8.245 54676.06956141 17.79 305.336120  -2.431322 13.385
 70     8.135 54676.06956205 18.38 305.335399  -2.428025 17.288
 70     9.015 54676.06956270 17.13 305.334669  -2.424715 17.288
 70     9.047 54676.06956334 17.54 305.333939  -2.421415 17.288
 70     9.518 54676.06956399 16.42 305.333219  -2.418105 17.288
 70     9.659 54676.06956463 17.06 305.332489  -2.414805 17.288
 70     9.932 54676.06956528 17.75 305.331759  -2.411495 17.288
 70    10.135 54676.06956592 18.71 305.331029  -2.408195 17.288
 71     6.946 54711.06951311 33.79 305.343895  -2.451781 23.801
 71     6.710 54711.06951375 25.68 305.343175  -2.448471 23.801
 71     6.124 54711.06951440 25.21 305.342445  -2.445171 23.801
 71     6.029 54711.06951504 19.93 305.341715  -2.441861 23.801
 71     5.956 54711.06951568 17.88 305.340995  -2.438561 23.801
 71     6.072 54711.06951633 17.27 305.340265  -2.435251 23.801
 71     5.793 54711.06951697 17.93 305.339535  -2.431951 23.801
 71     6.187 54711.06951762 18.25 305.338815  -2.428641 23.801
 71     4.687 54711.06951826 19.75 305.338089  -2.425344 22.382
 71     5.434 54711.06951891 19.50 305.337359  -2.422034 22.382
 71     6.084 54711.06951955 19.01 305.336629  -2.418734 22.382
 71     6.496 54711.06952020 17.40 305.335909  -2.415424 22.382
 71     6.639 54711.06952084 18.33 305.335179  -2.412124 22.382
 72     7.858 54746.06952594 24.47 305.340791  -2.448533 22.447
 72     5.913 54746.06952659 21.97 305.340061  -2.445223 22.447
 72     5.315 54746.06952723 18.96 305.339331  -2.441923 22.447
 72     4.932 54746.06952788 17.54 305.338611  -2.438613 22.447
 72     4.927 54746.06952852 17.76 305.337881  -2.435313 22.447
 72     5.042 54746.06952917 16.94 305.337151  -2.432003 22.447
 72     2.979 54746.06952981 19.30 305.336428  -2.428705 15.969
 72     3.764 54746.06953046 18.96 305.335698  -2.425395 15.969
 72     3.776 54746.06953110 18.59 305.334968  -2.422095 15.969
 72     4.267 54746.06953175 17.43 305.334248  -2.418785 15.969
 72     4.580 54746.06953239 17.45 305.333518  -2.415485 15.969
 72     4.693 54746.06953304 16.82 305.332788  -2.412175 15.969
 72     4.779 54746.06953368 17.05 305.332058  -2.408875 15.969
 73     6.824 54781.06949727 24.78 305.343682  -2.452381 14.059
 73     6.752 54781.06949791 19.37 305.342962  -2.449071 14.059
 73     6.669 54781.06949856 15.94 305.342232  -2.445771 14.059
 73     5.964 54781.06949920 15.51 305.341502  -2.442461 14.059
 73     5.653 54781.06949984 14.65 305.340772  -2.439161 14.059
 73     5.361 54781.06950049 15.23 305.340052  -2.435851 14.059
 73     5.238 54781.06950113 14.89 305.339322  -2.432551 14.059
 73     4.429 54781.06950178 15.02 305.338592  -2.429241 14.059
 73     4.747 54781.06950242 15.63 305.337873  -2.425944  9.449
 73     5.152 54781.06950307 15.22 305.337143  -2.422634  9.449
 73     4.680 54781.06950371 15.78 305.336413  -2.419334  9.449
 73     4.887 54781.06950436 16.30 305.335693  -2.416024  9.449
 73     5.841 54781.06950500 15.99 305.334963  -2.412724  9.449
 74     5.357 54816.06951810 35.85 305.342208  -2.451367 21.962
 74     5.013 54816.06951874 24.26 305.341488  -2.448067 21.962
 74     4.319 54816.06951938 24.71 305.340758  -2.444757 21.962
 74     4.499 54816.06952003 18.27 305.340028  -2.441457 21.962
 74     4.193 54816.06952067 18.86 305.339308  -2.438147 21.962
 74     4.210 54816.06952132 19.37 305.338578  -2.434847 21.962
 74     4.071 54816.06952196 20.22 305.337848  -2.431547 21.962
 74     2.939 54816.06952261 21.57 305.337124  -2.428232  9.493
 74     2.652 54816.06952325 22.42 305.336394  -2.424932  9.493
 74     3.366 54816.06952390 22.72 305.335664  -2.421632  9.493
 74     3.999 54816.06952454 23.23 305.334944  -2.418322  9.493
 74     4.138 54816.06952519 24.68 305.334214  -2.415022  9.493
 74     4.501 54816.06952583 25.17 305.333484  -2.411712  9.493
 75     6.263 54851.06949653 31.88 305.342283  -2.449931  5.548
 75     7.736 54851.06949718 23.73 305.341553  -2.446631  5.548
 75     7.249 54851.06949782 24.14 305.340823  -2.443321  5.548
 75     7.228 54851.06949847 24.29 305.340103  -2.440021  5.548
 75     7.554 54851.06949911 24.11 305.339373  -2.436711  5.548
 75     7.752 54851.06949976 24.35 305.338643  -2.433411  5.548
 76    28.574 54886.06952252 15.44 305.340351  -2.449396  4.794
 76     8.959 54886.06952381 24.03 305.338891  -2.442786  4.794
 76     7.871 54886.06952445 24.07 305.338171  -2.439476  4.794
 76     7.489 54886.06952509 23.19 305.337441  -2.436176  4.794
 76     6.573 54886.06952574 24.38 305.336711  -2.432866  4.794
 76     6.849 54886.06952638 22.22 305.335988  -2.429569 13.061
 76     6.080 54886.06952703 21.70 305.335258  -2.426259 13.061
 76     7.347 54886.06952767 20.36 305.334528  -2.422959 13.061
 77    46.882 54921.06949883  0.77 305.337779  -2.441707  2.573
 77    44.968 54921.06949947  3.01 305.337049  -2.438397  2.573
 77    45.398 54921.06950012  3.65 305.336329  -2.435097  2.573
 77    44.625 54921.06950076  4.06 305.335599  -2.431787  2.573
 77    43.646 54921.06950141  5.35 305.334869  -2.428487  2.573
 77    42.698 54921.06950205  5.79 305.334149  -2.425187  2.573
 77    42.041 54921.06950270  5.52 305.333415  -2.421881  7.427
 77     9.628 54921.06950398 21.72 305.331965  -2.415271  7.427
 77     9.422 54921.06950463 23.12 305.331235  -2.411961  7.427
 77    10.176 54921.06950527 22.51 305.330515  -2.408661  7.427
 77    10.901 54921.06950592 22.64 305.329785  -2.405351  7.427
 78    43.918 54956.06951915  0.17 305.339835  -2.447417  2.419
 78    44.653 54956.06951979  0.52 305.339105  -2.444117  2.419
 78    42.400 54956.06952043  5.37 305.338385  -2.440807  2.419
 78    39.178 54956.06952108  5.69 305.337655  -2.437507  2.419
 78    42.574 54956.06952172  4.94 305.336925  -2.434207  2.419
 78     7.922 54956.06952366 27.78 305.334741  -2.424292 11.801
 78     9.359 54956.06952430 26.33 305.334021  -2.420982 11.801
 78    10.170 54956.06952495 25.08 305.333291  -2.417682 11.801
 78    10.619 54956.06952559 24.15 305.332561  -2.414372 11.801
 78    11.099 54956.06952624 23.15 305.331831  -2.411072 11.801
 78    11.085 54956.06952688 23.49 305.331111  -2.407762 11.801
 79    45.140 54991.06954238  2.45 305.338314  -2.448214  3.848
 79    41.982 54991.06954302  6.31 305.337584  -2.444914  3.848
 79    11.797 54991.06954367 22.67 305.336864  -2.441604  3.848
 79    15.280 54991.06954431 26.88 305.336134  -2.438304  3.848
 79     9.209 54991.06954496 26.98 305.335404  -2.434994  3.848
 79     8.795 54991.06954560 25.78 305.334682  -2.431696 13.799
 79     8.565 54991.06954625 25.45 305.333952  -2.428386 13.799
 79     8.445 54991.06954689 25.14 305.333222  -2.425086 13.799
 79     9.237 54991.06954754 24.96 305.332502  -2.421776 13.799
 79    10.118 54991.06954818 23.48 305.331772  -2.418476 13.799
 79    10.678 54991.06954883 23.51 305.331042  -2.415166 13.799
 79    11.397 54991.06954947 23.56 305.330312  -2.411866 13.799
 79    11.237 54991.06955012 24.03 305.329592  -2.408556 13.799
 79    11.484 54991.06955076 26.14 305.328862  -2.405256 13.799
 80    11.006 55026.06953206 36.74 305.342948  -2.452189 13.517
 80    11.767 55026.06953270 28.50 305.342218  -2.448889 13.517
 80    11.467 55026.06953335 27.90 305.341488  -2.445579 13.517
 80    10.826 55026.06953399 27.95 305.340758  -2.442279 13.517
 80     9.958 55026.06953464 28.37 305.340038  -2.438969 13.517
 80     9.793 55026.06953528 27.12 305.339308  -2.435669 13.517
 80     8.343 55026.06953592 26.91 305.338578  -2.432359 13.517
 80     8.800 55026.06953657 26.78 305.337858  -2.429053 19.881
 80     8.900 55026.06953721 27.01 305.337128  -2.425753 19.881
 80     9.031 55026.06953786 27.10 305.336398  -2.422453 19.881
 80     9.915 55026.06953850 26.65 305.335678  -2.419143 19.881
 80    10.741 55026.06953915 26.05 305.334948  -2.415843 19.881
 80    10.708 55026.06953979 26.99 305.334218  -2.412533 19.881
 81     8.539 55061.06952608 43.02 305.342061  -2.451110 30.835
 81     8.297 55061.06952673 31.45 305.341331  -2.447810 30.835
 81     8.036 55061.06952737 26.79 305.340601  -2.444500 30.835
 81     7.799 55061.06952802 25.49 305.339871  -2.441200 30.835
 81     7.098 55061.06952866 27.81 305.339151  -2.437890 30.835
 81     6.396 55061.06952931 27.09 305.338421  -2.434590 30.835
 81     5.887 55061.06952995 24.67 305.337691  -2.431280 30.835
 81     4.955 55061.06953060 23.97 305.336970  -2.427983 19.709
 81     4.750 55061.06953124 23.40 305.336240  -2.424673 19.709
 81     5.730 55061.06953189 22.08 305.335510  -2.421373 19.709
 81     6.417 55061.06953253 23.74 305.334790  -2.418063 19.709
 81     7.508 55061.06953318 22.46 305.334060  -2.414763 19.709
 81     7.916 55061.06953382 21.43 305.333330  -2.411453 19.709
 82     6.862 55096.06947630 47.53 305.341112  -2.451253 21.263
 82     6.795 55096.06947694 28.99 305.340392  -2.447943 21.263
 82     6.453 55096.06947759 23.25 305.339662  -2.444643 21.263
 82     5.520 55096.06947823 22.75 305.338932  -2.441333 21.263
 82     6.035 55096.06947888 17.83 305.338212  -2.438033 21.263
 82     5.464 55096.06947952 18.36 305.337482  -2.434723 21.263
 82     5.985 55096.06948017 17.63 305.336752  -2.431423 21.263
 82     6.094 55096.06948081 17.99 305.336032  -2.428113 21.263
 82     6.201 55096.06948146 17.35 305.335298  -2.424813 18.662
 82     6.503 55096.06948210 15.78 305.334578  -2.421503 18.662
 82     6.586 55096.06948274 15.63 305.333848  -2.418203 18.662
 82     6.681 55096.06948339 15.76 305.333118  -2.414893 18.662
 82     6.763 55096.06948403 16.45 305.332398  -2.411593 18.662
 82     6.702 55096.06948468 16.99 305.331668  -2.408283 18.662
 83     7.060 55131.06946866 25.11 305.341085  -2.448568 16.678
 83     5.227 55131.06946930 21.99 305.340355  -2.445258 16.678
 83     3.787 55131.06946995 21.63 305.339625  -2.441958 16.678
 83     4.294 55131.06947059 20.61 305.338905  -2.438648 16.678
 83     4.945 55131.06947124 19.63 305.338175  -2.435348 16.678
 83     3.495 55131.06947188 20.15 305.337445  -2.432038 16.678
 83     3.573 55131.06947252 21.05 305.336722  -2.428741 10.322
 83     3.811 55131.06947317 21.09 305.335992  -2.425431 10.322
 83     3.818 55131.06947381 21.24 305.335262  -2.422131 10.322
 83     4.126 55131.06947446 21.11 305.334542  -2.418821 10.322
 83     3.985 55131.06947510 21.39 305.333812  -2.415521 10.322
 83     4.510 55131.06947575 21.47 305.333082  -2.412211 10.322
 83     4.833 55131.06947639 21.35 305.332352  -2.408911 10.322
 84    20.320 55166.06943996 16.41 305.340785  -2.439892  5.300
 84    16.902 55166.06944061 15.01 305.340055  -2.436592  5.300
 84     4.560 55166.06944125 14.90 305.339335  -2.433282  5.300
 84     3.903 55166.06944190 15.21 305.338605  -2.429982  5.300
 84     4.360 55166.06944254 15.56 305.337875  -2.426672  5.300
 84     3.846 55166.06944319 15.63 305.337156  -2.423366 10.865
 84     4.471 55166.06944383 15.68 305.336426  -2.420066 10.865
 84     4.700 55166.06944448 15.87 305.335696  -2.416766 10.865
 84     5.861 55166.06944512 16.02 305.334976  -2.413456 10.865
 85     5.766 55201.06946076 33.26 305.340918  -2.450166  5.199
 85     5.685 55201.06946140 23.84 305.340188  -2.446856  5.199
 85     7.090 55201.06946205 17.83 305.339458  -2.443556  5.199
 85     7.216 55201.06946269 16.03 305.338738  -2.440246  5.199
 85     7.016 55201.06946334 14.97 305.338008  -2.436946  5.199
 85     6.375 55201.06946398 15.05 305.337278  -2.433636  5.199
 85     5.681 55201.06946463 15.97 305.336554  -2.430339 11.959
 85     5.908 55201.06946527 15.55 305.335824  -2.427029 11.959
 85     5.493 55201.06946592 15.97 305.335094  -2.423729 11.959
 85     6.442 55201.06946656 15.77 305.334374  -2.420419 11.959
 85     6.351 55201.06946720 16.02 305.333644  -2.417119 11.959
 85     6.645 55201.06946785 16.21 305.332914  -2.413809 11.959
 85     6.846 55201.06946849 16.17 305.332184  -2.410509 11.959
 86     5.667 55236.06944448 32.03 305.341078  -2.449633  8.211
 86     8.433 55236.06944512 23.28 305.340348  -2.446333  8.211
 86     7.630 55236.06944577 22.34 305.339618  -2.443023  8.211
 86     7.882 55236.06944641 21.96 305.338888  -2.439723  8.211
 86     7.292 55236.06944706 22.90 305.338168  -2.436413  8.211
 86     7.452 55236.06944770 22.68 305.337438  -2.433113  8.211
 86     7.502 55236.06944834 22.83 305.336708  -2.429803  8.211
 86     6.773 55236.06944899 23.13 305.335991  -2.426505 14.448
 86     7.066 55236.06944963 23.20 305.335261  -2.423195 14.448
 86     7.155 55236.06945028 22.90 305.334531  -2.419895 14.448
 86     6.671 55236.06945092 23.20 305.333801  -2.416585 14.448
 86     7.343 55236.06945157 22.91 305.333081  -2.413285 14.448
 86     7.246 55236.06945221 22.76 305.332351  -2.409975 14.448
 87     7.711 55271.06945441 36.14 305.341830  -2.450964 15.436
 87     8.770 55271.06945505 24.58 305.341100  -2.447664 15.436
 87     8.488 55271.06945570 20.09 305.340370  -2.444354 15.436
 87     7.682 55271.06945634 18.15 305.339640  -2.441054 15.436
 87     7.747 55271.06945699 15.45 305.338920  -2.437744 15.436
 87     7.665 55271.06945763 16.35 305.338190  -2.434444 15.436
 87     8.328 55271.06945828 15.85 305.337460  -2.431134 15.436
 87     7.499 55271.06945892 17.17 305.336739  -2.427829 16.861
 87     7.818 55271.06945956 17.56 305.336009  -2.424529 16.861
 87     8.620 55271.06946021 16.37 305.335279  -2.421229 16.861
 87     8.336 55271.06946085 17.67 305.334559  -2.417919 16.861
 87     8.346 55271.06946150 16.59 305.333829  -2.414619 16.861
 87     8.655 55271.06946214 16.90 305.333099  -2.411309 16.861
 88    10.315 55306.06942617 27.80 305.342566  -2.449956  9.552
 88     9.498 55306.06942681 25.41 305.341836  -2.446656  9.552
 88    10.153 55306.06942746 24.26 305.341106  -2.443346  9.552
 88     8.652 55306.06942810 23.97 305.340386  -2.440046  9.552
 88     8.580 55306.06942875 23.31 305.339656  -2.436736  9.552
 88     8.126 55306.06942939 23.14 305.338926  -2.433436  9.552
 88     7.421 55306.06943004 22.65 305.338206  -2.430126  9.552
 88     7.206 55306.06943068 20.55 305.337471  -2.426830 24.016
 88     7.661 55306.06943133 20.32 305.336751  -2.423520 24.016
 88     8.590 55306.06943197 20.10 305.336021  -2.420220 24.016
 88     9.577 55306.06943262 19.60 305.335291  -2.416910 24.016
 88    10.127 55306.06943326 19.23 305.334571  -2.413610 24.016
 88     9.955 55306.06943391 18.92 305.333841  -2.410300 24.016
 89     9.112 55341.06942582 43.31 305.342445  -2.451970 11.411
 89    10.625 55341.06942646 29.47 305.341715  -2.448670 11.411
 89    10.422 55341.06942710 27.18 305.340985  -2.445360 11.411
 89     9.860 55341.06942775 25.87 305.340255  -2.442060 11.411
 89     9.757 55341.06942839 24.64 305.339535  -2.438750 11.411
 89     9.019 55341.06942904 24.71 305.338805  -2.435450 11.411
 89     7.711 55341.06942968 24.00 305.338075  -2.432140 11.411
 89     7.160 55341.06943033 24.63 305.337353  -2.428841 17.441
 89     7.564 55341.06943097 23.66 305.336623  -2.425531 17.441
 89     8.880 55341.06943162 22.14 305.335893  -2.422231 17.441
 90     8.579 55376.06941820 44.49 305.342636  -2.451576 28.911
 90     8.364 55376.06941884 31.52 305.341906  -2.448276 28.911
 90     8.149 55376.06941948 27.17 305.341176  -2.444966 28.911
 90     7.828 55376.06942013 25.56 305.340446  -2.441666 28.911
 90     7.522 55376.06942077 24.76 305.339726  -2.438356 28.911
 90     6.958 55376.06942142 25.62 305.338996  -2.435056 28.911
 90     6.388 55376.06942206 24.57 305.338266  -2.431746 28.911
 90     5.658 55376.06942271 25.34 305.337547  -2.428449 22.119
 90     5.859 55376.06942335 24.37 305.336817  -2.425139 22.119
 90     6.744 55376.06942400 23.80 305.336087  -2.421839 22.119
 90     7.424 55376.06942464 23.72 305.335367  -2.418529 22.119
 90     7.758 55376.06942529 24.18 305.334637  -2.415229 22.119
 90     8.014 55376.06942593 24.06 305.333907  -2.411919 22.119
 91     8.912 55411.06944129 28.33 305.342774  -2.450328  8.023
 91     9.487 55411.06944193 24.58 305.342044  -2.447018  8.023
 91     8.723 55411.06944257 24.22 305.341314  -2.443718  8.023
 91     8.371 55411.06944322 24.53 305.340594  -2.440408  8.023
 91     8.564 55411.06944386 24.16 305.339864  -2.437108  8.023
 91     7.852 55411.06944451 24.39 305.339134  -2.433798  8.023
 91     7.622 55411.06944515 24.66 305.338411  -2.430503 15.541
 91     7.163 55411.06944580 25.31 305.337681  -2.427193 15.541
 91     7.441 55411.06944644 24.80 305.336951  -2.423893 15.541
 91     7.085 55411.06944709 24.61 305.336231  -2.420583 15.541
 91     7.440 55411.06944773 24.32 305.335501  -2.417283 15.541
 92     7.197 55446.06943446 27.46 305.342382  -2.450353 11.869
 92     7.356 55446.06943510 24.92 305.341652  -2.447053 11.869
 92     6.346 55446.06943575 21.02 305.340922  -2.443743 11.869
 92     5.908 55446.06943639 20.95 305.340192  -2.440443 11.869
 92     5.598 55446.06943704 19.48 305.339472  -2.437133 11.869
 92     5.580 55446.06943768 19.89 305.338742  -2.433833 11.869
 92     5.687 55446.06943833 19.76 305.338012  -2.430523 11.869
 92     5.659 55446.06943897 20.27 305.337292  -2.427225 13.879
 92     5.132 55446.06943962 20.47 305.336562  -2.423915 13.879
 92     5.352 55446.06944026 21.17 305.335832  -2.420615 13.879
 92     5.363 55446.06944091 21.49 305.335112  -2.417305 13.879
 92     5.333 55446.06944155 22.07 305.334382  -2.414005 13.879
 92     5.393 55446.06944219 22.54 305.333652  -2.410695 13.879
 93     5.346 55481.06936684 35.47 305.343186  -2.451558 14.432
 93     5.281 55481.06936748 21.63 305.342456  -2.448258 14.432
 93     3.228 55481.06936813 19.46 305.341736  -2.444948 14.432
 93     3.378 55481.06936877 17.18 305.341006  -2.441648 14.432
 93     3.096 55481.06936941 17.90 305.340276  -2.438338 14.432
 93     2.785 55481.06937006 18.99 305.339556  -2.435038 14.432
 93     2.559 55481.06937070 19.15 305.338826  -2.431728 14.432
 93     2.770 55481.06937135 19.36 305.338096  -2.428428 14.432
 93     2.611 55481.06937199 20.39 305.337376  -2.425118 14.432
 93     2.636 55481.06937264 20.55 305.336643  -2.421819  9.783
 93     2.718 55481.06937328 20.94 305.335923  -2.418509  9.783
 93     2.746 55481.06937393 20.56 305.335193  -2.415209  9.783
 93     2.978 55481.06937457 20.93 305.334463  -2.411899  9.783
