#    0.000   0.000   0.000 ;Mean Elev.(m), Avg Gradient(m/km), RMS Gradient(m/km) - SRTM1     
#    0.000   0.000   0.000 ;Mean Elev.(m), Avg Gradient(m/km), RMS Gradient(m/km) - ASTER GDEM
#    4.850  -4.043  14.951 ;Mean Elev.(m), Avg Gradient(m/km), RMS Gradient(m/km) - GMTED2010 
  7    14.364 52456.57449115 29.29 302.833485  -2.502270 29.417
  7    13.933 52456.57449179 26.19 302.832765  -2.505570 29.417
  7    13.881 52456.57449243 24.92 302.832035  -2.508880 29.417
  7    14.403 52456.57449308 28.32 302.831305  -2.512180 29.417
  7    14.597 52456.57449372 32.55 302.830585  -2.515490 29.417
  7    14.618 52456.57449437 39.67 302.829855  -2.518790 29.417
  7    14.679 52456.57449566 36.37 302.828395  -2.525400 29.417
  7    14.653 52456.57449630 39.00 302.827675  -2.528710 29.417
  7    14.519 52456.57449695 33.30 302.826945  -2.532010 29.417
  7    14.251 52456.57449759 27.05 302.826215  -2.535320 29.417
  7    13.917 52456.57449824 27.05 302.825492  -2.538625 32.044
 10     8.867 52561.57449336 26.93 302.834509  -2.506546 24.195
 10     8.579 52561.57449401 26.89 302.833779  -2.509856 24.195
 10     8.345 52561.57449465 26.78 302.833059  -2.513156 24.195
 10    10.491 52561.57449530 26.06 302.832329  -2.516466 24.195
 10    10.844 52561.57449594 37.57 302.831599  -2.519766 24.195
 10    11.144 52561.57449659 37.65 302.830879  -2.523076 24.195
 10     8.979 52561.57449723 38.59 302.830149  -2.526376 24.195
 10     8.732 52561.57449788 29.62 302.829419  -2.529686 24.195
 10     8.661 52561.57449852 25.94 302.828692  -2.532990 22.341
 10     8.567 52561.57449917 24.17 302.827962  -2.536300 22.341
 12     9.374 52631.57444557 35.62 302.835094  -2.503842 19.549
 12     9.285 52631.57444622 24.15 302.834364  -2.507152 19.549
 12     9.005 52631.57444686 21.48 302.833634  -2.510452 19.549
 12     9.585 52631.57444750 21.64 302.832904  -2.513762 19.549
 12    10.521 52631.57444815 19.44 302.832184  -2.517062 19.549
 12    10.556 52631.57444879 34.14 302.831454  -2.520372 19.549
 12    11.388 52631.57444944 25.02 302.830726  -2.523676 19.021
 12     9.160 52631.57445008 35.17 302.829996  -2.526986 19.021
 12     9.473 52631.57445073 31.37 302.829276  -2.530286 19.021
 12     9.047 52631.57445137 19.21 302.828546  -2.533596 19.021
 12     9.299 52631.57445202 16.58 302.827816  -2.536896 19.021
 15    12.864 52736.57447859 42.32 302.837227  -2.506253 25.418
 15    12.379 52736.57447923 30.48 302.836497  -2.509563 25.418
 15    12.162 52736.57447988 29.24 302.835767  -2.512863 25.418
 15    12.259 52736.57448052 27.87 302.835047  -2.516173 25.418
 15    12.439 52736.57448117 33.10 302.834317  -2.519473 25.418
 15    12.187 52736.57448181 43.05 302.833587  -2.522783 25.418
 15    12.390 52736.57448246 47.44 302.832857  -2.526083 25.418
 15    12.391 52736.57448310 50.71 302.832137  -2.529393 25.418
 15    12.351 52736.57448375 36.40 302.831407  -2.532693 25.418
 15    12.084 52736.57448439 37.42 302.830677  -2.536003 25.418
 16    13.407 52771.57445202 25.48 302.835936  -2.506931 31.912
 16    13.203 52771.57445267 23.51 302.835216  -2.510231 31.912
 16    13.123 52771.57445331 22.76 302.834486  -2.513541 31.912
 16    13.716 52771.57445396 26.68 302.833756  -2.516841 31.912
 16    13.761 52771.57445460 39.47 302.833036  -2.520151 31.912
 16    13.884 52771.57445525 42.90 302.832306  -2.523451 31.912
 16    13.616 52771.57445589 33.97 302.831576  -2.526761 31.912
 16    13.683 52771.57445654 43.59 302.830846  -2.530061 31.912
 16    13.679 52771.57445718 24.49 302.830126  -2.533371 31.912
 16    13.046 52771.57445783 24.37 302.829396  -2.536671 31.912
 17    14.028 52806.57450168 28.09 302.832520  -2.504237 33.943
 17    13.762 52806.57450232 24.42 302.831790  -2.507547 33.943
 17    13.659 52806.57450297 20.47 302.831060  -2.510847 33.943
 17    14.023 52806.57450361 22.71 302.830330  -2.514157 33.943
 17    14.164 52806.57450426 41.74 302.829610  -2.517457 33.943
 17    14.286 52806.57450555 41.78 302.828150  -2.524067 33.943
 17    14.126 52806.57450619 37.42 302.827420  -2.527377 33.943
 17    14.371 52806.57450684 40.44 302.826700  -2.530677 33.943
 17    14.241 52806.57450748 24.53 302.825970  -2.533987 33.943
 17    13.388 52806.57450813 23.08 302.825240  -2.537289 37.153
 18    13.654 52841.57456125 31.59 302.834872  -2.505032 31.661
 18    13.443 52841.57456189 24.71 302.834142  -2.508342 31.661
 18    13.068 52841.57456253 22.09 302.833422  -2.511642 31.661
 18    13.629 52841.57456318 23.72 302.832692  -2.514952 31.661
 18    13.848 52841.57456382 33.34 302.831962  -2.518252 31.661
 18    13.853 52841.57456447 41.95 302.831232  -2.521562 31.661
 18    13.911 52841.57456511 38.90 302.830512  -2.524862 31.661
 18    13.837 52841.57456576 40.53 302.829782  -2.528172 31.661
 18    13.795 52841.57456640 35.74 302.829052  -2.531472 31.661
 18    13.499 52841.57456705 20.75 302.828332  -2.534782 31.661
 18    13.083 52841.57456769 22.37 302.827602  -2.538082 31.661
 19    12.801 52876.57459953 41.69 302.834058  -2.502512 28.335
 19    12.528 52876.57460018 27.79 302.833328  -2.505812 28.335
 19    12.138 52876.57460082 20.87 302.832598  -2.509122 28.335
 19    12.328 52876.57460147 20.10 302.831878  -2.512422 28.335
 19    12.718 52876.57460211 25.38 302.831148  -2.515732 28.335
 19    12.673 52876.57460275 38.91 302.830418  -2.519032 28.335
 19    12.823 52876.57460340 39.21 302.829698  -2.522342 28.335
 19    12.708 52876.57460404 33.30 302.828968  -2.525642 28.335
 19    12.805 52876.57460469 36.19 302.828238  -2.528952 28.335
 19    12.657 52876.57460533 30.34 302.827508  -2.532252 28.335
 19    12.312 52876.57460598 21.26 302.826788  -2.535562 28.335
 19    12.224 52876.57460662 20.52 302.826058  -2.538862 28.335
 20    11.447 52911.57456279 18.12 302.840802  -2.511398 10.873
 20    10.921 52911.57456343 16.76 302.840082  -2.514708 10.873
 20    10.259 52911.57456408 15.84 302.839352  -2.518008 10.873
 20    10.186 52911.57456472 16.38 302.838622  -2.521318 10.873
 20    10.331 52911.57456537 16.88 302.837892  -2.524618 10.873
 20    10.224 52911.57456601 20.15 302.837172  -2.527928 10.873
 20    10.008 52911.57456666 15.54 302.836442  -2.531228 10.873
 20    10.104 52911.57456730 15.60 302.835712  -2.534538 10.873
 21     9.692 52946.57451528 34.53 302.839097  -2.507872 14.093
 21     7.836 52946.57451593 32.72 302.838367  -2.511182 14.093
 21     7.521 52946.57451657 31.31 302.837647  -2.514482 14.093
 21     7.477 52946.57451722 30.98 302.836917  -2.517792 14.093
 21     7.686 52946.57451786 31.32 302.836187  -2.521092 14.093
 21     7.700 52946.57451851 43.01 302.835457  -2.524402 14.093
 21     7.709 52946.57451915 47.14 302.834737  -2.527702 14.093
 21     7.619 52946.57451980 32.54 302.834007  -2.531012 14.093
 21     7.291 52946.57452044 30.57 302.833277  -2.534312 14.093
 23     8.863 53016.57455070 38.65 302.834027  -2.503602 15.789
 23     9.007 53016.57455134 26.61 302.833297  -2.506912 15.789
 23     8.437 53016.57455199 23.78 302.832567  -2.510222 15.789
 23     9.979 53016.57455263 23.29 302.831837  -2.513522 15.789
 23    10.234 53016.57455328 21.07 302.831117  -2.516832 15.789
 23    10.107 53016.57455392 20.89 302.830387  -2.520132 15.789
 23     8.869 53016.57455457 26.07 302.829657  -2.523442 15.789
 23     8.729 53016.57455521 30.75 302.828937  -2.526742 15.789
 23     8.661 53016.57455586 34.04 302.828207  -2.530052 15.789
 23     8.784 53016.57455650 28.08 302.827477  -2.533352 15.789
 23     8.397 53016.57455715 18.99 302.826757  -2.536662 15.789
 24    11.421 53051.57452918 32.26 302.836586  -2.505915 25.476
 24    10.720 53051.57452983 25.01 302.835856  -2.509215 25.476
 24    10.590 53051.57453047 24.71 302.835126  -2.512525 25.476
 24    10.675 53051.57453111 25.84 302.834406  -2.515825 25.476
 24    10.860 53051.57453176 29.41 302.833676  -2.519135 25.476
 24    10.779 53051.57453240 40.40 302.832946  -2.522435 25.476
 24    10.819 53051.57453305 44.27 302.832216  -2.525745 25.476
 24    10.982 53051.57453369 44.13 302.831496  -2.529045 25.476
 24    10.819 53051.57453434 26.45 302.830766  -2.532355 25.476
 24    10.394 53051.57453498 21.99 302.830036  -2.535655 25.476
 25    12.346 53086.57456444 31.76 302.828235  -2.498056 18.813
 25    11.649 53086.57456509 31.05 302.827515  -2.501366 18.813
 25    11.846 53086.57456573 31.43 302.826785  -2.504666 18.813
 25    11.950 53086.57456638 33.92 302.826055  -2.507976 18.813
 25    11.909 53086.57456702 33.67 302.825335  -2.511276 18.813
 25    11.960 53086.57456960 43.64 302.822425  -2.524496 18.813
 25    11.929 53086.57457025 47.22 302.821695  -2.527806 18.813
 25    13.100 53086.57457089 31.47 302.820965  -2.531106 18.813
 25    12.896 53086.57457153 27.03 302.820245  -2.534416 18.813
 25    11.308 53086.57457218 26.12 302.819515  -2.537716 18.813
 25    11.243 53086.57457282 24.45 302.818785  -2.541026 18.813
 26    13.401 53121.57453481 47.52 302.833610  -2.502515 32.846
 26    13.437 53121.57453546 37.82 302.832880  -2.505825 32.846
 26    13.195 53121.57453610 38.20 302.832150  -2.509125 32.846
 26    13.335 53121.57453675 40.62 302.831420  -2.512435 32.846
 26    13.212 53121.57453739 41.43 302.830700  -2.515735 32.846
 26    13.196 53121.57453803 42.96 302.829970  -2.519045 32.846
 26    13.153 53121.57453868 43.27 302.829240  -2.522345 32.846
 26    13.151 53121.57453932 51.05 302.828520  -2.525655 32.846
 26    13.138 53121.57453997 50.64 302.827790  -2.528955 32.846
 26    13.239 53121.57454061 46.67 302.827060  -2.532265 32.846
 26    13.134 53121.57454126 48.53 302.826330  -2.535565 32.846
 26    13.087 53121.57454190 48.12 302.825610  -2.538875 32.846
 27    13.849 53156.57458963 48.97 302.829249  -2.499984 31.748
 27    13.631 53156.57459027 48.43 302.828519  -2.503294 31.748
 27    13.796 53156.57459092 44.59 302.827789  -2.506594 31.748
 27    13.727 53156.57459156 50.89 302.827059  -2.509904 31.748
 27    13.700 53156.57459221 51.08 302.826339  -2.513204 31.748
 27    13.532 53156.57459478 49.42 302.823429  -2.526424 31.748
 27    13.584 53156.57459543 46.67 302.822699  -2.529734 31.748
 27    13.682 53156.57459607 36.31 302.821969  -2.533034 31.748
 27    13.440 53156.57459672 30.67 302.821249  -2.536344 31.748
 27    13.380 53156.57459736 32.01 302.820519  -2.539644 31.748
 28    13.198 53191.57458334 27.69 302.838613  -2.509769 33.831
 28    12.630 53191.57458399 28.51 302.837893  -2.513079 33.831
 28    12.748 53191.57458463 28.86 302.837163  -2.516379 33.831
 28    13.023 53191.57458527 30.49 302.836433  -2.519689 33.831
 28    13.178 53191.57458592 40.13 302.835703  -2.522989 33.831
 28    13.222 53191.57458656 42.34 302.834983  -2.526299 33.831
 28    13.334 53191.57458721 44.12 302.834253  -2.529599 33.831
 28    13.084 53191.57458785 34.80 302.833523  -2.532909 33.831
 29    10.231 53226.57458632 19.10 302.837653  -2.506566 21.537
 29    10.561 53226.57458697 19.22 302.836923  -2.509866 21.537
 29    10.437 53226.57458761 19.90 302.836203  -2.513176 21.537
 29    11.513 53226.57458826 20.46 302.835473  -2.516476 21.537
 29    12.123 53226.57458890 20.83 302.834743  -2.519786 21.537
 29    12.148 53226.57458955 33.05 302.834023  -2.523086 21.537
 29    12.264 53226.57459019 31.73 302.833293  -2.526396 21.537
 29    12.429 53226.57459084 38.52 302.832563  -2.529696 21.537
 29    12.238 53226.57459148 25.43 302.831843  -2.533006 21.537
 29    11.791 53226.57459213 26.23 302.831113  -2.536306 21.537
 30    10.579 53261.57455928 46.87 302.832196  -2.501881 25.995
 30    10.596 53261.57455993 41.48 302.831476  -2.505191 25.995
 30    10.595 53261.57456057 44.98 302.830746  -2.508501 25.995
 30    10.564 53261.57456121 41.31 302.830016  -2.511801 25.995
 30    10.568 53261.57456186 36.86 302.829296  -2.515111 25.995
 30    10.751 53261.57456250 33.26 302.828566  -2.518411 25.995
 30    10.563 53261.57456379 39.86 302.827116  -2.525021 25.995
 30    10.558 53261.57456444 45.61 302.826386  -2.528331 25.995
 30    10.498 53261.57456508 48.85 302.825656  -2.531631 25.995
 30    10.422 53261.57456573 51.22 302.824936  -2.534941 25.995
 30    10.458 53261.57456637 49.50 302.824206  -2.538241 25.995
 31    11.489 53296.57459240 28.46 302.827394  -2.496931 23.675
 31     9.341 53296.57459305 18.32 302.826664  -2.500231 23.675
 31     9.265 53296.57459369 16.45 302.825934  -2.503541 23.675
 31     9.860 53296.57459434 15.90 302.825214  -2.506841 23.675
 31    10.211 53296.57459498 20.39 302.824484  -2.510151 23.675
 31    10.624 53296.57459821 33.22 302.820844  -2.526671 23.675
 31     8.436 53296.57459885 23.87 302.820124  -2.529981 23.675
 31     7.992 53296.57459949 21.55 302.819394  -2.533281 23.675
 31     8.080 53296.57460014 17.64 302.818664  -2.536591 23.675
 31     8.070 53296.57460078 16.93 302.817937  -2.539894 26.326
 32    11.306 53331.57456635 24.85 302.834701  -2.506650 10.903
 32     6.846 53331.57456700 24.60 302.833981  -2.509950 10.903
 32     5.462 53331.57456764 24.71 302.833251  -2.513260 10.903
 32     5.221 53331.57456829 27.26 302.832521  -2.516560 10.903
 32     6.683 53331.57456893 25.90 302.831801  -2.519870 10.903
 32     6.925 53331.57456958 27.04 302.831071  -2.523170 10.903
 32     7.701 53331.57457022 28.61 302.830341  -2.526480 10.903
 32     7.679 53331.57457087 29.31 302.829611  -2.529780 10.903
 32     7.563 53331.57457151 35.86 302.828891  -2.533090 10.903
 32     7.744 53331.57457216 41.25 302.828161  -2.536390 10.903
 34     9.985 53401.57453948 34.93 302.834423  -2.503664 24.246
 34     9.863 53401.57454012 21.41 302.833693  -2.506974 24.246
 34     9.609 53401.57454077 17.82 302.832973  -2.510274 24.246
 34     9.155 53401.57454141 19.93 302.832243  -2.513584 24.246
 34     9.801 53401.57454206 18.49 302.831513  -2.516884 24.246
 34    10.338 53401.57454270 21.67 302.830793  -2.520194 24.246
 34    10.047 53401.57454335 26.83 302.830063  -2.523494 24.246
 34     9.989 53401.57454399 33.04 302.829333  -2.526804 24.246
 34    10.065 53401.57454464 37.54 302.828603  -2.530104 24.246
 34     9.820 53401.57454528 22.89 302.827883  -2.533414 24.246
 34     9.584 53401.57454593 16.96 302.827153  -2.536714 24.246
 35    12.158 53436.57452913 36.39 302.836494  -2.505211 30.588
 35    11.371 53436.57452977 27.32 302.835764  -2.508521 30.588
 35     9.786 53436.57453042 28.28 302.835044  -2.511821 30.588
 35    11.228 53436.57453106 28.69 302.834314  -2.515131 30.588
 35    11.679 53436.57453171 29.50 302.833584  -2.518431 30.588
 35    11.891 53436.57453235 44.82 302.832864  -2.521741 30.588
 35    12.035 53436.57453300 47.89 302.832134  -2.525041 30.588
 35    12.072 53436.57453364 47.75 302.831404  -2.528351 30.588
 35    11.881 53436.57453429 48.24 302.830674  -2.531651 30.588
 35    12.030 53436.57453493 47.03 302.829954  -2.534961 30.588
 36    13.545 53471.57457900 36.25 302.831973  -2.501781 34.986
 36    13.411 53471.57457965 30.29 302.831253  -2.505081 34.986
 36    13.052 53471.57458029 23.66 302.830523  -2.508391 34.986
 36    13.228 53471.57458094 22.67 302.829793  -2.511691 34.986
 36    13.499 53471.57458158 24.85 302.829063  -2.515001 34.986
 36    13.672 53471.57458222 34.27 302.828343  -2.518301 34.986
 36    13.630 53471.57458351 33.53 302.826883  -2.524911 34.986
 36    13.704 53471.57458416 35.56 302.826153  -2.528221 34.986
 36    13.643 53471.57458480 34.54 302.825433  -2.531521 34.986
 36    13.378 53471.57458545 22.06 302.824703  -2.534831 34.986
 36    12.786 53471.57458609 21.30 302.823976  -2.538135 33.325
 37    14.164 53506.57461165 30.93 302.832420  -2.501846 28.398
 37    13.888 53506.57461230 30.59 302.831700  -2.505156 28.398
 37    13.655 53506.57461294 30.87 302.830970  -2.508456 28.398
 37    13.619 53506.57461359 33.40 302.830240  -2.511766 28.398
 37    14.313 53506.57461423 32.19 302.829520  -2.515066 28.398
 37    14.250 53506.57461487 41.02 302.828790  -2.518376 28.398
 37    14.408 53506.57461616 41.36 302.827340  -2.524986 28.398
 37    14.203 53506.57461681 43.47 302.826610  -2.528286 28.398
 37    14.332 53506.57461745 41.21 302.825880  -2.531596 28.398
 37    13.974 53506.57461810 31.30 302.825150  -2.534896 28.398
 37    13.861 53506.57461874 27.58 302.824430  -2.538206 28.398
 38    13.637 53541.57461737 26.21 302.831905  -2.503853 32.313
 38    13.168 53541.57461802 25.37 302.831185  -2.507153 32.313
 38    13.414 53541.57461866 25.55 302.830455  -2.510463 32.313
 38    13.808 53541.57461931 26.77 302.829725  -2.513763 32.313
 38    14.005 53541.57461995 39.04 302.829005  -2.517073 32.313
 38    14.044 53541.57462124 43.04 302.827545  -2.523683 32.313
 38    13.843 53541.57462188 33.81 302.826815  -2.526983 32.313
 38    14.052 53541.57462253 37.26 302.826095  -2.530293 32.313
 38    13.720 53541.57462317 27.16 302.825365  -2.533593 32.313
 38    13.475 53541.57462382 22.61 302.824635  -2.536903 32.313
 39    12.687 53576.57460685 32.62 302.832740  -2.503817 35.254
 39    12.552 53576.57460749 23.67 302.832010  -2.507117 35.254
 39    12.289 53576.57460814 21.31 302.831280  -2.510427 35.254
 39    12.603 53576.57460878 28.38 302.830560  -2.513727 35.254
 39    12.792 53576.57460943 40.14 302.829830  -2.517037 35.254
 39    12.748 53576.57461072 39.22 302.828380  -2.523647 35.254
 39    12.730 53576.57461136 39.19 302.827650  -2.526947 35.254
 39    12.668 53576.57461201 40.57 302.826920  -2.530257 35.254
 39    12.776 53576.57461265 38.18 302.826190  -2.533557 35.254
 39    12.708 53576.57461329 34.49 302.825470  -2.536867 35.254
 40     9.886 53611.57455824 32.69 302.833026  -2.503025 22.843
 40     9.473 53611.57455888 22.00 302.832296  -2.506325 22.843
 40     9.447 53611.57455953 19.40 302.831566  -2.509635 22.843
 40    10.049 53611.57456017 20.11 302.830846  -2.512935 22.843
 40    10.407 53611.57456082 25.64 302.830116  -2.516245 22.843
 40    10.774 53611.57456146 31.99 302.829386  -2.519545 22.843
 40    10.837 53611.57456211 32.57 302.828666  -2.522855 22.843
 40    10.784 53611.57456275 24.98 302.827936  -2.526155 22.843
 40     9.756 53611.57456340 24.74 302.827206  -2.529465 22.843
 40     9.815 53611.57456404 18.30 302.826486  -2.532765 22.843
 40     9.679 53611.57456469 16.38 302.825756  -2.536075 22.843
 40    10.176 53611.57456533 15.70 302.825026  -2.539375 22.843
 41     9.152 53646.57456302 41.13 302.835345  -2.505017 14.968
 41     9.592 53646.57456366 20.54 302.834615  -2.508327 14.968
 41     8.814 53646.57456431 18.50 302.833895  -2.511627 14.968
 41     9.439 53646.57456495 17.97 302.833165  -2.514937 14.968
 41     9.667 53646.57456559 17.92 302.832435  -2.518237 14.968
 41     9.497 53646.57456624 18.81 302.831705  -2.521547 14.968
 41     9.144 53646.57456688 18.07 302.830985  -2.524847 14.968
 41     8.625 53646.57456753 17.45 302.830255  -2.528157 14.968
 41     8.096 53646.57456817 18.01 302.829525  -2.531457 14.968
 41     7.878 53646.57456882 17.41 302.828795  -2.534767 14.968
 41     8.257 53646.57456946 16.45 302.828075  -2.538067 14.968
 42     6.005 53681.57457888 40.66 302.829790  -2.501939 23.066
 42     5.614 53681.57457953 41.86 302.829060  -2.505239 23.066
 42     5.595 53681.57458017 42.02 302.828330  -2.508549 23.066
 42     5.595 53681.57458081 42.79 302.827610  -2.511849 23.066
 42     5.612 53681.57458146 40.98 302.826880  -2.515159 23.066
 42     5.410 53681.57458339 42.75 302.824700  -2.525069 23.066
 42     5.535 53681.57458404 48.23 302.823970  -2.528379 23.066
 42     5.406 53681.57458468 44.78 302.823240  -2.531679 23.066
 42     5.415 53681.57458533 51.12 302.822520  -2.534989 23.066
 42     5.585 53681.57458597 48.57 302.821790  -2.538289 23.066
 43     9.613 53716.57450736 31.45 302.837501  -2.508052 20.226
 43     8.615 53716.57450801 17.66 302.836771  -2.511362 20.226
 43     7.524 53716.57450865 18.68 302.836051  -2.514662 20.226
 43     7.762 53716.57450930 19.66 302.835321  -2.517972 20.226
 43     7.944 53716.57450994 22.99 302.834591  -2.521272 20.226
 43     7.808 53716.57451059 40.82 302.833871  -2.524582 20.226
 43     8.265 53716.57451123 46.61 302.833141  -2.527882 20.226
 43     8.011 53716.57451187 34.93 302.832411  -2.531192 20.226
 43     7.857 53716.57451252 25.73 302.831681  -2.534502 20.226
 44    10.495 53751.57442592 46.89 302.839543  -2.508840 33.854
 44    10.545 53751.57442657 50.35 302.838823  -2.512140 33.854
 44    10.395 53751.57442721 47.73 302.838093  -2.515450 33.854
 44    10.530 53751.57442786 38.97 302.837363  -2.518750 33.854
 44    10.490 53751.57442850 35.49 302.836633  -2.522060 33.854
 44    10.454 53751.57442915 48.91 302.835913  -2.525360 33.854
 44    10.422 53751.57442979 48.26 302.835183  -2.528670 33.854
 44    10.523 53751.57443044 46.08 302.834453  -2.531970 33.854
 44    10.500 53751.57443108 47.14 302.833723  -2.535280 33.854
 45    12.344 53786.57445608 38.33 302.838007  -2.508337 32.731
 45    12.381 53786.57445672 37.22 302.837287  -2.511637 32.731
 45    12.236 53786.57445737 36.62 302.836557  -2.514947 32.731
 45    12.268 53786.57445801 36.97 302.835827  -2.518247 32.731
 45    12.517 53786.57445866 42.76 302.835107  -2.521557 32.731
 45    12.417 53786.57445930 51.89 302.834377  -2.524857 32.731
 45    12.449 53786.57445994 49.42 302.833647  -2.528167 32.731
 45    12.552 53786.57446059 35.08 302.832917  -2.531467 32.731
 45    12.059 53786.57446123 27.23 302.832197  -2.534777 32.731
 46    13.432 53821.57441189 26.14 302.837351  -2.509039 28.022
 46    12.982 53821.57441254 23.21 302.836621  -2.512349 28.022
 46    13.115 53821.57441318 21.74 302.835891  -2.515649 28.022
 46    13.627 53821.57441383 26.54 302.835171  -2.518959 28.022
 46    13.743 53821.57441447 36.85 302.834441  -2.522259 28.022
 46    13.810 53821.57441512 35.08 302.833711  -2.525569 28.022
 46    13.664 53821.57441576 45.05 302.832991  -2.528869 28.022
 46    13.726 53821.57441641 30.43 302.832261  -2.532179 28.022
 46    13.297 53821.57441705 24.01 302.831531  -2.535479 28.022
 47    14.364 53856.57449960 32.52 302.831403  -2.500815 23.752
 47    14.199 53856.57450025 25.98 302.830673  -2.504125 23.752
 47    13.860 53856.57450089 24.70 302.829943  -2.507425 23.752
 47    13.996 53856.57450154 22.60 302.829223  -2.510735 23.752
 47    14.120 53856.57450218 24.98 302.828493  -2.514035 23.752
 47    14.348 53856.57450283 31.93 302.827763  -2.517345 23.752
 47    14.569 53856.57450412 40.14 302.826313  -2.523955 23.752
 47    14.375 53856.57450476 39.12 302.825583  -2.527255 23.752
 47    14.556 53856.57450541 40.86 302.824853  -2.530565 23.752
 47    14.266 53856.57450605 27.67 302.824133  -2.533865 23.752
 47    13.843 53856.57450669 28.75 302.823403  -2.537175 23.752
 47    13.454 53856.57450734 31.12 302.822673  -2.540475 23.752
 48    14.932 53891.57451320 40.20 302.838741  -2.510276 37.788
 48    14.952 53891.57451384 41.23 302.838011  -2.513576 37.788
 48    15.041 53891.57451449 47.71 302.837291  -2.516886 37.788
 48    15.083 53891.57451513 51.06 302.836561  -2.520186 37.788
 48    15.171 53891.57451578 49.83 302.835831  -2.523496 37.788
 48    15.246 53891.57451642 47.87 302.835101  -2.526796 37.788
 48    15.187 53891.57451707 49.93 302.834381  -2.530106 37.788
 48    15.168 53891.57451771 45.75 302.833651  -2.533406 37.788
 49    14.035 53926.57457284 27.59 302.826036  -2.497225 20.395
 49    13.805 53926.57457349 24.14 302.825306  -2.500525 20.395
 49    13.807 53926.57457413 21.97 302.824576  -2.503835 20.395
 49    14.268 53926.57457478 20.31 302.823846  -2.507135 20.395
 49    14.437 53926.57457542 27.30 302.823126  -2.510445 20.395
 49    14.366 53926.57457865 44.38 302.819486  -2.526965 20.395
 49    14.400 53926.57457929 43.96 302.818766  -2.530275 20.395
 49    14.290 53926.57457994 30.25 302.818036  -2.533575 20.395
 49    14.085 53926.57458058 23.09 302.817306  -2.536885 20.395
 49    13.729 53926.57458123 22.34 302.816576  -2.540185 20.395
 49    13.606 53926.57458187 22.41 302.815856  -2.543495 20.395
 50    12.414 53961.57455947 30.47 302.828827  -2.501309 27.093
 50    12.311 53961.57456012 30.53 302.828097  -2.504609 27.093
 50    12.116 53961.57456076 30.38 302.827367  -2.507919 27.093
 50    12.271 53961.57456141 29.70 302.826637  -2.511219 27.093
 50    12.531 53961.57456205 42.55 302.825917  -2.514529 27.093
 50    12.576 53961.57456399 44.66 302.823737  -2.524439 27.093
 50    12.624 53961.57456463 43.97 302.823007  -2.527749 27.093
 50    12.676 53961.57456528 39.44 302.822277  -2.531049 27.093
 50    12.313 53961.57456592 25.43 302.821557  -2.534359 27.093
 50    11.497 53961.57456657 23.92 302.820827  -2.537659 27.093
 50    11.804 53961.57456721 20.64 302.820097  -2.540969 27.093
 51     9.914 53996.57450166 24.77 302.836364  -2.507870 18.064
 51     9.246 53996.57450231 22.91 302.835634  -2.511180 18.064
 51     9.415 53996.57450295 21.30 302.834904  -2.514480 18.064
 51     9.940 53996.57450359 21.96 302.834174  -2.517790 18.064
 51    10.555 53996.57450424 24.48 302.833454  -2.521090 18.064
 51    10.341 53996.57450488 23.16 302.832724  -2.524400 18.064
 51     9.296 53996.57450553 27.47 302.831994  -2.527700 18.064
 51     9.487 53996.57450617 21.45 302.831264  -2.531010 18.064
 51     9.247 53996.57450682 19.02 302.830544  -2.534310 18.064
 52     9.747 54031.57455475 27.26 302.836695  -2.506106 16.680
 52     9.455 54031.57455539 20.53 302.835965  -2.509416 16.680
 52     9.351 54031.57455604 15.95 302.835245  -2.512716 16.680
 52     9.164 54031.57455668 15.59 302.834515  -2.516026 16.680
 52     9.119 54031.57455733 15.11 302.833785  -2.519326 16.680
 52     9.078 54031.57455797 14.14 302.833055  -2.522636 16.680
 52     8.728 54031.57455862 12.90 302.832335  -2.525936 16.680
 52     8.190 54031.57455926 13.85 302.831605  -2.529246 16.680
 52     7.841 54031.57455991 13.71 302.830875  -2.532546 16.680
 52     8.878 54031.57456055 14.15 302.830145  -2.535856 16.680
 53     9.398 54066.57454903 26.90 302.836528  -2.507519 19.445
 53     9.132 54066.57454967 15.55 302.835798  -2.510819 19.445
 53     8.928 54066.57455032 14.59 302.835078  -2.514129 19.445
 53     7.383 54066.57455096 16.50 302.834348  -2.517429 19.445
 53     7.405 54066.57455161 18.63 302.833618  -2.520739 19.445
 53     7.436 54066.57455225 28.39 302.832898  -2.524039 19.445
 53     7.371 54066.57455290 38.79 302.832168  -2.527349 19.445
 53     7.244 54066.57455354 34.52 302.831438  -2.530649 19.445
 53     7.150 54066.57455419 18.14 302.830718  -2.533959 19.445
 53     7.864 54066.57455483 15.71 302.829988  -2.537259 19.445
 54     9.771 54101.57450974 40.48 302.834938  -2.503949 26.312
 54     9.944 54101.57451038 33.82 302.834208  -2.507249 26.312
 54     9.497 54101.57451103 31.68 302.833478  -2.510559 26.312
 54     9.349 54101.57451167 32.15 302.832748  -2.513859 26.312
 54     9.311 54101.57451232 30.65 302.832028  -2.517169 26.312
 54     9.346 54101.57451296 31.49 302.831298  -2.520469 26.312
 54     9.476 54101.57451361 45.61 302.830568  -2.523779 26.312
 54     9.685 54101.57451425 50.12 302.829848  -2.527079 26.312
 54     9.603 54101.57451489 46.54 302.829118  -2.530389 26.312
 54     9.601 54101.57451554 51.94 302.828388  -2.533689 26.312
 54     9.531 54101.57451618 51.84 302.827668  -2.536999 26.312
 55    11.376 54136.57447530 33.32 302.834581  -2.504085 25.488
 55    11.049 54136.57447595 21.98 302.833861  -2.507385 25.488
 55    10.664 54136.57447659 21.34 302.833131  -2.510695 25.488
 55    10.708 54136.57447724 25.17 302.832401  -2.513995 25.488
 55    11.171 54136.57447788 28.15 302.831671  -2.517305 25.488
 55    11.465 54136.57447853 40.11 302.830951  -2.520605 25.488
 55    11.425 54136.57447917 46.09 302.830221  -2.523915 25.488
 55    11.131 54136.57447982 41.33 302.829491  -2.527215 25.488
 55    11.292 54136.57448046 39.58 302.828771  -2.530525 25.488
 55    10.926 54136.57448111 19.79 302.828041  -2.533825 25.488
 55    10.249 54136.57448175 19.36 302.827311  -2.537135 25.488
 56    12.497 54171.57448679 24.67 302.833942  -2.504855 16.432
 56    12.123 54171.57448744 22.13 302.833212  -2.508155 16.432
 56    12.106 54171.57448808 22.58 302.832482  -2.511465 16.432
 56    12.797 54171.57448873 23.72 302.831752  -2.514765 16.432
 56    13.031 54171.57448937 34.37 302.831032  -2.518075 16.432
 56    12.826 54171.57449066 41.66 302.829572  -2.524685 16.432
 56    12.240 54171.57449131 45.46 302.828852  -2.527985 16.432
 56    12.187 54171.57449195 29.75 302.828122  -2.531295 16.432
 56    11.423 54171.57449260 20.02 302.827392  -2.534595 16.432
 56    11.396 54171.57449324 18.61 302.826672  -2.537905 16.432
 57    13.296 54206.57448054 28.36 302.833340  -2.505250 31.646
 57    12.451 54206.57448119 25.70 302.832610  -2.508560 31.646
 57    12.481 54206.57448183 23.07 302.831880  -2.511860 31.646
 57    12.834 54206.57448247 24.91 302.831150  -2.515170 31.646
 57    13.037 54206.57448312 34.82 302.830430  -2.518470 31.646
 57    13.171 54206.57448441 40.14 302.828970  -2.525080 31.646
 57    13.082 54206.57448505 42.86 302.828240  -2.528390 31.646
 57    13.303 54206.57448570 35.21 302.827520  -2.531690 31.646
 57    12.844 54206.57448634 21.54 302.826790  -2.535000 31.646
 57    12.353 54206.57448699 20.99 302.826061  -2.538305 30.452
 58    14.042 54241.57451301 39.49 302.835504  -2.504507 31.296
 58    13.904 54241.57451365 36.96 302.834774  -2.507807 31.296
 58    13.733 54241.57451430 34.53 302.834044  -2.511117 31.296
 58    13.638 54241.57451494 31.29 302.833314  -2.514417 31.296
 58    13.918 54241.57451559 29.30 302.832594  -2.517727 31.296
 58    14.061 54241.57451623 39.09 302.831864  -2.521027 31.296
 58    14.010 54241.57451688 43.19 302.831134  -2.524337 31.296
 58    14.087 54241.57451752 46.18 302.830414  -2.527637 31.296
 58    14.197 54241.57451817 44.03 302.829684  -2.530947 31.296
 58    13.919 54241.57451881 38.16 302.828954  -2.534247 31.296
 58    13.771 54241.57451946 29.23 302.828234  -2.537557 31.296
 59    14.277 54276.57452812 36.62 302.835292  -2.503953 29.066
 59    14.396 54276.57452876 38.50 302.834562  -2.507263 29.066
 59    14.362 54276.57452940 40.93 302.833842  -2.510563 29.066
 59    14.440 54276.57453005 44.77 302.833112  -2.513873 29.066
 59    14.274 54276.57453069 46.04 302.832382  -2.517173 29.066
 59    14.399 54276.57453134 48.21 302.831662  -2.520483 29.066
 59    14.281 54276.57453198 48.22 302.830932  -2.523783 29.066
 59    14.314 54276.57453263 51.52 302.830202  -2.527093 29.066
 59    14.408 54276.57453327 50.27 302.829472  -2.530393 29.066
 59    14.325 54276.57453392 53.15 302.828752  -2.533703 29.066
 59    14.267 54276.57453456 47.63 302.828022  -2.537003 29.066
 61    11.469 54346.57450252 41.89 302.835990  -2.504792 29.219
 61    11.267 54346.57450317 34.40 302.835260  -2.508092 29.219
 61    11.288 54346.57450381 35.86 302.834530  -2.511402 29.219
 61    11.310 54346.57450446 34.86 302.833810  -2.514702 29.219
 61    11.417 54346.57450510 37.80 302.833080  -2.518012 29.219
 61    11.445 54346.57450575 47.84 302.832350  -2.521312 29.219
 61    11.305 54346.57450639 50.62 302.831630  -2.524622 29.219
 61    11.445 54346.57450704 47.37 302.830900  -2.527922 29.219
 61    11.339 54346.57450768 41.36 302.830170  -2.531232 29.219
 61    11.291 54346.57450832 44.18 302.829440  -2.534532 29.219
 61    11.333 54346.57450897 43.94 302.828720  -2.537842 29.219
 62     9.931 54381.57446640 24.61 302.834850  -2.506167 20.093
 62     9.677 54381.57446705 18.13 302.834120  -2.509467 20.093
 62     9.690 54381.57446769 19.36 302.833390  -2.512777 20.093
 62    10.064 54381.57446834 18.92 302.832670  -2.516077 20.093
 62    10.473 54381.57446898 30.21 302.831940  -2.519387 20.093
 62    10.749 54381.57446963 32.04 302.831210  -2.522687 20.093
 62    10.476 54381.57447027 21.93 302.830480  -2.525997 20.093
 62     9.669 54381.57447092 21.91 302.829760  -2.529297 20.093
 62     9.558 54381.57447156 17.91 302.829030  -2.532607 20.093
 62     9.646 54381.57447220 17.82 302.828300  -2.535907 20.093
 63     9.563 54416.57445177 35.16 302.834863  -2.504231 17.321
 63     9.667 54416.57445241 15.78 302.834143  -2.507541 17.321
 63     9.145 54416.57445306 14.80 302.833413  -2.510841 17.321
 63     9.377 54416.57445370 15.32 302.832683  -2.514151 17.321
 63     9.609 54416.57445435 15.14 302.831963  -2.517451 17.321
 63     9.443 54416.57445499 17.27 302.831233  -2.520761 17.321
 63     6.991 54416.57445563 23.19 302.830503  -2.524061 17.321
 63     7.129 54416.57445628 33.69 302.829783  -2.527371 17.321
 63     7.299 54416.57445692 25.74 302.829053  -2.530671 17.321
 63     7.198 54416.57445757 17.52 302.828323  -2.533981 17.321
 63     8.910 54416.57445821 15.40 302.827593  -2.537281 17.321
 64     9.187 54451.57443475 37.34 302.834749  -2.503748 18.018
 64     8.864 54451.57443539 27.63 302.834019  -2.507048 18.018
 64     8.596 54451.57443604 22.54 302.833289  -2.510358 18.018
 64     8.630 54451.57443668 19.68 302.832569  -2.513658 18.018
 64     8.906 54451.57443733 19.24 302.831839  -2.516968 18.018
 64     8.804 54451.57443797 21.82 302.831109  -2.520268 18.018
 64     8.807 54451.57443862 28.14 302.830379  -2.523578 18.018
 64     8.836 54451.57443926 38.96 302.829659  -2.526878 18.018
 64     8.558 54451.57443991 37.09 302.828929  -2.530188 18.018
 64     8.681 54451.57444055 24.52 302.828199  -2.533488 18.018
 64     8.607 54451.57444119 19.77 302.827469  -2.536798 18.018
 65    11.210 54486.57444900 41.83 302.835829  -2.507672 23.720
 65    11.132 54486.57444965 42.03 302.835099  -2.510972 23.720
 65    11.079 54486.57445029 39.04 302.834369  -2.514282 23.720
 65    11.153 54486.57445094 30.75 302.833649  -2.517582 23.720
 65    10.998 54486.57445158 32.80 302.832919  -2.520892 23.720
 65    10.901 54486.57445223 41.90 302.832189  -2.524192 23.720
 65    11.073 54486.57445287 45.77 302.831469  -2.527502 23.720
 65    11.127 54486.57445352 31.83 302.830739  -2.530802 23.720
 65    10.568 54486.57445416 23.54 302.830009  -2.534112 23.720
 65    10.094 54486.57445481 22.64 302.829279  -2.537412 23.720
 66    12.856 54521.57444843 46.63 302.835773  -2.505724 35.130
 66    12.723 54521.57444907 47.94 302.835043  -2.509024 35.130
 66    12.675 54521.57444972 40.53 302.834323  -2.512334 35.130
 66    12.556 54521.57445036 33.84 302.833593  -2.515634 35.130
 66    12.413 54521.57445101 33.32 302.832863  -2.518944 35.130
 66    12.705 54521.57445165 45.90 302.832143  -2.522244 35.130
 66    12.651 54521.57445230 33.76 302.831413  -2.525554 35.130
 66    12.689 54521.57445294 46.92 302.830683  -2.528854 35.130
 66    12.532 54521.57445359 34.15 302.829953  -2.532164 35.130
 66    12.255 54521.57445423 24.40 302.829233  -2.535464 35.130
 67    13.967 54556.57445833 49.64 302.835244  -2.503471 28.013
 67    13.853 54556.57445898 46.10 302.834514  -2.506781 28.013
 67    13.978 54556.57445962 46.04 302.833794  -2.510081 28.013
 67    13.830 54556.57446027 45.07 302.833064  -2.513391 28.013
 67    13.886 54556.57446091 37.72 302.832334  -2.516691 28.013
 67    13.933 54556.57446156 37.00 302.831614  -2.520001 28.013
 67    13.964 54556.57446220 42.27 302.830884  -2.523301 28.013
 67    13.973 54556.57446284 42.20 302.830154  -2.526611 28.013
 67    13.951 54556.57446349 45.47 302.829424  -2.529921 28.013
 67    13.743 54556.57446413 30.16 302.828704  -2.533221 28.013
 67    13.866 54556.57446478 30.43 302.827974  -2.536521 28.013
 68    14.492 54591.57444355 29.59 302.834797  -2.502954 26.588
 68    14.089 54591.57444419 25.29 302.834067  -2.506264 26.588
 68    13.826 54591.57444484 25.25 302.833337  -2.509564 26.588
 68    14.096 54591.57444548 25.33 302.832607  -2.512874 26.588
 68    14.431 54591.57444613 27.01 302.831887  -2.516174 26.588
 68    14.543 54591.57444677 35.02 302.831157  -2.519484 26.588
 68    14.846 54591.57444742 37.43 302.830427  -2.522784 26.588
 68    14.515 54591.57444806 36.55 302.829707  -2.526094 26.588
 68    14.483 54591.57444871 41.23 302.828977  -2.529394 26.588
 68    14.720 54591.57444935 33.48 302.828247  -2.532704 26.588
 68    14.127 54591.57445000 26.84 302.827522  -2.536007 34.007
 69    14.929 54626.57445990 40.11 302.834995  -2.503066 28.725
 69    14.703 54626.57446054 36.79 302.834265  -2.506376 28.725
 69    14.644 54626.57446119 36.11 302.833535  -2.509676 28.725
 69    14.482 54626.57446183 36.38 302.832815  -2.512986 28.725
 69    14.279 54626.57446248 38.04 302.832085  -2.516286 28.725
 69    14.872 54626.57446312 37.83 302.831355  -2.519596 28.725
 69    14.962 54626.57446376 43.37 302.830625  -2.522896 28.725
 69    14.792 54626.57446441 50.27 302.829905  -2.526206 28.725
 69    14.903 54626.57446505 49.79 302.829175  -2.529506 28.725
 69    14.866 54626.57446570 52.05 302.828445  -2.532816 28.725
 69    14.819 54626.57446634 50.88 302.827723  -2.536119 49.541
 70    14.055 54661.57446789 24.92 302.832694  -2.504853 23.346
 70    13.510 54661.57446854 23.04 302.831964  -2.508163 23.346
 70    13.633 54661.57446918 20.99 302.831244  -2.511463 23.346
 70    13.910 54661.57446982 21.16 302.830514  -2.514773 23.346
 70    14.385 54661.57447047 25.61 302.829784  -2.518073 23.346
 70    14.691 54661.57447176 42.35 302.828334  -2.524683 23.346
 70    14.460 54661.57447240 31.69 302.827604  -2.527993 23.346
 70    14.517 54661.57447305 34.30 302.826874  -2.531293 23.346
 70    14.073 54661.57447369 21.82 302.826154  -2.534603 23.346
 70    13.481 54661.57447434 23.15 302.825424  -2.537903 23.346
 71    12.792 54696.57444412 41.88 302.836278  -2.504804 28.127
 71    12.532 54696.57444476 31.15 302.835548  -2.508104 28.127
 71    11.845 54696.57444541 33.25 302.834818  -2.511414 28.127
 71    12.248 54696.57444605 28.73 302.834098  -2.514714 28.127
 71    12.645 54696.57444670 34.09 302.833368  -2.518024 28.127
 71    12.706 54696.57444734 48.62 302.832638  -2.521324 28.127
 71    12.826 54696.57444799 48.58 302.831918  -2.524634 28.127
 71    12.852 54696.57444863 46.14 302.831188  -2.527934 28.127
 71    12.788 54696.57444928 34.65 302.830458  -2.531244 28.127
 71    12.279 54696.57444992 27.66 302.829728  -2.534544 28.127
 72     9.485 54731.57442404 43.99 302.834724  -2.504725 21.346
 72     9.208 54731.57442469 36.87 302.833994  -2.508025 21.346
 72     9.355 54731.57442533 34.07 302.833264  -2.511335 21.346
 72     9.271 54731.57442598 32.96 302.832544  -2.514635 21.346
 72     9.446 54731.57442662 34.23 302.831814  -2.517945 21.346
 72    10.582 54731.57442727 39.98 302.831084  -2.521245 21.346
 72     9.319 54731.57442791 45.53 302.830364  -2.524555 21.346
 72     9.457 54731.57442856 48.59 302.829634  -2.527855 21.346
 72     9.250 54731.57442920 47.34 302.828904  -2.531165 21.346
 72     9.347 54731.57442985 47.26 302.828177  -2.534467 19.270
 72     9.128 54731.57443049 45.20 302.827447  -2.537777 19.270
 73     9.962 54766.57442402 23.01 302.834750  -2.506204 21.214
 73     9.588 54766.57442466 15.52 302.834030  -2.509504 21.214
 73     9.216 54766.57442531 16.13 302.833300  -2.512814 21.214
 73     9.643 54766.57442595 16.12 302.832570  -2.516114 21.214
 73     9.719 54766.57442660 17.03 302.831850  -2.519424 21.214
 73     9.627 54766.57442724 20.68 302.831120  -2.522724 21.214
 73     7.254 54766.57442789 32.08 302.830390  -2.526034 21.214
 73     7.279 54766.57442853 37.37 302.829660  -2.529334 21.214
 73     7.501 54766.57442918 25.05 302.828940  -2.532644 21.214
 73     7.272 54766.57442982 21.53 302.828210  -2.535944 21.214
 74     9.791 54801.57441787 19.99 302.833442  -2.505302 19.778
 74     9.556 54801.57441852 16.44 302.832712  -2.508602 19.778
 74     9.431 54801.57441916 17.68 302.831982  -2.511912 19.778
 74     9.730 54801.57441981 19.43 302.831262  -2.515212 19.778
 74     9.754 54801.57442045 25.52 302.830532  -2.518522 19.778
 74     7.934 54801.57442174 26.27 302.829072  -2.525132 19.778
 74     8.075 54801.57442239 37.47 302.828352  -2.528432 19.778
 74     8.271 54801.57442303 29.53 302.827622  -2.531742 19.778
 74     8.001 54801.57442368 21.18 302.826893  -2.535046 18.727
 74     7.919 54801.57442432 18.22 302.826163  -2.538356 18.727
 75    10.226 54836.57441549 34.98 302.834838  -2.504917 16.023
 75     9.749 54836.57441614 22.27 302.834118  -2.508217 16.023
 75     9.652 54836.57441678 20.85 302.833388  -2.511527 16.023
 75     9.838 54836.57441743 20.22 302.832658  -2.514827 16.023
 75    10.403 54836.57441807 19.60 302.831938  -2.518137 16.023
 75    10.460 54836.57441872 32.17 302.831208  -2.521437 16.023
 75    10.514 54836.57441936 24.01 302.830478  -2.524747 16.023
 75    10.172 54836.57442001 37.30 302.829748  -2.528047 16.023
 75    10.361 54836.57442065 28.06 302.829028  -2.531357 16.023
 75     9.748 54836.57442129 21.73 302.828298  -2.534657 16.023
 75     9.668 54836.57442194 23.72 302.827568  -2.537967 16.023
 76    12.405 54871.57442048 44.28 302.830003  -2.525151 20.253
 76    12.924 54871.57442112 41.89 302.829276  -2.528453 30.586
 76    12.987 54871.57442177 31.35 302.828546  -2.531763 30.586
 76    11.799 54871.57442241 24.93 302.827826  -2.535063 30.586
 76    11.373 54871.57442306 23.75 302.827096  -2.538373 30.586
 77    13.401 54906.57442362 25.15 302.833095  -2.504908 29.819
 77    13.013 54906.57442427 22.78 302.832375  -2.508208 29.819
 77    13.649 54906.57442491 21.54 302.831645  -2.511518 29.819
 77    13.944 54906.57442556 26.80 302.830915  -2.514818 29.819
 77    14.045 54906.57442620 40.94 302.830195  -2.518128 29.819
 77    14.197 54906.57442749 37.18 302.828735  -2.524738 29.819
 77    14.087 54906.57442814 42.26 302.828005  -2.528038 29.819
 77    14.246 54906.57442878 45.12 302.827285  -2.531348 29.819
 77    13.788 54906.57442943 24.65 302.826555  -2.534648 29.819
 77    13.265 54906.57443007 21.21 302.825825  -2.537958 29.819
 78    14.947 54941.57440802 32.16 302.834044  -2.504283 27.120
 78    14.793 54941.57440866 27.51 302.833314  -2.507593 27.120
 78    14.347 54941.57440931 23.79 302.832594  -2.510893 27.120
 78    14.410 54941.57440995 23.56 302.831864  -2.514203 27.120
 78    15.110 54941.57441060 25.10 302.831134  -2.517503 27.120
 78    15.175 54941.57441124 40.27 302.830414  -2.520813 27.120
 78    15.811 54941.57441188 41.03 302.829684  -2.524113 27.120
 78    15.504 54941.57441253 29.56 302.828954  -2.527423 27.120
 78    15.058 54941.57441317 30.03 302.828227  -2.530728 30.173
 78    14.852 54941.57441382 27.84 302.827497  -2.534038 30.173
 78    14.475 54941.57441446 29.80 302.826777  -2.537338 30.173
 79    15.410 54976.57443660 30.26 302.834136  -2.503303 25.010
 79    15.098 54976.57443724 26.17 302.833406  -2.506613 25.010
 79    14.754 54976.57443789 26.60 302.832676  -2.509913 25.010
 79    14.569 54976.57443853 26.04 302.831956  -2.513223 25.010
 79    15.230 54976.57443918 24.93 302.831226  -2.516523 25.010
 79    15.644 54976.57443982 28.35 302.830496  -2.519833 25.010
 79    15.569 54976.57444047 39.12 302.829766  -2.523133 25.010
 79    15.801 54976.57444111 30.82 302.829046  -2.526443 25.010
 79    15.651 54976.57444176 31.04 302.828316  -2.529743 25.010
 79    15.431 54976.57444240 25.43 302.827586  -2.533053 25.010
 79    14.687 54976.57444305 28.58 302.826862  -2.536355 26.052
 80    15.444 55011.57444625 31.87 302.834240  -2.504461 21.480
 80    15.154 55011.57444689 27.10 302.833520  -2.507761 21.480
 80    14.643 55011.57444754 26.39 302.832790  -2.511071 21.480
 80    14.899 55011.57444818 25.90 302.832060  -2.514371 21.480
 80    15.499 55011.57444882 27.18 302.831340  -2.517681 21.480
 80    15.601 55011.57444947 31.06 302.830610  -2.520981 21.480
 80    15.657 55011.57445011 35.89 302.829880  -2.524291 21.480
 80    15.604 55011.57445076 36.03 302.829150  -2.527591 21.480
 80    15.577 55011.57445140 32.73 302.828430  -2.530901 21.480
 80    15.495 55011.57445205 30.81 302.827700  -2.534201 21.480
 80    15.065 55011.57445269 28.90 302.826970  -2.537511 21.480
 81    14.906 55046.57443743 35.84 302.835393  -2.504602 28.394
 81    14.591 55046.57443807 27.03 302.834673  -2.507902 28.394
 81    14.007 55046.57443872 23.79 302.833943  -2.511212 28.394
 81    13.654 55046.57443936 21.68 302.833213  -2.514512 28.394
 81    14.554 55046.57444001 21.80 302.832483  -2.517822 28.394
 81    14.838 55046.57444065 25.68 302.831763  -2.521122 28.394
 81    14.915 55046.57444130 32.90 302.831033  -2.524432 28.394
 81    14.788 55046.57444194 31.99 302.830303  -2.527732 28.394
 81    14.929 55046.57444259 35.41 302.829583  -2.531042 28.394
 81    14.485 55046.57444323 21.35 302.828853  -2.534342 28.394
 81    14.066 55046.57444388 22.63 302.828123  -2.537652 28.394
 82    12.980 55081.57441060 28.68 302.835429  -2.505018 21.524
 82    12.448 55081.57441125 20.55 302.834699  -2.508318 21.524
 82    11.738 55081.57441189 24.06 302.833969  -2.511628 21.524
 82    11.784 55081.57441254 24.50 302.833249  -2.514928 21.524
 82    12.661 55081.57441318 20.93 302.832519  -2.518238 21.524
 82    12.838 55081.57441383 24.84 302.831789  -2.521538 21.524
 82    12.794 55081.57441447 29.17 302.831069  -2.524848 21.524
 82    12.921 55081.57441512 33.04 302.830339  -2.528148 21.524
 82    13.177 55081.57441576 27.17 302.829609  -2.531458 21.524
 82    12.616 55081.57441641 19.94 302.828879  -2.534758 21.524
 82    12.190 55081.57441705 19.50 302.828159  -2.538068 21.524
 83    10.258 55116.57436995 39.31 302.835497  -2.503753 24.637
 83     8.335 55116.57437060 32.47 302.834767  -2.507063 24.637
 83     8.598 55116.57437124 34.16 302.834037  -2.510363 24.637
 83     8.611 55116.57437189 36.16 302.833307  -2.513673 24.637
 83     8.585 55116.57437253 39.21 302.832587  -2.516973 24.637
 83    10.683 55116.57437318 35.68 302.831857  -2.520283 24.637
 83    10.453 55116.57437382 29.46 302.831127  -2.523583 24.637
 83     8.447 55116.57437447 42.78 302.830407  -2.526893 24.637
 83     9.279 55116.57437511 30.78 302.829677  -2.530193 24.637
 83     9.284 55116.57437576 22.59 302.828947  -2.533503 24.637
 83     8.407 55116.57437640 21.13 302.828220  -2.536805 14.094
 84     7.356 55151.57436826 36.04 302.833902  -2.504705 17.000
 84     7.246 55151.57436891 30.07 302.833182  -2.508005 17.000
 84     6.399 55151.57436955 29.25 302.832452  -2.511315 17.000
 84     6.145 55151.57437020 26.05 302.831722  -2.514615 17.000
 84     6.060 55151.57437084 23.87 302.831002  -2.517925 17.000
 84     9.260 55151.57437149 22.48 302.830272  -2.521225 17.000
 84     8.699 55151.57437213 21.68 302.829542  -2.524535 17.000
 84     6.751 55151.57437278 22.70 302.828812  -2.527835 17.000
 84     6.776 55151.57437342 22.30 302.828092  -2.531145 17.000
 84     6.850 55151.57437407 19.05 302.827362  -2.534445 17.000
 84     6.598 55151.57437471 18.67 302.826632  -2.537755 17.000
 85    10.441 55186.57435563 25.77 302.834178  -2.503589 12.672
 85    10.155 55186.57435627 19.51 302.833448  -2.506889 12.672
 85     9.709 55186.57435692 16.64 302.832728  -2.510199 12.672
 85     9.729 55186.57435756 17.41 302.831998  -2.513499 12.672
 85    10.066 55186.57435820 17.95 302.831268  -2.516809 12.672
 85     9.886 55186.57435885 18.44 302.830538  -2.520109 12.672
 85     9.396 55186.57435949 16.03 302.829818  -2.523419 12.672
 85     8.420 55186.57436014 17.15 302.829088  -2.526719 12.672
 85     8.099 55186.57436078 16.62 302.828358  -2.530029 12.672
 85     8.027 55186.57436143 14.70 302.827631  -2.533332 17.276
 85     8.013 55186.57436207 15.03 302.826901  -2.536642 17.276
 86     9.857 55221.57436714 30.22 302.833930  -2.505544 23.023
 86     9.791 55221.57436778 26.01 302.833200  -2.508854 23.023
 86     9.756 55221.57436843 23.16 302.832470  -2.512154 23.023
 86     9.589 55221.57436907 22.17 302.831750  -2.515464 23.023
 86     9.894 55221.57436972 24.46 302.831020  -2.518764 23.023
 86     9.942 55221.57437036 30.89 302.830290  -2.522074 23.023
 86    10.030 55221.57437101 30.82 302.829560  -2.525374 23.023
 86    10.134 55221.57437165 37.47 302.828840  -2.528684 23.023
 86     9.868 55221.57437230 28.79 302.828110  -2.531984 23.023
 86     9.989 55221.57437294 22.14 302.827380  -2.535294 23.023
 86     9.711 55221.57437359 20.54 302.826658  -2.538597 23.292
 87    11.641 55256.57435220 34.90 302.835426  -2.505329 27.404
 87    11.272 55256.57435284 30.11 302.834706  -2.508639 27.404
 87    11.102 55256.57435349 29.60 302.833976  -2.511939 27.404
 87    11.116 55256.57435413 30.20 302.833246  -2.515249 27.404
 87    11.311 55256.57435478 32.38 302.832516  -2.518549 27.404
 87    11.491 55256.57435542 45.49 302.831796  -2.521859 27.404
 87    11.308 55256.57435607 45.65 302.831066  -2.525159 27.404
 87    11.378 55256.57435671 46.42 302.830336  -2.528469 27.404
 87    11.314 55256.57435736 36.26 302.829610  -2.531773 32.998
 87    11.106 55256.57435800 32.79 302.828880  -2.535083 32.998
 88    12.716 55291.57435438 39.88 302.834871  -2.503463 31.830
 88    12.257 55291.57435502 23.45 302.834141  -2.506763 31.830
 88    11.823 55291.57435567 26.07 302.833411  -2.510073 31.830
 88    12.176 55291.57435631 29.98 302.832691  -2.513373 31.830
 88    12.253 55291.57435696 32.58 302.831961  -2.516683 31.830
 88    12.453 55291.57435760 49.08 302.831231  -2.519983 31.830
 88    12.687 55291.57435824 50.86 302.830511  -2.523293 31.830
 88    12.440 55291.57435889 35.32 302.829781  -2.526593 31.830
 88    12.548 55291.57435953 43.50 302.829051  -2.529903 31.830
 88    12.328 55291.57436018 29.95 302.828321  -2.533203 31.830
 88    11.781 55291.57436082 20.39 302.827601  -2.536513 31.830
 89    14.186 55326.57433621 42.59 302.833152  -2.503272 30.304
 89    13.983 55326.57433686 32.12 302.832432  -2.506572 30.304
 89    13.807 55326.57433750 31.56 302.831702  -2.509882 30.304
 89    13.541 55326.57433814 30.34 302.830972  -2.513182 30.304
 89    13.749 55326.57433879 29.78 302.830252  -2.516492 30.304
 89    13.931 55326.57433943 30.13 302.829522  -2.519792 30.304
 89    13.963 55326.57434008 45.62 302.828792  -2.523102 30.304
 89    14.080 55326.57434072 47.66 302.828062  -2.526402 30.304
 89    14.090 55326.57434137 45.68 302.827342  -2.529712 30.304
 89    14.120 55326.57434201 42.03 302.826612  -2.533012 30.304
 89    13.687 55326.57434266 28.20 302.825882  -2.536322 30.304
 90    14.397 55361.57433315 41.47 302.834739  -2.503410 33.634
 90    14.112 55361.57433379 29.62 302.834019  -2.506710 33.634
 90    13.593 55361.57433444 28.20 302.833289  -2.510020 33.634
 90    13.769 55361.57433508 28.48 302.832559  -2.513320 33.634
 90    14.354 55361.57433573 40.47 302.831829  -2.516630 33.634
 90    14.205 55361.57433637 49.61 302.831109  -2.519930 33.634
 90    14.306 55361.57433702 48.62 302.830379  -2.523240 33.634
 90    14.366 55361.57433766 51.04 302.829649  -2.526540 33.634
 90    14.260 55361.57433831 50.15 302.828929  -2.529850 33.634
 90    14.350 55361.57433895 39.15 302.828199  -2.533150 33.634
 90    13.997 55361.57433960 29.41 302.827469  -2.536460 33.634
 91    13.438 55396.57433940 34.06 302.834767  -2.502906 30.045
 91    13.025 55396.57434004 25.08 302.834037  -2.506216 30.045
 91    12.571 55396.57434069 20.64 302.833307  -2.509516 30.045
 91    12.552 55396.57434133 20.14 302.832577  -2.512826 30.045
 91    12.931 55396.57434197 22.96 302.831857  -2.516126 30.045
 91    13.315 55396.57434262 25.86 302.831127  -2.519436 30.045
 91    13.442 55396.57434326 40.39 302.830397  -2.522736 30.045
 91    13.544 55396.57434391 41.70 302.829667  -2.526046 30.045
 91    13.414 55396.57434455 38.31 302.828947  -2.529346 30.045
 91    13.398 55396.57434520 29.45 302.828217  -2.532656 30.045
 91    12.968 55396.57434584 21.33 302.827490  -2.535960 32.272
 92    11.578 55431.57434861 25.10 302.835956  -2.507656 28.402
 92    10.839 55431.57434925 20.47 302.835236  -2.510956 28.402
 92    10.843 55431.57434990 25.47 302.834506  -2.514266 28.402
 92    11.183 55431.57435054 26.80 302.833776  -2.517566 28.402
 92    11.358 55431.57435119 44.13 302.833056  -2.520876 28.402
 92    11.631 55431.57435183 46.98 302.832326  -2.524176 28.402
 92    11.359 55431.57435248 33.13 302.831596  -2.527486 28.402
 92    11.125 55431.57435312 27.71 302.830866  -2.530786 28.402
 92    11.095 55431.57435377 25.72 302.830146  -2.534096 28.402
 92    10.674 55431.57435441 23.88 302.829416  -2.537396 28.402
 93    10.277 55466.57430876 38.39 302.836551  -2.505106 18.635
 93    10.152 55466.57430940 21.53 302.835821  -2.508406 18.635
 93     9.571 55466.57431005 19.95 302.835091  -2.511716 18.635
 93     9.347 55466.57431069 19.11 302.834371  -2.515016 18.635
 93     9.502 55466.57431134 19.16 302.833641  -2.518326 18.635
 93     9.341 55466.57431198 20.33 302.832911  -2.521626 18.635
 93     8.420 55466.57431263 22.44 302.832191  -2.524936 18.635
 93     8.512 55466.57431327 16.75 302.831461  -2.528236 18.635
 93     7.980 55466.57431392 15.25 302.830731  -2.531546 18.635
 93     7.923 55466.57431456 15.26 302.830011  -2.534846 18.635
