#    0.000   0.000   0.000 ;Mean Elev.(m), Avg Gradient(m/km), RMS Gradient(m/km) - SRTM1     
#    0.000   0.000   0.000 ;Mean Elev.(m), Avg Gradient(m/km), RMS Gradient(m/km) - ASTER GDEM
#    7.329  -0.856   4.486 ;Mean Elev.(m), Avg Gradient(m/km), RMS Gradient(m/km) - GMTED2010 
 11 299.794153  -3.353875    16.084    16.084  2 52588.08537089 18.788
 12 299.792541  -3.354270    15.085    15.090  3 52623.08532720 46.292
 13 299.794343  -3.354018    16.408    16.408  2 52658.08534214 31.593
 15 299.794666  -3.354076    18.050    18.061  3 52728.08536397 32.390
 16 299.782908  -3.356644    20.450    20.451  3 52763.08537671 52.758
 17 299.797665  -3.352978    21.964    21.954  3 52798.08534739 44.249
 18 299.797074  -3.352713    22.088    22.088  2 52833.08541822 32.580
 19 299.798577  -3.352648    21.124    21.124  2 52868.08546064 30.041
 20 299.791639  -3.356024    17.336    17.373  3 52903.08547609 30.291
 21 299.790951  -3.354486    15.205    15.280  3 52938.08541398 21.682
 22 299.790857  -3.356254    13.592    13.604  3 52973.08544735 43.600
 23 299.787156  -3.356106    14.212    13.957  3 53008.08545631 25.059
 24 299.790064  -3.356624    15.967    16.144  3 53043.08541325 25.172
 25 299.787644  -3.356597    16.669    16.652  3 53078.08544628 45.909
 26 299.787038  -3.357205    18.765    18.815  3 53113.08541661 22.639
 27 299.788440  -3.356904    20.471    20.580  3 53148.08546164 25.175
 28 299.797324  -3.353259    20.839    20.923  3 53183.08546158 33.305
 29 299.791485  -3.355995    20.025    20.018  3 53218.08548528 39.352
 30 299.787914  -3.355762    17.924    17.937  3 53253.08546310 36.182
 31 299.786141  -3.357444    14.851    14.869  3 53288.08546363 46.439
 32 299.798914  -3.354113    13.601    13.601  2 53323.08543967 47.317
 33 299.797011  -3.353555    14.823    14.823  2 53358.08540448 21.294
 34 299.791232  -3.355007    16.090    16.090  2 53393.08542008 39.258
 35 299.795577  -3.353825    17.636    17.644  3 53428.08541467 46.680
 36 299.795330  -3.354287    19.868    19.868  2 53463.08543323 25.066
 37 299.784691  -3.355353    21.562    21.657  3 53498.08550464 27.337
 38 299.795064  -3.354458    21.953    21.953  2 53533.08548701 32.734
 39 299.785891  -3.355151    20.456    20.489  3 53568.08550561 26.657
 40 299.793324  -3.354764    16.567    16.567  2 53603.08545069 25.271
 41 299.789082  -3.355603    12.630    11.343  3 53638.08544892 22.611
 42 299.786799  -3.355133     8.970     8.961  3 53673.08546939 44.021
 43 299.797265  -3.352747    13.307    13.307  2 53708.08540090 47.875
 44 299.795116  -3.354447    15.359    15.373  3 53743.08531171 21.408
 45 299.797200  -3.354299    18.153    18.105  3 53778.08533856 28.779
 46 299.794509  -3.354480    20.147    20.163  3 53813.08531388 41.472
 47 299.789107  -3.354719    21.047    21.052  3 53848.08536997 31.359
 49 299.784428  -3.357021    22.051    22.014  3 53918.08545136 27.174
 50 299.783298  -3.356734    20.027    20.044  3 53953.08545465 27.205
 52 299.793229  -3.355114    13.497    15.411  3 54023.08543435 19.618
 53 299.799374  -3.353360    17.362    16.773  3 54058.08542653 30.234
 54 299.792472  -3.355250    13.283    15.145  3 54093.08540686 23.185
 55 299.793713  -3.353995    17.334    17.432  3 54128.08534459 27.859
 56 299.791089  -3.355522    17.284    17.284  2 54163.08537673 21.144
 57 299.792867  -3.355098    18.784    18.784  2 54198.08534645 49.184
 58 299.793068  -3.354661    20.968    20.968  2 54233.08539047 42.210
 59 299.793098  -3.354941    22.079    22.079  2 54268.08540958 44.408
 60 299.793307  -3.353884    21.608    21.627  3 54303.08541322 48.519
 61 299.792900  -3.354325    18.854    18.854  2 54338.08539859 45.062
 62 299.793665  -3.355127    13.160    13.160  2 54373.08534617 38.993
 63 299.791824  -3.355028    12.049    12.049  2 54408.08534381 33.066
 64 299.793955  -3.354980    14.324    14.324  2 54443.08530661 44.897
 65 299.793718  -3.354960    16.571    16.580  3 54478.08533308 36.888
 66 299.793961  -3.354190    18.585    18.615  3 54513.08532184 39.583
 67 299.792529  -3.355484    19.826    19.826  2 54548.08534666 26.221
 68 299.793642  -3.354699    21.067    21.080  3 54583.08531791 40.799
 69 299.793161  -3.355442    22.236    22.236  2 54618.08533836 48.262
 70 299.791230  -3.355927    22.283    22.290  3 54653.08534990 43.605
 71 299.792142  -3.355544    20.397    20.397  2 54688.08533947 41.507
 72 299.793731  -3.354071    15.881    15.881  2 54723.08529807 22.632
 73 299.791879  -3.355131    12.591    12.591  2 54758.08531503 38.693
 74 299.792198  -3.355424    13.586    13.586  2 54793.08529038 46.374
 75 299.792614  -3.354161    15.673    15.535  3 54828.08531350 24.305
 76 299.793469  -3.354475    18.307    18.307  2 54863.08528528 22.575
 77 299.791133  -3.355191    20.389    20.389  2 54898.08531289 31.586
 78 299.792247  -3.355496    21.896    22.014  3 54933.08527966 35.692
 79 299.792563  -3.355643    23.008    22.998  3 54968.08531474 32.305
 80 299.789711  -3.355640    23.727    23.705  3 55003.08533435 40.583
 81 299.793620  -3.354315    23.033    23.093  3 55038.08532099 29.404
 82 299.792142  -3.356045    20.991    20.906  3 55073.08530674 34.500
 83 299.792490  -3.355082    15.088    15.088  2 55108.08525335 24.897
 84 299.791352  -3.355423    11.497    11.497  2 55143.08525751 31.073
 85 299.793838  -3.354217    11.292    11.292  2 55178.08522550 26.742
 86 299.792356  -3.355644    15.587    15.587  2 55213.08525249 43.884
 87 299.793512  -3.354060    17.074    17.069  3 55248.08522610 51.174
 88 299.791636  -3.356197    17.766    18.136  3 55283.08524576 24.383
 89 299.790871  -3.354488    20.762    20.774  3 55318.08521664 46.999
 90 299.792118  -3.355455    21.858    21.859  3 55353.08521912 38.684
 91 299.791773  -3.356323    21.410    21.416  3 55388.08521575 51.165
 92 299.793081  -3.353889    18.702    18.686  3 55423.08523694 44.183
 93 299.792659  -3.354347    14.327    14.734  3 55458.08520929 23.632
