#    0.000   0.000   0.000 ;Mean Elev.(m), Avg Gradient(m/km), RMS Gradient(m/km) - SRTM1     
#    0.000   0.000   0.000 ;Mean Elev.(m), Avg Gradient(m/km), RMS Gradient(m/km) - ASTER GDEM
#   16.908   0.089   4.045 ;Mean Elev.(m), Avg Gradient(m/km), RMS Gradient(m/km) - GMTED2010 
  7 298.219582  -3.883975    27.231    27.206  4 52465.58673319 33.924
  8 298.219637  -3.882831    25.794    25.756  4 52500.58672767 31.470
  9 298.216723  -3.883101    23.016    22.817  4 52535.58671502 20.041
 11 298.219766  -3.882558    19.760    19.735  3 52605.58671958 25.448
 12 298.217114  -3.883861    21.824    21.842  4 52640.58670821 26.533
 13 298.220487  -3.882466    22.146    21.762  4 52675.58669968 18.127
 14 298.217763  -3.883936    22.715    22.771  4 52710.58672230 33.478
 15 298.211775  -3.883407    24.225    24.132  4 52745.58675026 24.947
 16 298.217291  -3.883418    26.063    25.997  4 52780.58668697 27.573
 17 298.215887  -3.883822    27.018    27.044  4 52815.58676905 29.481
 18 298.219295  -3.883367    26.631    26.632  4 52850.58682074 31.693
 19 298.215533  -3.883783    23.872    23.876  4 52885.58685581 23.678
 20 298.219852  -3.883510    18.336    18.333  4 52920.58681160 30.570
 21 298.224439  -3.883403    17.925    17.875  4 52955.58677573 23.576
 22 298.226168  -3.883048    18.734    18.766  4 52990.58678998 42.259
 23 298.228403  -3.882937    21.288    21.307  4 53025.58676039 21.000
 25 298.212993  -3.884316    22.686    22.762  3 53095.58679941 20.474
 26 298.226533  -3.881990    25.025    25.012  4 53130.58677065 43.990
 28 298.218842  -3.883687    25.235    25.233  4 53200.58684495 35.166
 29 298.227638  -3.883253    23.919    23.910  4 53235.58681418 42.252
 30 298.219607  -3.883674    20.299    20.296  3 53270.58677613 21.196
 31 298.212357  -3.883445    22.785    22.452  3 53305.58683939 12.531
 33 298.223276  -3.882629    21.382    21.371  3 53375.58673711 31.521
 34 298.222489  -3.883879    21.217    21.218  4 53410.58678190 28.449
 35 298.220380  -3.883432    23.925    23.919  3 53445.58676421 28.945
 36 298.212932  -3.882967    25.553    25.580  4 53480.58684690 27.477
 37 298.219618  -3.883838    26.130    26.178  3 53515.58685191 28.961
 38 298.213863  -3.883167    26.190    26.170  3 53550.58687200 27.581
 39 298.222155  -3.882695    22.953    22.816  3 53585.58683068 20.281
 40 298.212522  -3.883627    16.414    16.349  3 53620.58678954 28.465
 41 298.218076  -3.882678    12.808    12.811  3 53655.58681819 25.444
 42 298.217155  -3.883728    20.468    20.871  3 53690.58680977 14.713
 43 298.222390  -3.883937    18.134    18.152  4 53725.58673365 30.093
 44 298.226905  -3.882293    21.109    21.094  4 53760.58668020 33.799
 45 298.223471  -3.883596    23.668    23.739  4 53795.58669683 25.750
 46 298.222339  -3.883687    24.667    24.626  4 53830.58667748 26.196
 47 298.216708  -3.883541    26.149    26.229  3 53865.58675340 28.952
 48 298.218876  -3.883589    26.766    26.725  4 53900.58678050 29.506
 49 298.209457  -3.883200    25.217    25.166  3 53935.58682217 30.087
 50 298.215164  -3.882900    22.746    22.622  4 53970.58679023 16.145
 51 298.221681  -3.883200    16.321    16.341  4 54005.58676804 34.988
 52 298.223191  -3.882779    15.449    15.504  3 54040.58679799 25.513
 54 298.219406  -3.882677    21.805    21.798  4 54110.58673491 42.696
 55 298.219364  -3.882470    22.953    22.925  3 54145.58673194 20.056
 56 298.219295  -3.883462    22.533    22.526  3 54180.58672145 19.600
 57 298.218585  -3.882729    24.549    24.639  4 54215.58673957 24.841
 58 298.218775  -3.883579    26.098    25.984  3 54250.58676667 26.441
 59 298.221170  -3.882528    26.007    25.840  3 54285.58677352 26.228
 60 298.221209  -3.883570    24.545    24.535  3 54320.58677066 29.881
 61 298.221458  -3.882462    18.268    18.288  4 54355.58673194 28.207
 62 298.220425  -3.883895    15.586    15.573  4 54390.58671149 27.718
 63 298.220292  -3.883924    17.999    18.023  4 54425.58668256 21.268
 64 298.220652  -3.882579    21.138    20.414  4 54460.58668755 18.488
 65 298.221049  -3.883404    23.116    23.125  3 54495.58668858 44.334
 66 298.221763  -3.882965    23.964    23.963  4 54530.58670047 24.809
 67 298.220467  -3.883053    25.006    24.978  3 54565.58669414 25.249
 68 298.219619  -3.883226    25.817    25.825  3 54600.58669579 28.532
 69 298.218399  -3.883371    26.697    26.690  4 54635.58670833 31.647
 70 298.218817  -3.883602    25.526    25.505  4 54670.58671217 29.850
 71 298.221563  -3.883901    22.174    22.179  4 54705.58667400 28.827
 72 298.219977  -3.882868    17.577    17.610  3 54740.58667601 21.415
 73 298.221388  -3.883081    16.966    17.010  3 54775.58665560 28.571
 74 298.219396  -3.883667    19.864    19.859  3 54810.58666923 49.719
 75 298.220174  -3.882922    21.202    21.208  3 54845.58665463 43.559
 76 298.218294  -3.883466    23.794    23.831  3 54880.58667307 23.437
 77 298.218101  -3.883744    25.978    25.943  3 54915.58665810 30.452
 79 298.217440  -3.883572    27.791    27.863  3 54985.58669045 29.344
 80 298.221345  -3.882924    27.866    27.840  3 55020.58668410 29.626
 81 298.221178  -3.882326    27.143    27.143  4 55055.58668041 44.555
 82 298.219726  -3.882368    22.894    22.875  4 55090.58663961 21.085
 83 298.220265  -3.883720    22.148    22.144  4 55125.58661977 13.526
 84 298.219315  -3.883454    17.866    16.612  4 55160.58660094 18.902
 85 298.219420  -3.882885    21.260    20.076  3 55195.58660980 15.855
 86 298.219241  -3.882430    21.826    21.290  4 55230.58660406 16.865
 87 298.220416  -3.882843    22.695    22.691  3 55265.58660478 24.504
 88 298.221078  -3.883609    23.737    23.744  4 55300.58658519 24.585
 89 298.219119  -3.884037    26.183    26.193  4 55335.58658118 38.975
 90 298.220593  -3.883825    26.044    25.973  4 55370.58657177 28.528
 91 298.221245  -3.882242    24.495    24.500  4 55405.58658938 42.154
 92 298.221019  -3.883644    18.664    18.493  3 55440.58659015 25.673
 93 298.221571  -3.882208    13.191    13.166  4 55475.58653433 33.062
