#    0.000   0.000   0.000 ;Mean Elev.(m), Avg Gradient(m/km), RMS Gradient(m/km) - SRTM1     
#    0.000   0.000   0.000 ;Mean Elev.(m), Avg Gradient(m/km), RMS Gradient(m/km) - ASTER GDEM
#    5.144  -2.047   6.295 ;Mean Elev.(m), Avg Gradient(m/km), RMS Gradient(m/km) - GMTED2010 
  7 301.217717  -3.333355    18.371    18.412 12 52459.57863368 23.612
  9 301.214590  -3.332865    15.356    15.346 11 52529.57860608 19.052
 10 301.222957  -3.334114    10.687    10.495 14 52564.57862729 21.225
 12 301.212745  -3.332796    12.714    12.466 11 52634.57860919 19.922
 13 301.213264  -3.333359    13.641    13.413 10 52669.57862053 16.082
 15 301.213659  -3.334996    15.688    15.760 11 52739.57864337 23.246
 16 301.219952  -3.334243    17.436    17.419 13 52774.57859173 24.273
 17 301.211941  -3.333926    17.397    17.755 10 52809.57866497 26.837
 18 301.214198  -3.333543    17.675    17.701 11 52844.57872144 28.342
 19 301.212564  -3.334758    16.159    16.200 11 52879.57875953 28.115
 20 301.219720  -3.334485    12.408    12.398 13 52914.57871716 28.865
 21 301.219455  -3.333724    10.493    10.178 13 52949.57867621 21.963
 22 301.220153  -3.334288    11.107    10.888 12 52984.57870329 13.748
 23 301.216755  -3.333945    12.262    12.071 11 53019.57869448 13.264
 24 301.219463  -3.333462    13.860    13.665 12 53054.57867991 18.935
 25 301.207412  -3.332237    15.712    15.551  9 53089.57871724 19.834
 26 301.215659  -3.334966    16.804    16.806 11 53124.57868734 40.343
 27 301.208612  -3.332886    16.890    16.981  9 53159.57874699 28.177
 28 301.218536  -3.332585    16.790    16.834 12 53194.57874241 27.733
 29 301.219966  -3.333922    15.492    15.513 12 53229.57873317 29.167
 30 301.213336  -3.333970    13.275    13.277 10 53264.57870476 24.441
 31 301.205352  -3.332752    10.791    10.472  9 53299.57875030 20.637
 32 301.214979  -3.333194     7.825     7.879 11 53334.57872063 25.757
 33 301.217390  -3.335055    12.120    12.002 12 53369.57866130 12.577
 34 301.215852  -3.333654    13.147    13.136 11 53404.57869324 15.927
 35 301.215981  -3.334106    15.357    15.334 11 53439.57868094 17.506
 36 301.210572  -3.332857    17.344    17.310 10 53474.57874181 31.082
 37 301.214568  -3.333510    18.153    18.210 11 53509.57876017 30.314
 38 301.210730  -3.334157    17.313    17.536 10 53544.57877567 28.259
 39 301.214363  -3.332862    15.974    16.004 11 53579.57875429 27.184
 40 301.212575  -3.333295    12.223    11.916 10 53614.57870813 16.703
 41 301.216863  -3.334013     9.456     9.506 12 53649.57871634 17.952
 42 301.210161  -3.332499     7.742     7.732 10 53684.57872894 32.685
 43 301.218348  -3.334498    10.837    10.786 12 53719.57865566 29.696
 44 301.222190  -3.334426    13.765    13.765 13 53754.57857861 36.359
 45 301.219414  -3.333665    16.165    16.147 13 53789.57860856 22.353
 46 301.219678  -3.333879    16.540    16.959 12 53824.57856413 23.620
 47 301.211386  -3.333318    18.177    18.117 11 53859.57865768 27.613
 48 301.217830  -3.333196    17.733    17.423 12 53894.57867435 24.254
 49 301.205218  -3.332898    17.805    17.835  9 53929.57872961 32.995
 50 301.209077  -3.331543    15.760    15.518 10 53964.57870902 22.060
 51 301.217435  -3.333513    11.337    11.367 12 53999.57866282 31.740
 52 301.217280  -3.335044    10.463    10.211 12 54034.57870886 15.159
 53 301.216814  -3.333123    11.716    11.043 12 54069.57870269 16.656
 54 301.214927  -3.333283    13.424    13.400 11 54104.57865794 16.573
 55 301.214754  -3.332735    14.656    14.524 11 54139.57863340 19.772
 56 301.214723  -3.333008    14.907    14.967 11 54174.57863754 23.348
 57 301.213733  -3.332954    15.206    16.155 11 54209.57863955 29.575
 58 301.215192  -3.334110    16.808    16.921 11 54244.57867044 27.377
 59 301.215394  -3.332827    18.003    18.092 11 54279.57868263 26.545
 60 301.216942  -3.333529    17.122    17.148 11 54314.57868226 27.122
 61 301.215968  -3.333387    12.740    13.342 11 54349.57865148 21.989
 62 301.215853  -3.334414    10.076     9.471 12 54384.57862085 28.665
 63 301.214649  -3.334698    10.756    10.679 11 54419.57860173  9.010
 64 301.215372  -3.334038    12.525    11.942 11 54454.57859203 18.113
 65 301.216267  -3.334263    14.500    14.339 12 54489.57860130 21.250
 66 301.216617  -3.334068    15.958    15.957 11 54524.57860499 19.442
 67 301.214941  -3.335079    17.112    17.368 11 54559.57861021 24.679
 68 301.214578  -3.334976    17.539    17.712 11 54594.57860085 25.934
 69 301.214462  -3.333587    18.803    18.821 11 54629.57861538 29.993
 70 301.213392  -3.332817    18.014    18.097 11 54664.57862183 28.197
 71 301.217180  -3.333644    15.765    15.780 11 54699.57859317 25.372
 72 301.214459  -3.334988    12.458    12.021 11 54734.57858087 23.335
 73 301.215932  -3.334491    10.557    10.754 12 54769.57857412 23.184
 74 301.213422  -3.334723    11.253    11.110 11 54804.57857445 26.670
 75 301.215652  -3.334052    14.066    13.766 12 54839.57856801 19.896
 76 301.213996  -3.334065    16.128    16.144 10 54874.57857503 24.095
 77 301.213768  -3.333722    17.333    17.673 11 54909.57857423 28.826
 78 301.213627  -3.333561    18.802    18.823 10 54944.57856673 26.405
 79 301.213911  -3.334221    18.323    18.429 10 54979.57859412 25.372
 80 301.214420  -3.335506    19.524    19.527 11 55014.57859841 29.938
 81 301.215909  -3.334470    17.796    17.908 12 55049.57859139 22.039
 82 301.215392  -3.334244    15.701    15.801 12 55084.57855950 25.011
 83 301.216056  -3.334811    10.520    10.185 11 55119.57852437 27.961
 84 301.214220  -3.333988    10.750    10.318 11 55154.57851891 14.564
 85 301.213948  -3.334448    10.655    10.469 11 55189.57851326 24.547
 86 301.214597  -3.333680    13.739    13.701 11 55224.57851890 17.927
 87 301.215958  -3.332829    14.577    14.544 11 55259.57850889 20.740
 88 301.215471  -3.333587    15.822    15.876 11 55294.57850436 29.639
 89 301.213037  -3.334150    16.685    17.294 11 55329.57849101 27.233
 90 301.215242  -3.335097    17.288    17.300 11 55364.57848575 24.545
 91 301.214594  -3.334152    16.958    16.945 11 55399.57849583 28.058
 92 301.216897  -3.335035    13.979    13.890 12 55434.57850170 18.260
 93 301.216423  -3.333744    10.043     9.713 12 55469.57845673 15.990
