# NaN NaN NaN ;Mean Elev.(m), Avg Gradient(m/km), RMS Gradient(m/km) - SRTM1     
# NaN NaN NaN ;Mean Elev.(m), Avg Gradient(m/km), RMS Gradient(m/km) - ASTER GDEM
#    0.401  -0.202   4.131 ;Mean Elev.(m), Avg Gradient(m/km), RMS Gradient(m/km) - GMTED2010 
  7 308.925599  -0.897255     1.770     1.758  4 52444.55822958 28.956
  8 308.932582  -0.890712     1.584     1.556  5 52479.55822128 22.979
  9 308.945350  -0.884863     2.041     2.005  3 52514.55816675 20.311
 10 308.933488  -0.891023     0.769     0.695  5 52549.55821332 18.882
 11 308.944542  -0.885473     1.123     1.124  4 52584.55819743 23.954
 12 308.934603  -0.890530     1.741     1.709  5 52619.55817715 19.793
 13 308.945773  -0.885406     0.402     0.409  3 52654.55816129 21.679
 14 308.938253  -0.888209     2.031     2.006  4 52689.55815687 22.223
 15 308.938693  -0.888345     1.707     1.638  4 52724.55820157 44.870
 16 308.924500  -0.898124     1.636     1.662  4 52759.55822263 25.133
 17 308.942685  -0.886655     2.088     2.125  4 52794.55817497 22.575
 18 308.944623  -0.885796     1.423     1.422  4 52829.55824188 24.922
 19 308.946933  -0.884069     1.813     1.821  4 52864.55828600 21.972
 20 308.936368  -0.889072     1.928     1.884  5 52899.55831638 18.883
 21 308.935271  -0.889676     0.377     0.375  4 52934.55826022 18.828
 22 308.937679  -0.889613     1.294     1.227  4 52969.55827587 19.240
 23 308.930131  -0.894648     1.371     1.414  4 53004.55829540 26.441
 24 308.933957  -0.890300     1.281     1.270  5 53039.55824384 21.381
 25 308.934791  -0.889286     2.227     2.222  4 53074.55827460 22.610
 26 308.930882  -0.892931     0.787     0.752  4 53109.55824491 38.573
 27 308.935907  -0.889254     1.559     1.493  5 53144.55828513 21.484
 28 308.941451  -0.886992     1.914     1.899  4 53179.55829941 20.365
 29 308.935723  -0.889972     0.792     0.802  5 53214.55832187 17.751
 30 308.938277  -0.888434     1.646     1.583  4 53249.55829117 20.819
 31 308.932409  -0.891799     1.724     1.721  4 53284.55828787 19.668
 32 308.944779  -0.885667     0.151     0.154  3 53319.55827491 21.885
 33 308.944531  -0.885307     1.805     1.821  4 53354.55824229 22.244
 34 308.936975  -0.888446     0.468     0.461  4 53389.55824702 34.498
 35 308.944411  -0.886024     1.163     1.160  3 53424.55824492 24.270
 36 308.944560  -0.884691     2.369     2.389  4 53459.55824953 26.886
 37 308.929296  -0.894422     0.939     0.814  3 53494.55833675 29.927
 38 308.945105  -0.884595     1.687     1.738  3 53529.55830982 20.438
 39 308.930785  -0.893073     1.895     1.877  3 53564.55834280 21.139
 40 308.941565  -0.886701     0.463     0.493  3 53599.55828293 19.283
 41 308.933561  -0.891139     1.733     1.679  5 53634.55828042 21.405
 42 308.932186  -0.891503     0.880     0.911  5 53669.55830231 19.154
 43 308.945161  -0.884471     0.531     0.580  3 53704.55823861 18.370
 44 308.944418  -0.885032     2.123     2.112  4 53739.55814864 41.894
 45 308.944553  -0.885903     0.501     0.522  3 53774.55816797 21.744
 46 308.942079  -0.886310     1.698     1.641  3 53809.55815164 20.762
 47 308.935521  -0.889346     2.202     2.148  4 53844.55819383 21.204
 48 308.942451  -0.886443     1.209     1.133  4 53879.55822228 22.574
 49 308.929943  -0.894666     1.989     1.963  4 53914.55827994 22.066
 50 308.927565  -0.896324     1.860     1.840  4 53949.55829119 22.727
 51 308.937908  -0.888751     0.780     0.760  4 53984.55822807 17.858
 52 308.939507  -0.889099     1.815     1.797  4 54019.55826294 20.150
 53 308.948238  -0.884569     0.449     0.465  3 54054.55825309 24.622
 54 308.939906  -0.888892     0.850     0.814  4 54089.55824382 18.892
 55 308.939577  -0.889127     2.202     2.178  4 54124.55816851 20.713
 56 308.937235  -0.890077     0.898     0.883  4 54159.55821030 19.092
 57 308.939018  -0.888251     1.923     1.966  4 54194.55817083 26.691
 58 308.938849  -0.887594     2.103     2.109  4 54229.55822140 33.275
 59 308.939118  -0.889023     1.060     1.045  4 54264.55824002 20.442
 60 308.940623  -0.886201     2.014     1.995  4 54299.55824346 20.438
 61 308.940028  -0.887053     1.319     1.317  4 54334.55823352 17.514
 63 308.938652  -0.887920     1.845     1.843  4 54404.55817798 19.333
 64 308.938331  -0.889376     0.107     0.044  4 54439.55813540 21.905
 65 308.940547  -0.887915     1.238     1.155  4 54474.55816456  8.596
 66 308.939523  -0.886722     2.128     2.122  4 54509.55814810 20.706
 67 308.939891  -0.886659     1.201     1.180  4 54544.55817843 20.229
 68 308.940231  -0.886349     2.016     2.010  4 54579.55814606 20.807
 69 308.940375  -0.886537     1.918     1.913  4 54614.55816832 19.189
 70 308.937007  -0.889990     1.234     1.193  4 54649.55817938 19.659
 71 308.939169  -0.886618     1.983     1.977  4 54684.55817457 19.288
 72 308.940350  -0.887528     0.750     0.756  3 54719.55812287 18.820
 73 308.938228  -0.888803     0.997     0.968  4 54754.55814946 18.661
 74 308.937763  -0.888579     1.762     1.724  4 54789.55811698 18.466
 75 308.939421  -0.887848     0.266     0.200  3 54824.55814431 19.287
 76 308.940322  -0.886989     1.704     1.710  4 54859.55810976 16.684
 77 308.937262  -0.888319     2.017     2.041  4 54894.55814650 19.387
 78 308.937175  -0.888901     1.790     1.747  5 54929.55810888 20.949
 79 308.938035  -0.889079     2.234     2.194  4 54964.55814596 21.058
 80 308.935635  -0.889783     1.857     1.884  4 54999.55816702 38.298
 81 308.939598  -0.887134     1.530     1.524  4 55034.55815244 20.134
 82 308.939309  -0.887798     1.987     1.955  4 55069.55814222 19.945
 83 308.937074  -0.889283     0.663     0.636  5 55104.55808373 18.935
 84 308.938645  -0.889502     0.964     0.946  4 55139.55809018 18.575
 85 308.940022  -0.887869     1.619     1.612  4 55174.55805014 24.567
 86 308.938876  -0.887199     0.981     1.041  4 55209.55808541 28.150
 87 308.937976  -0.888134     1.920     1.880  4 55244.55805717 19.959
 88 308.938133  -0.888472     1.422     1.401  4 55279.55807892 18.074
 89 308.938550  -0.887167     1.728     1.697  4 55314.55804311 21.648
 90 308.938900  -0.889124     1.968     1.946  4 55349.55805049 19.357
 91 308.937533  -0.888831     0.937     0.971  5 55384.55804298 17.622
 92 308.939547  -0.888720     1.652     1.592  4 55419.55806862 20.603
 93 308.939269  -0.888403     1.757     1.755  4 55454.55804700 19.151
 94 308.940486  -0.887067     0.142     0.137  4 55489.55796637 49.939
