#    0.000   0.000   0.000 ;Mean Elev.(m), Avg Gradient(m/km), RMS Gradient(m/km) - SRTM1     
#    0.000   0.000   0.000 ;Mean Elev.(m), Avg Gradient(m/km), RMS Gradient(m/km) - ASTER GDEM
#    4.471   0.486   5.125 ;Mean Elev.(m), Avg Gradient(m/km), RMS Gradient(m/km) - GMTED2010 
  8 308.896627  -1.054334     1.855     1.855  2 52479.55825319 19.756
  9 308.909406  -1.048489     2.272     2.272  2 52514.55819866 20.576
 10 308.897518  -1.054642     0.878     0.878  2 52549.55824523 14.378
 11 308.908588  -1.049099     1.587     1.628  3 52584.55822934 20.486
 12 308.898661  -1.054155     1.895     1.895  2 52619.55820906 22.430
 13 308.909814  -1.049028     0.933     0.933  2 52654.55819321 18.856
 14 308.902673  -1.050182     2.572     2.572  2 52689.55818846 22.025
 15 308.903100  -1.050311     1.410     1.410  2 52724.55823316 24.494
 17 308.907078  -1.048623     2.346     2.346  2 52794.55820656 21.010
 18 308.908651  -1.049422     1.309     1.254  3 52829.55827380 21.240
 19 308.910606  -1.049342     2.144     2.144  2 52864.55831824 22.223
 20 308.900416  -1.052698     2.291     2.291  2 52899.55834829 20.856
 21 308.899696  -1.051650     0.811     0.811  2 52934.55829180 15.939
 22 308.902077  -1.051582     1.695     1.695  2 52969.55830746 19.246
 23 308.894903  -1.054970     1.306     1.334  3 53004.55832667 19.968
 24 308.897980  -1.053921     1.609     1.609  2 53039.55827575 22.277
 25 308.898477  -1.054561     2.706     2.706  2 53074.55830684 24.980
 26 308.895274  -1.054902     1.042     1.042  2 53109.55827650 51.831
 27 308.899946  -1.052878     2.064     2.064  2 53144.55831705 21.053
 28 308.905857  -1.048964     2.160     2.160  2 53179.55833100 20.159
 29 308.899769  -1.053589     0.991     0.991  2 53214.55835378 18.131
 30 308.902696  -1.050410     2.123     2.123  2 53249.55832276 20.309
 31 308.896799  -1.053767     1.739     1.739  2 53284.55831946 19.337
 32 308.908817  -1.049290     0.965     0.965  2 53319.55830682 15.982
 33 308.908221  -1.050585     2.104     2.104  2 53354.55827453 21.281
 34 308.901001  -1.052066     1.175     1.141  3 53389.55827893 16.560
 35 308.908457  -1.049649     1.642     1.642  2 53424.55827683 20.445
 36 308.908223  -1.049968     2.679     2.679  2 53459.55828177 26.554
 37 308.894061  -1.054741     1.338     1.338  2 53494.55836802 20.930
 38 308.909147  -1.048216     2.093     2.093  2 53529.55834173 21.470
 39 308.895200  -1.055043     2.138     2.141  3 53564.55837439 20.318
 40 308.905618  -1.050328     1.102     1.102  2 53599.55831484 16.668
 41 308.897592  -1.054757     2.103     2.103  2 53634.55831234 20.057
 42 308.896228  -1.055123     0.947     0.947  2 53669.55833422 12.737
 43 308.909215  -1.048095     0.898     0.898  2 53704.55827052 18.876
 44 308.908125  -1.050316     2.328     2.328  2 53739.55818087 39.234
 45 308.908589  -1.049526     0.968     0.968  2 53774.55819988 18.306
 46 308.906140  -1.049941     2.246     2.246  2 53809.55818355 21.100
 47 308.899191  -1.054623     2.585     2.585  2 53844.55822607 26.466
 48 308.906488  -1.050068     1.910     1.956  3 53879.55825419 21.494
 49 308.894710  -1.054986     2.324     2.306  3 53914.55831121 21.850
 50 308.891978  -1.058297     2.032     2.032  2 53949.55832278 21.423
 51 308.902326  -1.050725     1.293     1.293  2 53984.55825966 15.813
 52 308.903901  -1.051065     2.184     2.184  2 54019.55829453 18.213
 53 308.912283  -1.048191     0.827     0.827  2 54054.55828500 19.268
 54 308.904320  -1.050869     1.166     1.166  2 54089.55827541 16.173
 55 308.903965  -1.051097     2.519     2.519  2 54124.55820010 21.689
 56 308.901642  -1.052047     1.276     1.276  2 54159.55824189 26.617
 57 308.903408  -1.050221     2.263     2.263  2 54194.55820242 22.807
 58 308.902888  -1.051222     2.279     2.259  3 54229.55825331 30.249
 59 308.903523  -1.050990     1.692     1.692  2 54264.55827161 19.801
 60 308.904304  -1.051478     2.462     2.462  2 54299.55827570 23.281
 61 308.904079  -1.050680     1.547     1.513  3 54334.55826543 17.171
 63 308.903063  -1.049893     2.085     2.085  2 54404.55820957 20.141
 64 308.902716  -1.051346     1.184     1.184  2 54439.55816699 14.969
 65 308.904951  -1.049884     1.643     1.643  2 54474.55819615 20.493
 66 308.903188  -1.051995     2.585     2.585  2 54509.55818033 23.208
 67 308.903574  -1.051936     1.869     1.869  2 54544.55821066 21.083
 68 308.903908  -1.051627     2.502     2.502  2 54579.55817829 25.413
 69 308.904055  -1.051809     2.217     2.217  2 54614.55820055 20.571
 70 308.901411  -1.051959     1.837     1.837  2 54649.55821097 20.578
 71 308.902858  -1.051897     2.484     2.484  2 54684.55820680 22.767
 72 308.904378  -1.051151     1.087     1.087  2 54719.55815478 17.180
 73 308.902637  -1.050774     1.462     1.462  2 54754.55818105 18.601
 74 308.902153  -1.050550     2.047     2.047  2 54789.55814857 19.096
 75 308.903461  -1.051470     0.855     0.855  2 54824.55817622 16.879
 76 308.904351  -1.050603     2.233     2.261  3 54859.55814167 23.840
 77 308.901311  -1.051944     2.361     2.368  3 54894.55817841 21.718
 78 308.901207  -1.052526     2.335     2.335  2 54929.55814080 23.826
 79 308.902443  -1.051049     2.706     2.706  2 54964.55817754 24.066
 80 308.900041  -1.051748     1.863     1.863  2 54999.55819861 27.441
 81 308.903635  -1.050760     2.145     2.121  3 55034.55818435 23.214
 82 308.903727  -1.049771     2.384     2.384  2 55069.55817381 21.711
 83 308.901101  -1.052902     1.353     1.353  2 55104.55811564 18.604
 84 308.903053  -1.051472     1.501     1.501  2 55139.55812177 18.775
 85 308.904410  -1.049840     1.790     1.790  2 55174.55808173 24.811
 86 308.902918  -1.050816     1.338     1.277  3 55209.55811732 18.468
 87 308.902374  -1.050102     2.464     2.464  2 55244.55808876 21.311
 88 308.902540  -1.050448     1.601     1.601  2 55279.55811051 26.238
 89 308.902590  -1.050790     2.203     2.195  3 55314.55807502 26.369
 90 308.903318  -1.051094     2.359     2.359  2 55349.55808208 21.976
 91 308.901564  -1.052451     1.183     1.183  2 55384.55807489 17.635
 92 308.903952  -1.050692     2.104     2.104  2 55419.55810021 23.950
 93 308.903689  -1.050373     2.029     2.029  2 55454.55807859 19.218
 94 308.904915  -1.049040     0.368     0.368  2 55489.55799796 34.887
