#    0.000   0.000   0.000 ;Mean Elev.(m), Avg Gradient(m/km), RMS Gradient(m/km) - SRTM1     
#    0.000   0.000   0.000 ;Mean Elev.(m), Avg Gradient(m/km), RMS Gradient(m/km) - ASTER GDEM
#    1.153  -3.375  13.302 ;Mean Elev.(m), Avg Gradient(m/km), RMS Gradient(m/km) - GMTED2010 
  7 306.574029  -1.834618     5.247     5.196 27 52466.56438000 17.250
  8 306.573726  -1.834711     4.818     4.715 26 52501.56437287 22.760
  9 306.572845  -1.834677     4.557     4.525 27 52536.56435926 22.185
 10 306.572175  -1.836383     2.995     2.938 26 52571.56439530 18.277
 11 306.576425  -1.833977     2.740     2.670 27 52606.56435769 14.473
 12 306.572576  -1.835062     3.960     3.916 27 52641.56435258 20.247
 13 306.576078  -1.834691     3.949     3.875 27 52676.56434090 22.591
 14 306.572497  -1.835468     3.568     4.214 26 52711.56436911 21.709
 15 306.565057  -1.838501     5.117     5.217 26 52746.56439701 21.953
 16 306.572319  -1.835195     4.074     4.921 26 52781.56433434 22.451
 17 306.570931  -1.836722     4.731     5.181 26 52816.56441501 26.010
 18 306.574875  -1.834840     4.626     4.928 26 52851.56446562 22.516
 19 306.570247  -1.835447     4.428     4.430 26 52886.56450028 17.890
 20 306.574318  -1.835238     3.839     3.786 26 52921.56445565 17.356
 21 306.580392  -1.832156     2.841     2.637 26 52956.56441990 15.005
 22 306.580215  -1.831910     3.006     2.896 27 52991.56443847 15.595
 23 306.583454  -1.830468     3.912     3.956 27 53026.56440402 27.833
 24 306.582446  -1.830865     4.186     4.382 27 53061.56441378 35.167
 25 306.567729  -1.837928     4.217     4.642 26 53096.56444184 23.894
 26 306.583188  -1.832109     4.699     5.400 27 53131.56441288 30.037
 28 306.573383  -1.835593     4.859     4.781 26 53201.56449069 20.567
 29 306.582663  -1.831484     4.192     4.396 27 53236.56445886 27.592
 30 306.576579  -1.834116     3.718     3.629 27 53271.56441793 17.911
 31 306.567671  -1.836942     3.469     3.422 26 53306.56448301 14.766
 32 306.574045  -1.834245     0.888     1.800 27 53341.56444986 19.598
 33 306.577449  -1.833439     3.283     3.401 27 53376.56438164 18.726
 34 306.578267  -1.833720     3.987     4.120 27 53411.56442481 23.214
 35 306.573687  -1.835422     4.946     5.043 27 53446.56440793 30.854
 36 306.566843  -1.838517     4.572     5.130 26 53481.56449381 26.896
 37 306.575364  -1.833440     4.509     5.037 26 53516.56449562 23.607
 38 306.567957  -1.836912     5.164     5.180 26 53551.56451725 21.793
 39 306.577949  -1.833932     4.541     4.602 27 53586.56447209 22.663
 40 306.567169  -1.838068     2.348     2.542 26 53621.56443633 22.397
 41 306.572663  -1.835133     1.744     1.958 27 53656.56446408 14.992
 42 306.572621  -1.834749     2.208     2.707 27 53691.56445171 14.894
 43 306.577488  -1.834193     2.765     2.780 27 53726.56437513 20.029
 44 306.582625  -1.831122     2.961     2.614 26 53761.56432560 22.736
 45 306.578683  -1.833648     4.055     4.004 27 53796.56433998 27.860
 47 306.572109  -1.834831     5.374     5.305 26 53866.56439798 23.783
 48 306.573738  -1.834409     4.906     5.107 26 53901.56442668 24.251
 49 306.563805  -1.837224     4.900     5.075 26 53936.56446696 19.666
 50 306.570424  -1.835041     4.453     4.537 26 53971.56443261 18.058
 51 306.576774  -1.834410     2.262     2.467 27 54006.56441421 20.925
 52 306.579247  -1.832143     2.718     2.595 27 54041.56444127 15.888
 53 306.575093  -1.834815     3.276     3.282 26 54076.56443607 17.874
 54 306.574188  -1.834725     2.339     2.684 26 54111.56437671 20.320
 55 306.574436  -1.833715     2.917     3.066 26 54146.56437712 20.451
 56 306.574429  -1.834305     4.127     4.606 26 54181.56436407 22.069
 57 306.573633  -1.834344     5.039     5.108 27 54216.56438505 28.039
 58 306.573805  -1.835099     5.401     5.445 26 54251.56441150 24.673
 59 306.576377  -1.834037     5.173     5.137 26 54286.56441740 24.196
 60 306.576391  -1.834191     4.879     4.909 26 54321.56441430 21.821
 61 306.576433  -1.833762     4.026     3.992 27 54356.56437417 19.232
 62 306.575750  -1.833773     2.181     2.144 26 54391.56435506 17.815
 63 306.576059  -1.833300     2.685     2.866 26 54426.56432450 14.978
 64 306.575721  -1.834442     3.180     3.339 27 54461.56433225 20.808
 65 306.576237  -1.834088     4.449     4.412 26 54496.56433190 24.658
 66 306.576896  -1.834098     4.232     4.734 26 54531.56434516 21.331
 67 306.575609  -1.834251     4.760     5.253 27 54566.56433690 28.837
 68 306.574802  -1.833817     5.717     6.103 26 54601.56434034 29.304
 69 306.573601  -1.834474     5.339     5.596 27 54636.56435253 25.704
 70 306.573786  -1.835256     5.289     5.257 27 54671.56435602 31.252
 71 306.577121  -1.833285     4.484     4.499 27 54706.56431604 20.304
 72 306.574965  -1.834633     2.471     2.786 26 54741.56432074 22.090
 73 306.576590  -1.834296     2.406     2.324 27 54776.56429798 18.044
 74 306.574822  -1.834967     3.420     3.398 26 54811.56431385 19.362
 75 306.575014  -1.834999     3.093     3.497 26 54846.56429796 20.227
 76 306.573621  -1.834298     4.036     4.368 26 54881.56431760 23.277
 77 306.572670  -1.836229     4.675     4.173 26 54916.56430115 24.529
 78 306.573778  -1.834429     4.972     4.566 27 54951.56431016 25.710
 79 306.572345  -1.834806     6.261     6.254 26 54986.56433534 24.119
 80 306.576672  -1.833926     5.532     5.792 27 55021.56432778 28.239
 81 306.575825  -1.834578     5.235     5.284 27 55056.56432431 29.644
 82 306.574515  -1.834803     4.688     4.656 26 55091.56428214 17.788
 83 306.575246  -1.834506     2.890     2.855 27 55126.56426426 22.516
 84 306.574621  -1.834623     2.436     2.295 26 55161.56424334 14.818
 85 306.574626  -1.833945     3.539     3.518 26 55196.56425464 18.741
 86 306.574127  -1.834409     3.888     3.917 27 55231.56424717 20.330
 87 306.575569  -1.833444     4.164     4.379 26 55266.56424939 22.485
 88 306.576507  -1.833809     5.245     5.244 26 55301.56422715 22.095
 89 306.574622  -1.834413     5.408     5.394 26 55336.56422470 22.667
 90 306.575990  -1.834387     5.511     5.492 26 55371.56421485 22.132
 91 306.576509  -1.834415     5.140     5.131 27 55406.56423385 30.709
 92 306.576003  -1.834143     3.832     3.800 27 55441.56423357 20.191
 93 306.576557  -1.833910     2.974     2.992 26 55476.56417615 18.146
