# NaN NaN NaN ;Mean Elev.(m), Avg Gradient(m/km), RMS Gradient(m/km) - SRTM1     
# NaN NaN NaN ;Mean Elev.(m), Avg Gradient(m/km), RMS Gradient(m/km) - ASTER GDEM
#    0.703   0.041   6.420 ;Mean Elev.(m), Avg Gradient(m/km), RMS Gradient(m/km) - GMTED2010 
  8 309.174903  -0.262468     0.371     0.295  7 52497.05802032 21.341
  9 309.170285  -0.265801     1.703     1.702  7 52532.05800638 15.611
 10 309.175889  -0.259559     0.167     0.298  7 52567.05803049 20.295
 11 309.168343  -0.266039     0.443     0.470  6 52602.05803563 17.118
 12 309.170079  -0.265023     1.828     1.823  7 52637.05800330 16.273
 13 309.170865  -0.263141     0.257     0.400  7 52672.05800724 19.207
 14 309.172969  -0.262757     0.372     0.514  7 52707.05800887 21.426
 15 309.168770  -0.266119     1.680     1.655  6 52742.05803981 14.482
 16 309.174958  -0.261014     0.748     0.715  8 52777.05798267 21.139
 17 309.169806  -0.266800     1.947     1.957  7 52812.05806066 15.351
 18 309.171442  -0.264081     0.502     0.454  6 52847.05811581 17.056
 19 309.169818  -0.265462     0.831     0.988  6 52882.05815214 17.997
 20 309.173689  -0.260476     1.594     1.583  7 52917.05810993 21.856
 21 309.176292  -0.258815     0.093     0.242  7 52952.05807137 19.898
 22 309.178803  -0.258037     0.934     0.899  8 52987.05808688 14.471
 23 309.175940  -0.259911     1.632     1.654  7 53022.05807550 17.279
 24 309.177777  -0.258601     0.461     0.477  7 53057.05806732 21.067
 25 309.165757  -0.269104     1.415     1.432  6 53092.05810318 22.044
 26 309.174786  -0.260455     1.202     1.215  7 53127.05807557 18.804
 27 309.167233  -0.267975     0.951     0.962  6 53162.05813801 18.025
 28 309.173262  -0.261542     1.673     1.649  7 53197.05813815 17.415
 29 309.177895  -0.258253     0.207     0.067  8 53232.05811796 20.341
 30 309.171227  -0.264254     1.115     1.091  6 53267.05808604 13.114
 31 309.164887  -0.270199     1.197     1.200  6 53302.05813858 12.909
 32 309.172060  -0.264891     0.432     0.446  7 53337.05810947 17.717
 33 309.173876  -0.260716     1.181     1.208  7 53372.05804577 18.273
 35 309.172591  -0.263442     1.017     0.991  7 53442.05806799 18.366
 36 309.167700  -0.266962     1.731     1.715  6 53477.05813748 14.103
 37 309.171931  -0.264579     0.432     0.485  7 53512.05815067 32.285
 38 309.168003  -0.266740     1.163     1.236  7 53547.05816797 18.336
 39 309.172237  -0.263308     1.339     1.314  6 53582.05813867 14.925
 40 309.169632  -0.265267     0.036     0.072  7 53617.05809383 21.141
 41 309.172925  -0.264184     0.813     0.792  7 53652.05811100 16.048
 42 309.168917  -0.266706     1.097     1.103  7 53687.05811435 13.746
 43 309.174642  -0.261321    -0.115     0.056  8 53722.05804077 21.658
 44 309.178541  -0.257444     1.373     1.380  8 53757.05797358 17.132
 45 309.176075  -0.261599     0.925     0.895  7 53792.05799789 16.277
 46 309.176339  -0.260247     1.296     1.371  7 53827.05796281 22.178
 47 309.169461  -0.265608     1.640     1.561  6 53862.05804976 16.649
 48 309.172752  -0.261621     0.384     0.482  7 53897.05807170 18.681
 49 309.163578  -0.269560     1.169     1.195  6 53932.05811989 35.745
 50 309.166997  -0.267651     0.953     0.932  6 53967.05809473 15.275
 51 309.174305  -0.259849     0.514     0.542  7 54002.05806010 18.052
 52 309.174516  -0.260860     1.072     1.091  7 54037.05809858 17.274
 53 309.173934  -0.263613     0.855     0.833  7 54072.05809200 14.771
 54 309.171777  -0.265325    -0.175    -0.048  7 54107.05804201 21.384
 55 309.171970  -0.263386     1.505     1.472  6 54142.05802696 15.823
 56 309.171641  -0.263604     0.353     0.394  7 54177.05802449 18.428
 57 309.171529  -0.265311     1.264     1.293  7 54212.05803334 21.479
 58 309.172106  -0.265080     1.447     1.433  7 54247.05806323 15.164
 60 309.173796  -0.262037     1.544     1.604  7 54317.05807155 25.902
 61 309.172793  -0.262985     0.550     0.507  6 54352.05803772 15.182
 62 309.173600  -0.263629     0.707     0.680  7 54387.05801065 13.849
 63 309.172091  -0.263635     1.507     1.517  7 54422.05798716 13.847
 64 309.173039  -0.261308     0.554     0.594  7 54457.05798451 16.045
 65 309.173060  -0.261777     0.863     0.794  7 54492.05798981 19.531
 66 309.173955  -0.261079     1.666     1.662  7 54527.05799717 24.430
 67 309.172164  -0.263981     0.917     0.897  7 54562.05799760 16.852
 68 309.171904  -0.262653     1.575     1.493  7 54597.05799331 38.581
 69 309.171562  -0.265261     0.990     0.907  7 54632.05800601 14.276
 70 309.170789  -0.263320     0.672     0.729  7 54667.05801208 16.154
 71 309.173755  -0.263133     1.567     1.530  7 54702.05797944 15.685
 72 309.172349  -0.262934     0.373     0.539  7 54737.05797285 17.915
 73 309.173581  -0.262776     0.658     0.685  7 54772.05795978 15.331
 74 309.171736  -0.264540     1.443     1.481  7 54807.05796563 14.847
 75 309.172608  -0.262322     0.467     0.571  7 54842.05795678 16.043
 76 309.171385  -0.263954     1.275     1.370  7 54877.05796784 19.710
 77 309.170836  -0.263290     1.560     1.585  7 54912.05796098 15.848
 78 309.170839  -0.264808     0.957     0.935  6 54947.05796051 18.436
 79 309.170796  -0.263525     2.170     2.259  7 54982.05798679 21.051
 80 309.172337  -0.262511     0.578     0.688  7 55017.05798627 16.439
 81 309.173211  -0.262626     1.247     1.294  7 55052.05798144 17.409
 82 309.171824  -0.263851     1.638     1.634  7 55087.05794527 15.269
 83 309.173503  -0.261802     0.283     0.439  7 55122.05791617 20.122
 84 309.171269  -0.262724     1.113     1.144  7 55157.05790525 14.646
 85 309.171820  -0.263234     1.606     1.587  7 55192.05790576 15.163
 86 309.171643  -0.263677     0.771     0.584  6 55227.05790634 17.331
 87 309.172875  -0.261537     0.945     0.938  7 55262.05790108 21.425
 89 309.170862  -0.264992     1.073     1.064  7 55332.05788121 15.609
 90 309.172667  -0.262185     1.725     1.756  7 55367.05787370 20.525
 91 309.172775  -0.264435     0.100     0.197  7 55402.05788727 21.766
 92 309.173917  -0.262999     0.272     0.197  7 55437.05789131 23.977
 93 309.172881  -0.262506     0.475     0.826  7 55472.05784146 19.523
