#    0.000   0.000   0.000 ;Mean Elev.(m), Avg Gradient(m/km), RMS Gradient(m/km) - SRTM1     
#    0.000   0.000   0.000 ;Mean Elev.(m), Avg Gradient(m/km), RMS Gradient(m/km) - ASTER GDEM
#    9.029  -1.312   5.301 ;Mean Elev.(m), Avg Gradient(m/km), RMS Gradient(m/km) - GMTED2010 
 11 299.775960  -3.271264    17.004    17.076  6 52588.08538701 24.678
 12 299.773988  -3.269999    15.926    16.302  6 52623.08534364 31.539
 13 299.776148  -3.271404    17.119    17.152  6 52658.08535826 22.248
 15 299.776104  -3.269809    18.027    18.033  6 52728.08538041 22.202
 16 299.762540  -3.264118    20.410    20.377  5 52763.08539476 40.104
 17 299.780191  -3.273671    21.896    21.866  7 52798.08536286 38.245
 18 299.779601  -3.273404    22.034    22.032  6 52833.08543369 34.447
 19 299.781474  -3.274992    20.913    21.015  7 52868.08547579 35.703
 20 299.772354  -3.268449    17.590    17.542  6 52903.08549317 32.831
 21 299.771675  -3.266913    15.694    16.331  6 52938.08543106 18.811
 22 299.771199  -3.267031    14.498    13.704  5 52973.08546475 25.891
 23 299.767142  -3.265230    15.995    15.826  4 53008.08547404 17.982
 24 299.770403  -3.267398    16.679    16.338  5 53043.08543066 25.044
 25 299.767266  -3.264067    17.231    16.590  5 53078.08546433 23.065
 26 299.766649  -3.264682    19.119    19.001  5 53113.08543466 29.681
 27 299.768422  -3.266029    20.579    20.575  6 53148.08547937 34.403
 28 299.779856  -3.273944    20.811    20.824  7 53183.08547706 34.202
 29 299.772199  -3.268421    20.011    19.992  6 53218.08550236 34.665
 30 299.768272  -3.266533    17.972    17.739  5 53253.08548050 27.205
 31 299.765752  -3.264915    15.338    14.561  5 53288.08548168 25.511
 32 299.781446  -3.274803     3.343    16.354  6 53323.08545514 22.375
 33 299.779182  -3.272591    16.031    16.261  7 53358.08542028 25.443
 34 299.772299  -3.269090    17.105    16.666  6 53393.08543684 34.362
 35 299.777384  -3.271208    17.673    17.692  7 53428.08543079 37.947
 36 299.777132  -3.271676    19.877    19.873  6 53463.08544934 32.596
 37 299.764674  -3.264477    21.429    21.435  4 53498.08552237 28.815
 38 299.776871  -3.271842    22.123    22.099  6 53533.08550313 39.410
 39 299.766241  -3.265923    20.520    20.444  5 53568.08552302 32.358
 40 299.774407  -3.268843    16.589    16.364  6 53603.08546746 32.084
 41 299.769421  -3.266378    12.140    10.797  5 53638.08546632 23.097
 42 299.767145  -3.265909    10.763     9.076  5 53673.08548679 25.411
 43 299.779800  -3.273437    13.453    13.415  6 53708.08541637 33.722
 44 299.776571  -3.270175    15.524    15.533  6 53743.08532815 26.408
 45 299.779365  -3.273334    18.306    18.258  6 53778.08535435 26.818
 46 299.775959  -3.270211    20.149    20.128  6 53813.08533032 30.575
 47 299.769815  -3.267148    20.962    20.962  6 53848.08538706 39.051
 49 299.764046  -3.264490    21.961    21.977  5 53918.08546941 28.788
 50 299.762920  -3.264203    20.059    19.977  5 53953.08547270 29.891
 52 299.774664  -3.270843    16.959    16.966  6 54023.08545079 30.449
 53 299.782267  -3.275700    16.523    16.626  6 54058.08544168 20.758
 54 299.773193  -3.267674    15.674    15.288  6 54093.08542394 23.673
 55 299.775146  -3.269727    17.304    17.242  6 54128.08536103 38.629
 56 299.771801  -3.267949    17.704    17.467  5 54163.08539382 19.284
 57 299.773937  -3.269183    18.932    18.942  6 54198.08536321 44.625
 58 299.774141  -3.268744    20.925    20.913  6 54233.08540723 33.370
 59 299.774173  -3.269016    22.093    22.087  6 54268.08542634 34.211
 60 299.774748  -3.269615    21.501    21.439  6 54303.08542966 38.525
 61 299.773979  -3.268405    18.852    18.823  6 54338.08541535 31.445
 62 299.774738  -3.269206    13.931    13.180  6 54373.08536293 26.510
 63 299.772903  -3.269105    13.864    14.658  6 54408.08536057 26.835
 64 299.775021  -3.269062    15.297    15.565  6 54443.08532337 20.988
 65 299.775155  -3.270689    16.654    16.651  6 54478.08534952 27.841
 66 299.775397  -3.269923    18.414    18.471  6 54513.08533828 25.772
 67 299.773611  -3.269566    20.066    20.104  6 54548.08536342 37.061
 68 299.775082  -3.270431    20.957    20.973  6 54583.08533435 40.442
 69 299.774235  -3.269524    22.092    22.063  6 54618.08535512 39.660
 70 299.771945  -3.268357    22.152    22.174  6 54653.08536699 39.486
 71 299.773221  -3.269624    20.268    20.279  6 54688.08535623 40.855
 72 299.775168  -3.269807    15.885    16.808  7 54723.08531450 28.484
 73 299.772957  -3.269211    13.578    12.818  6 54758.08533179 25.714
 74 299.773268  -3.269509    14.386    13.584  6 54793.08530715 27.517
 75 299.774055  -3.269895    15.543    16.078  6 54828.08532994 18.909
 76 299.774538  -3.268556    18.407    18.357  6 54863.08530204 28.734
 77 299.771850  -3.267622    20.320    20.343  5 54898.08532998 24.106
 78 299.772957  -3.267929    21.670    21.750  6 54933.08529675 34.792
 79 299.773277  -3.268075    23.008    22.990  6 54968.08533182 30.716
 80 299.770061  -3.266415    23.333    23.274  5 55003.08535176 36.817
 81 299.775063  -3.270050    22.984    23.052  6 55038.08533743 29.027
 82 299.772858  -3.268473    20.881    20.881  6 55073.08532383 35.388
 83 299.773563  -3.269163    15.904    16.188  6 55108.08527011 27.480
 84 299.772067  -3.267855    12.925    11.871  5 55143.08527459 23.576
 85 299.775274  -3.269956    14.016    13.570  7 55178.08524194 21.396
 86 299.773434  -3.269724    16.243    16.222  6 55213.08526926 26.991
 87 299.774948  -3.269794    17.052    17.027  6 55248.08524253 29.422
 88 299.772353  -3.268629    17.125    18.172  6 55283.08526284 28.110
 89 299.771586  -3.266918    20.688    20.675  6 55318.08523373 29.788
 90 299.772837  -3.267883    21.894    21.901  6 55353.08523620 37.715
 91 299.772481  -3.268754    21.355    21.299  6 55388.08523283 34.727
 92 299.774519  -3.269624    18.676    18.648  6 55423.08525338 31.959
 93 299.774104  -3.270078    14.101    14.841  6 55458.08522573 23.699
