#    0.000   0.000   0.000 ;Mean Elev.(m), Avg Gradient(m/km), RMS Gradient(m/km) - SRTM1     
#    0.000   0.000   0.000 ;Mean Elev.(m), Avg Gradient(m/km), RMS Gradient(m/km) - ASTER GDEM
#   16.908   0.089   4.045 ;Mean Elev.(m), Avg Gradient(m/km), RMS Gradient(m/km) - GMTED2010 
  7    27.480 52465.58673222 33.78 298.220672  -3.879020 29.995
  7    27.138 52465.58673287 31.12 298.219942  -3.882320 29.995
  7    27.031 52465.58673351 35.67 298.219222  -3.885630 29.995
  7    27.274 52465.58673416 33.98 298.218492  -3.888930 29.995
  8    26.050 52500.58672670 35.63 298.220729  -3.877873 29.322
  8    25.704 52500.58672734 27.66 298.219999  -3.881183 29.322
  8    25.614 52500.58672799 27.88 298.219274  -3.884479 36.726
  8    25.808 52500.58672863 28.80 298.218544  -3.887789 36.726
  9    24.140 52535.58671406 16.95 298.217810  -3.878146 29.286
  9    22.291 52535.58671470 17.99 298.217090  -3.881446 29.286
  9    22.531 52535.58671535 20.07 298.216360  -3.884756 29.286
  9    23.103 52535.58671599 22.78 298.215630  -3.888056 29.286
 11    19.735 52605.58671894 24.06 298.220494  -3.879252  4.323
 11    19.708 52605.58671958 25.80 298.219764  -3.882562  4.323
 11    19.838 52605.58672023 26.20 298.219039  -3.885859 19.379
 12    21.972 52640.58670725 31.33 298.218207  -3.878906 26.636
 12    21.936 52640.58670789 23.04 298.217477  -3.882206 26.636
 12    21.641 52640.58670854 19.34 298.216747  -3.885516 26.636
 12    21.748 52640.58670918 21.90 298.216027  -3.888816 26.636
 13    23.515 52675.58669871 13.71 298.221580  -3.877511 34.613
 13    21.597 52675.58669935 15.72 298.220850  -3.880811 34.613
 13    21.545 52675.58670000 19.07 298.220120  -3.884121 34.613
 13    21.926 52675.58670064 20.73 298.219400  -3.887421 34.613
 14    22.881 52710.58672134 38.63 298.218858  -3.878976 25.270
 14    22.924 52710.58672198 30.07 298.218128  -3.882286 25.270
 14    22.393 52710.58672263 24.53 298.217398  -3.885586 25.270
 14    22.661 52710.58672327 24.98 298.216668  -3.888896 25.270
 15    23.818 52745.58674929 22.17 298.212865  -3.878447 27.516
 15    23.879 52745.58674993 22.11 298.212135  -3.881757 27.516
 15    24.384 52745.58675058 23.74 298.211415  -3.885057 27.516
 15    24.817 52745.58675122 28.36 298.210685  -3.888367 27.516
 16    25.899 52780.58668600 27.77 298.218386  -3.878463 31.999
 16    25.770 52780.58668664 25.86 298.217656  -3.881763 31.999
 16    26.095 52780.58668729 27.63 298.216926  -3.885073 31.999
 16    26.489 52780.58668793 28.60 298.216196  -3.888373 31.999
 17    27.201 52815.58676808 31.48 298.216982  -3.878862 34.041
 17    26.710 52815.58676873 28.35 298.216252  -3.882172 34.041
 17    26.886 52815.58676937 26.51 298.215522  -3.885472 34.041
 17    27.274 52815.58677001 30.05 298.214792  -3.888782 34.041
 18    26.666 52850.58681977 33.31 298.220385  -3.878414 27.206
 18    26.591 52850.58682042 30.61 298.219655  -3.881714 27.206
 18    26.599 52850.58682106 30.78 298.218935  -3.885014 27.206
 18    26.670 52850.58682170 31.51 298.218205  -3.888324 27.206
 19    23.865 52885.58685484 21.16 298.216628  -3.878823 35.453
 19    23.573 52885.58685548 20.15 298.215898  -3.882133 35.453
 19    23.886 52885.58685613 22.12 298.215168  -3.885433 35.453
 19    24.163 52885.58685677 27.29 298.214438  -3.888743 35.453
 20    18.420 52920.58681063 31.06 298.220942  -3.878557  5.662
 20    18.282 52920.58681128 30.12 298.220218  -3.881854 20.425
 20    18.259 52920.58681192 30.09 298.219488  -3.885164 20.425
 20    18.383 52920.58681257 30.92 298.218758  -3.888464 20.425
 21    17.877 52955.58677477 21.51 298.225535  -3.878452  9.111
 21    17.767 52955.58677541 22.80 298.224801  -3.881747 28.825
 21    17.873 52955.58677606 23.85 298.224071  -3.885057 28.825
 21    18.182 52955.58677670 25.27 298.223351  -3.888357 28.825
 22    18.759 52990.58678901 44.98 298.227263  -3.878093 22.852
 22    18.780 52990.58678966 43.61 298.226533  -3.881393 22.852
 22    18.772 52990.58679030 40.04 298.225803  -3.884703 22.852
 22    18.627 52990.58679095 34.42 298.225073  -3.888003 22.852
 23    21.011 53025.58675943 14.73 298.229496  -3.877982 24.969
 23    21.248 53025.58676007 16.44 298.228766  -3.881282 24.969
 23    21.365 53025.58676072 20.04 298.228036  -3.884592 24.969
 23    21.526 53025.58676136 25.17 298.227316  -3.887892 24.969
 25    22.838 53095.58679876 17.66 298.213716  -3.881013 23.362
 25    22.457 53095.58679941 19.10 298.212996  -3.884313 23.362
 25    22.762 53095.58680005 22.90 298.212266  -3.887623 23.362
 26    25.045 53130.58676968 43.28 298.227621  -3.877030 27.354
 26    24.980 53130.58677033 42.88 298.226901  -3.880340 27.354
 26    25.113 53130.58677097 43.28 298.226171  -3.883640 27.354
 26    24.963 53130.58677162 45.83 298.225441  -3.886950 27.354
 28    25.409 53200.58684398 39.51 298.219937  -3.878732 16.694
 28    25.293 53200.58684462 32.56 298.219207  -3.882032 16.694
 28    25.064 53200.58684527 30.55 298.218477  -3.885342 16.694
 28    25.173 53200.58684591 31.04 298.217747  -3.888642 16.694
 29    24.035 53235.58681321 41.50 298.228733  -3.878293 15.743
 29    23.822 53235.58681386 39.91 298.228003  -3.881603 15.743
 29    23.885 53235.58681450 42.85 298.227273  -3.884903 15.743
 29    23.935 53235.58681515 43.80 298.226543  -3.888213 15.743
 30    20.378 53270.58677548 20.17 298.220337  -3.880371 15.041
 30    20.296 53270.58677613 21.09 298.219607  -3.883671 15.041
 30    20.223 53270.58677677 22.11 298.218877  -3.886981 15.041
 31    23.754 53305.58683875 10.13 298.213084  -3.880138 19.111
 31    22.150 53305.58683939 11.64 298.212354  -3.883448 19.111
 31    22.452 53305.58684004 14.60 298.211634  -3.886748 19.111
 33    21.482 53375.58673647 31.25 298.224006  -3.879322 19.736
 33    21.371 53375.58673711 31.11 298.223276  -3.882632 19.736
 33    21.292 53375.58673776 32.13 298.222546  -3.885932 19.736
 34    21.072 53410.58678093 28.21 298.223579  -3.878924 16.238
 34    21.236 53410.58678158 27.46 298.222849  -3.882224 16.238
 34    21.201 53410.58678222 28.44 298.222129  -3.885534 16.238
 34    21.358 53410.58678287 29.45 298.221399  -3.888834 16.238
 35    23.979 53445.58676357 28.31 298.221110  -3.880129 23.745
 35    23.878 53445.58676421 28.28 298.220380  -3.883429 23.745
 35    23.919 53445.58676486 30.01 298.219650  -3.886739 23.745
 36    25.719 53480.58684594 30.39 298.214019  -3.878012 30.856
 36    25.681 53480.58684658 24.69 298.213299  -3.881312 30.856
 36    25.332 53480.58684723 25.22 298.212569  -3.884622 30.856
 36    25.479 53480.58684787 27.13 298.211839  -3.887922 30.856
 37    25.906 53515.58685127 29.64 298.220345  -3.880531 34.961
 37    26.178 53515.58685191 26.58 298.219615  -3.883841 34.961
 37    26.307 53515.58685256 29.94 298.218895  -3.887141 34.961
 38    26.412 53550.58687136 30.65 298.214586  -3.879864 31.001
 38    25.989 53550.58687200 23.66 298.213866  -3.883164 31.001
 38    26.170 53550.58687265 25.12 298.213136  -3.886474 31.001
 39    22.816 53585.58683004 18.68 298.222885  -3.879388 30.826
 39    22.813 53585.58683068 19.71 298.222155  -3.882698 30.826
 39    23.230 53585.58683133 21.84 298.221425  -3.885998 30.826
 40    16.743 53620.58678890 28.14 298.213245  -3.880324 12.796
 40    16.150 53620.58678954 28.25 298.212525  -3.883624 12.796
 40    16.349 53620.58679019 28.96 298.211795  -3.886934 12.796
 41    12.682 53655.58681755 25.00 298.218799  -3.879375 16.593
 41    12.811 53655.58681819 24.98 298.218079  -3.882675 16.593
 41    12.932 53655.58681884 26.23 298.217349  -3.885985 16.593
 42    20.871 53690.58680912 12.80 298.217885  -3.880425 16.536
 42    18.939 53690.58680977 15.48 298.217155  -3.883725 16.536
 42    21.593 53690.58681041 15.37 298.216425  -3.887035 16.536
 43    18.121 53725.58673268 33.84 298.223485  -3.878977 20.180
 43    18.016 53725.58673333 24.51 298.222755  -3.882287 20.180
 43    18.218 53725.58673397 23.19 298.222025  -3.885587 20.180
 43    18.182 53725.58673462 30.70 298.221295  -3.888897 20.180
 44    21.223 53760.58667923 33.16 298.227995  -3.877333 18.172
 44    21.027 53760.58667987 33.54 298.227265  -3.880643 18.172
 44    21.113 53760.58668052 34.08 298.226545  -3.883943 18.172
 44    21.075 53760.58668116 34.32 298.225815  -3.887253 18.172
 45    23.066 53795.58669587 21.56 298.224563  -3.878641 35.841
 45    23.574 53795.58669651 20.44 298.223833  -3.881941 35.841
 45    23.905 53795.58669716 24.01 298.223103  -3.885251 35.841
 45    24.126 53795.58669780 29.99 298.222383  -3.888551 35.841
 46    24.361 53830.58667651 23.88 298.223434  -3.878727 35.252
 46    24.222 53830.58667716 25.79 298.222704  -3.882037 35.252
 46    24.892 53830.58667780 25.62 298.221974  -3.885337 35.252
 46    25.195 53830.58667845 28.31 298.221244  -3.888647 35.252
 47    25.861 53865.58675275 27.08 298.217438  -3.880234 35.518
 47    26.229 53865.58675340 28.05 298.216708  -3.883544 35.518
 47    26.358 53865.58675404 30.82 298.215978  -3.886844 35.518
 48    26.752 53900.58677954 30.53 298.219963  -3.878634 38.024
 48    26.565 53900.58678018 24.17 298.219243  -3.881934 38.024
 48    26.698 53900.58678082 26.24 298.218513  -3.885244 38.024
 48    27.048 53900.58678147 32.45 298.217783  -3.888544 38.024
 49    25.386 53935.58682152 30.85 298.210187  -3.879893 26.645
 49    25.097 53935.58682217 29.07 298.209457  -3.883203 26.645
 49    25.166 53935.58682281 30.16 298.208727  -3.886503 26.645
 50    24.414 53970.58678926 15.58 298.216254  -3.877940 27.354
 50    21.326 53970.58678991 15.42 298.215524  -3.881250 27.354
 50    22.307 53970.58679055 16.07 298.214804  -3.884550 27.354
 50    22.936 53970.58679120 17.26 298.214074  -3.887860 27.354
 51    16.344 54005.58676707 40.06 298.222776  -3.878240  9.338
 51    16.556 54005.58676771 30.44 298.222046  -3.881550  9.338
 51    16.338 54005.58676836 28.48 298.221316  -3.884850  9.338
 51    16.046 54005.58676900 28.22 298.220586  -3.888160  9.338
 52    15.311 54040.58679734 24.84 298.223914  -3.879472 10.521
 52    15.504 54040.58679799 25.39 298.223194  -3.882782 10.521
 52    15.532 54040.58679863 26.20 298.222464  -3.886082 10.521
 54    21.795 54110.58673394 39.17 298.220501  -3.877722 22.359
 54    21.770 54110.58673459 43.25 298.219771  -3.881022 22.359
 54    21.801 54110.58673523 42.44 298.219041  -3.884332 22.359
 54    21.856 54110.58673588 44.39 298.218311  -3.887632 22.359
 55    22.813 54145.58673129 18.31 298.220094  -3.879163 30.070
 55    22.925 54145.58673194 19.30 298.219364  -3.882473 30.070
 55    23.122 54145.58673258 21.79 298.218634  -3.885773 30.070
 56    22.403 54180.58672080 16.58 298.220018  -3.880155 32.642
 56    22.526 54180.58672145 18.93 298.219298  -3.883465 32.642
 56    22.669 54180.58672209 21.76 298.218568  -3.886765 32.642
 57    24.650 54215.58673860 22.80 298.219680  -3.877769 34.901
 57    24.023 54215.58673925 22.49 298.218950  -3.881079 34.901
 57    24.629 54215.58673989 23.60 298.218220  -3.884379 34.901
 57    24.895 54215.58674054 27.94 298.217490  -3.887689 34.901
 58    25.984 54250.58676603 25.60 298.219505  -3.880272 38.878
 58    25.956 54250.58676667 25.91 298.218775  -3.883582 38.878
 58    26.354 54250.58676731 27.55 298.218045  -3.886882 38.878
 59    25.840 54285.58677288 27.49 298.221900  -3.879221 39.046
 59    25.837 54285.58677352 25.66 298.221170  -3.882531 39.046
 59    26.343 54285.58677417 25.18 298.220440  -3.885831 39.046
 60    24.468 54320.58677001 28.16 298.221939  -3.880263 28.362
 60    24.535 54320.58677066 30.01 298.221209  -3.883573 28.362
 60    24.632 54320.58677130 31.01 298.220479  -3.886873 28.362
 61    18.304 54355.58673097 30.42 298.222548  -3.877502 15.742
 61    18.271 54355.58673162 27.73 298.221818  -3.880812 15.742
 61    18.020 54355.58673226 26.58 298.221098  -3.884112 15.742
 61    18.477 54355.58673291 26.97 298.220368  -3.887422 15.742
 62    15.673 54390.58671052 30.37 298.221515  -3.878935  7.990
 62    15.409 54390.58671117 26.07 298.220785  -3.882245  7.990
 62    15.789 54390.58671181 26.13 298.220065  -3.885545  7.990
 62    15.472 54390.58671246 26.64 298.219335  -3.888855  7.990
 63    18.073 54425.58668160 19.80 298.221384  -3.878969 18.320
 63    17.973 54425.58668224 20.72 298.220654  -3.882269 18.320
 63    17.866 54425.58668289 20.75 298.219924  -3.885579 18.320
 63    18.083 54425.58668353 23.08 298.219204  -3.888879 18.320
 64    23.341 54460.58668658 13.29 298.221747  -3.877619 32.280
 64    20.435 54460.58668722 14.71 298.221017  -3.880929 32.280
 64    20.394 54460.58668787 17.49 298.220287  -3.884229 32.280
 64    20.381 54460.58668851 22.44 298.219557  -3.887539 32.280
 65    23.095 54495.58668794 44.39 298.221779  -3.880101  8.936
 65    23.128 54495.58668858 43.45 298.221049  -3.883401  8.936
 65    23.125 54495.58668923 45.02 298.220319  -3.886711  8.936
 66    24.094 54530.58669950 23.04 298.222858  -3.878010 33.885
 66    23.809 54530.58670015 22.74 298.222128  -3.881310 33.885
 66    23.833 54530.58670079 24.48 298.221398  -3.884620 33.885
 66    24.120 54530.58670144 27.33 298.220668  -3.887920 33.885
 67    24.635 54565.58669350 23.68 298.221197  -3.879750 38.529
 67    24.978 54565.58669414 25.03 298.220467  -3.883050 38.529
 67    25.404 54565.58669479 26.56 298.219737  -3.886360 38.529
 68    25.499 54600.58669515 27.78 298.220346  -3.879919 42.954
 68    25.825 54600.58669579 27.75 298.219616  -3.883229 42.954
 68    26.126 54600.58669644 29.75 298.218896  -3.886529 42.954
 69    26.706 54635.58670736 31.97 298.219494  -3.878416 24.392
 69    26.628 54635.58670801 31.30 298.218764  -3.881716 24.392
 69    26.674 54635.58670865 30.82 298.218034  -3.885026 24.392
 69    26.780 54635.58670929 32.34 298.217304  -3.888326 24.392
 70    25.475 54670.58671121 29.23 298.219907  -3.878642 22.559
 70    25.506 54670.58671185 28.28 298.219177  -3.881952 22.559
 70    25.503 54670.58671250 29.17 298.218457  -3.885252 22.559
 70    25.620 54670.58671314 31.84 298.217727  -3.888562 22.559
 71    22.232 54705.58667304 28.08 298.222658  -3.878941 25.728
 71    22.107 54705.58667368 28.32 298.221928  -3.882251 25.728
 71    22.131 54705.58667433 29.19 298.221198  -3.885551 25.728
 71    22.227 54705.58667497 29.55 298.220468  -3.888861 25.728
 72    17.626 54740.58667537 20.82 298.220707  -3.879561 10.274
 72    17.496 54740.58667601 21.68 298.219977  -3.882871 10.274
 72    17.610 54740.58667666 21.69 298.219247  -3.886171 10.274
 73    16.870 54775.58665496 28.03 298.222115  -3.879774  9.052
 73    17.017 54775.58665560 28.55 298.221385  -3.883084  9.052
 73    17.010 54775.58665625 29.07 298.220665  -3.886384  9.052
 74    19.907 54810.58666858 49.13 298.220126  -3.880364 18.134
 74    19.859 54810.58666923 50.05 298.219396  -3.883664 18.134
 74    19.826 54810.58666987 49.92 298.218666  -3.886974 18.134
 75    21.266 54845.58665398 41.73 298.220901  -3.879615 18.629
 75    21.132 54845.58665463 42.96 298.220171  -3.882925 18.629
 75    21.208 54845.58665527 45.24 298.219451  -3.886225 18.629
 76    23.370 54880.58667243 21.05 298.219024  -3.880163 31.633
 76    23.831 54880.58667307 22.74 298.218294  -3.883463 31.633
 76    24.181 54880.58667372 25.40 298.217564  -3.886773 31.633
 77    25.818 54915.58665746 30.53 298.218828  -3.880437 27.810
 77    25.943 54915.58665810 29.80 298.218098  -3.883747 27.810
 77    26.174 54915.58665875 30.95 298.217378  -3.887047 27.810
 79    27.863 54985.58668981 28.02 298.218170  -3.880265 34.467
 79    27.592 54985.58669045 29.87 298.217440  -3.883575 34.467
 79    27.918 54985.58669110 29.89 298.216710  -3.886875 34.467
 80    27.971 55020.58668345 29.83 298.222072  -3.879617 36.763
 80    27.840 55020.58668410 29.56 298.221342  -3.882927 36.763
 80    27.787 55020.58668474 29.48 298.220622  -3.886227 36.763
 81    27.118 55055.58667944 45.38 298.222270  -3.877371 38.955
 81    27.168 55055.58668008 41.74 298.221540  -3.880671 38.955
 81    27.094 55055.58668073 46.34 298.220810  -3.883981 38.955
 81    27.192 55055.58668137 43.36 298.220090  -3.887281 38.955
 82    23.153 55090.58663864 20.92 298.220821  -3.877416 26.465
 82    22.958 55090.58663929 19.28 298.220091  -3.880716 26.465
 82    22.673 55090.58663993 20.71 298.219361  -3.884016 26.465
 82    22.792 55090.58664058 22.73 298.218631  -3.887326 26.465
 83    23.706 55125.58661880 10.34 298.221360  -3.878760 15.546
 83    23.346 55125.58661945 11.54 298.220630  -3.882070 15.546
 83    20.599 55125.58662009 13.82 298.219900  -3.885370 15.546
 83    20.942 55125.58662073 16.12 298.219170  -3.888680 15.546
 84    23.350 55160.58659997 15.85 298.220410  -3.878499 13.176
 84    14.889 55160.58660062 17.78 298.219680  -3.881799 13.176
 84    15.542 55160.58660126 19.49 298.218950  -3.885109 13.176
 84    17.682 55160.58660191 20.91 298.218220  -3.888409 13.176
 85    23.715 55195.58660915 12.47 298.220150  -3.879578 19.436
 85    19.990 55195.58660980 16.81 298.219420  -3.882888 19.436
 85    20.076 55195.58661044 16.98 298.218690  -3.886188 19.436
 86    23.634 55230.58660309 13.14 298.220333  -3.877470 24.963
 86    21.089 55230.58660374 16.13 298.219603  -3.880780 24.963
 86    21.218 55230.58660438 17.52 298.218873  -3.884080 24.963
 86    21.362 55230.58660503 18.82 298.218153  -3.887390 24.963
 87    22.632 55265.58660414 23.81 298.221146  -3.879536 22.328
 87    22.691 55265.58660478 24.40 298.220416  -3.882846 22.328
 87    22.762 55265.58660543 25.19 298.219686  -3.886146 22.328
 88    23.282 55300.58658422 19.62 298.222168  -3.878655 25.018
 88    23.494 55300.58658486 21.43 298.221445  -3.881954 39.982
 88    23.995 55300.58658551 23.44 298.220715  -3.885264 39.982
 88    24.177 55300.58658615 28.44 298.219985  -3.888564 39.982
 89    26.244 55335.58658021 37.86 298.220209  -3.879077 31.401
 89    26.102 55335.58658086 37.71 298.219479  -3.882387 31.401
 89    26.225 55335.58658150 39.14 298.218759  -3.885687 31.401
 89    26.162 55335.58658215 40.56 298.218029  -3.888997 31.401
 90    25.835 55370.58657080 27.31 298.221683  -3.878865 38.455
 90    25.876 55370.58657144 26.81 298.220953  -3.882175 38.455
 90    26.070 55370.58657209 29.43 298.220233  -3.885475 38.455
 90    26.393 55370.58657273 29.80 298.219503  -3.888785 38.455
 91    24.414 55405.58658841 35.66 298.222340  -3.877282 28.442
 91    24.554 55405.58658905 39.71 298.221610  -3.880592 28.442
 91    24.446 55405.58658970 44.47 298.220880  -3.883892 28.442
 91    24.567 55405.58659034 43.92 298.220150  -3.887202 28.442
 92    18.493 55440.58658951 29.39 298.221746  -3.880337 24.865
 92    18.219 55440.58659015 21.97 298.221016  -3.883647 24.865
 92    19.279 55440.58659080 19.10 298.220296  -3.886947 24.865
 93    13.022 55475.58653336 30.95 298.222666  -3.877248 12.354
 93    13.146 55475.58653400 30.34 298.221936  -3.880558 12.354
 93    13.185 55475.58653465 35.16 298.221206  -3.883858 12.354
 93    13.410 55475.58653529 33.96 298.220476  -3.887168 12.354
