#    0.000   0.000   0.000 ;Mean Elev.(m), Avg Gradient(m/km), RMS Gradient(m/km) - SRTM1     
#    0.000   0.000   0.000 ;Mean Elev.(m), Avg Gradient(m/km), RMS Gradient(m/km) - ASTER GDEM
#    7.209  -3.438   7.770 ;Mean Elev.(m), Avg Gradient(m/km), RMS Gradient(m/km) - GMTED2010 
  8    21.533 52497.58262662 38.27 299.776672  -3.350778 31.530
  8    21.298 52497.58262726 31.25 299.775942  -3.354078 31.530
  8    21.515 52497.58262791 30.65 299.775222  -3.357388 31.530
  8    21.665 52497.58262855 36.42 299.774488  -3.360688 29.029
 10    17.133 52567.58263873 22.42 299.776942  -3.352630 21.382
 10    13.042 52567.58263938 22.43 299.776222  -3.355930 21.382
 10    14.016 52567.58264002 23.05 299.775492  -3.359240 21.382
 11    13.163 52602.58263968 22.44 299.770052  -3.351314 21.740
 11    13.573 52602.58264032 22.45 299.769332  -3.354614 21.740
 11    13.554 52602.58264097 22.24 299.768602  -3.357924 21.740
 11    13.724 52602.58264161 20.69 299.767872  -3.361224 21.740
 12    16.371 52637.58261025 19.57 299.770864  -3.352228 17.942
 12    16.482 52637.58261090 19.88 299.770134  -3.355528 17.942
 13    17.796 52672.58261161 18.88 299.773154  -3.349865 18.448
 13    16.795 52672.58261225 15.55 299.772424  -3.353175 18.448
 13    16.701 52672.58261290 15.49 299.771704  -3.356475 18.448
 13    16.943 52672.58261354 16.59 299.770974  -3.359785 18.448
 14    16.866 52707.58261646 15.86 299.773924  -3.352604 21.488
 14    16.372 52707.58261710 16.72 299.773194  -3.355904 21.488
 14    16.693 52707.58261775 17.81 299.772464  -3.359214 21.488
 15    20.093 52742.58264837 20.70 299.768298  -3.356024 24.094
 15    20.374 52742.58264901 21.80 299.767568  -3.359324 24.094
 17    21.817 52812.58266761 33.11 299.770544  -3.351123 35.205
 17    21.820 52812.58266826 33.23 299.769824  -3.354433 35.205
 17    22.142 52812.58266890 36.60 299.769094  -3.357733 35.205
 17    22.388 52812.58266955 35.31 299.768364  -3.361043 35.205
 18    21.693 52847.58272180 33.09 299.772951  -3.350936 24.303
 18    21.698 52847.58272244 31.70 299.772221  -3.354236 24.303
 18    21.668 52847.58272308 34.12 299.771491  -3.357546 24.303
 18    22.073 52847.58272373 39.30 299.770761  -3.360846 24.303
 19    19.901 52882.58275812 31.58 299.771219  -3.350310 24.277
 19    19.791 52882.58275876 30.76 299.770489  -3.353610 24.277
 19    19.670 52882.58275941 33.40 299.769769  -3.356920 24.277
 19    19.838 52882.58276005 34.92 299.769039  -3.360220 24.277
 20    18.549 52917.58271494 20.99 299.776109  -3.350355 19.505
 20    15.135 52917.58271559 19.69 299.775379  -3.353655 19.505
 20    15.524 52917.58271623 19.41 299.774649  -3.356965 19.505
 20    16.640 52917.58271688 21.32 299.773919  -3.360265 19.505
 21    17.311 52952.58267703 18.91 299.778475  -3.351715 18.531
 21    16.012 52952.58267768 12.26 299.777745  -3.355015 18.531
 21    16.082 52952.58267832 13.09 299.777015  -3.358325 18.531
 21    17.349 52952.58267897 15.27 299.776295  -3.361625 18.531
 22    15.104 52987.58269029 18.50 299.781803  -3.352349 18.040
 22    14.973 52987.58269093 11.76 299.781073  -3.355649 18.040
 22    15.747 52987.58269158 12.94 299.780343  -3.358959 18.040
 23    16.443 53022.58267858 16.98 299.778759  -3.353240 20.137
 23    16.031 53022.58267922 16.38 299.778039  -3.356540 20.137
 23    15.978 53022.58267986 17.36 299.777309  -3.359850 20.137
 24    15.636 53057.58267169 25.09 299.780222  -3.353738 26.244
 24    15.836 53057.58267234 23.95 299.779502  -3.357038 26.244
 24    15.997 53057.58267298 25.52 299.778772  -3.360348 26.244
 25    17.567 53092.58270851 19.84 299.767384  -3.347515 29.410
 25    17.271 53092.58270916 20.83 299.766654  -3.350825 29.410
 25    17.259 53092.58270980 21.71 299.765934  -3.354125 29.410
 25    17.807 53092.58271045 21.45 299.765204  -3.357435 29.410
 26    19.604 53127.58267994 27.20 299.777011  -3.353467 31.339
 26    19.351 53127.58268059 26.56 299.776291  -3.356767 31.339
 26    19.765 53127.58268123 26.04 299.775561  -3.360077 31.339
 28    20.844 53197.58274381 35.53 299.775334  -3.350221 35.955
 28    20.161 53197.58274445 26.56 299.774614  -3.353521 35.955
 28    20.337 53197.58274510 23.95 299.773884  -3.356831 35.955
 28    20.653 53197.58274574 29.67 299.773154  -3.360131 35.955
 29    19.310 53232.58272136 30.66 299.780883  -3.353498 21.646
 29    19.351 53232.58272201 30.65 299.780153  -3.356798 21.646
 29    19.374 53232.58272265 30.63 299.779423  -3.360108 21.646
 30    17.255 53267.58268945 26.00 299.773702  -3.350087 19.530
 30    15.986 53267.58269009 25.88 299.772982  -3.353387 19.530
 30    16.045 53267.58269074 25.60 299.772252  -3.356697 19.530
 30    16.191 53267.58269138 24.99 299.771522  -3.359997 19.530
 31    13.974 53302.58274420 16.63 299.766382  -3.345394 19.796
 31    13.878 53302.58274484 13.66 299.765652  -3.348704 19.796
 31    13.913 53302.58274548 14.87 299.764932  -3.352004 19.796
 31    15.117 53302.58274613 14.98 299.764202  -3.355314 19.796
 31    14.166 53302.58274677 18.04 299.763472  -3.358614 19.796
 32    13.990 53337.58271508 18.27 299.773376  -3.351507 22.399
 32    14.338 53337.58271573 18.21 299.772646  -3.354807 22.399
 32    14.432 53337.58271637 18.72 299.771916  -3.358117 22.399
 32    14.986 53337.58271702 18.51 299.771196  -3.361417 22.399
 33    16.420 53372.58264967 19.42 299.776600  -3.351148 33.050
 33    15.256 53372.58265031 19.44 299.775870  -3.354458 33.050
 33    15.587 53372.58265096 22.18 299.775140  -3.357758 33.050
 33    15.737 53372.58265160 29.19 299.774410  -3.361068 33.050
 34    17.505 53407.58268775 17.67 299.776293  -3.350313 29.318
 34    16.550 53407.58268839 16.43 299.775563  -3.353613 29.318
 34    16.064 53407.58268904 17.64 299.774843  -3.356923 29.318
 34    16.147 53407.58268968 22.08 299.774113  -3.360223 29.318
 35    18.786 53442.58267325 25.51 299.774339  -3.352462 26.232
 35    18.870 53442.58267389 24.20 299.773609  -3.355762 26.232
 35    19.348 53442.58267454 25.51 299.772879  -3.359072 26.232
 36    20.642 53477.58274430 46.57 299.768886  -3.348569 23.360
 36    20.768 53477.58274495 44.08 299.768166  -3.351879 23.360
 36    20.765 53477.58274559 40.90 299.767436  -3.355179 23.360
 36    20.685 53477.58274624 43.32 299.766706  -3.358489 23.360
 37    22.003 53512.58275566 29.39 299.773784  -3.350554 21.766
 37    21.440 53512.58275631 31.10 299.773054  -3.353854 21.766
 37    21.669 53512.58275695 29.78 299.772334  -3.357164 21.766
 37    22.008 53512.58275760 31.52 299.771604  -3.360464 21.766
 38    21.381 53547.58277387 27.85 299.769427  -3.350072 24.720
 38    20.915 53547.58277452 31.32 299.768697  -3.353382 24.720
 38    21.588 53547.58277516 29.17 299.767977  -3.356682 24.720
 38    21.820 53547.58277580 35.42 299.767247  -3.359992 24.720
 39    19.359 53582.58274282 28.69 299.774508  -3.350724 17.110
 39    19.058 53582.58274346 24.60 299.773778  -3.354034 17.110
 39    19.529 53582.58274410 23.45 299.773048  -3.357334 17.110
 39    19.617 53582.58274475 30.62 299.772318  -3.360644 17.110
 40    13.857 53617.58269826 28.90 299.771726  -3.350029 17.874
 40    13.761 53617.58269890 29.10 299.770996  -3.353339 17.874
 40    13.914 53617.58269955 28.30 299.770266  -3.356639 17.874
 40    14.324 53617.58270019 28.47 299.769536  -3.359949 17.874
 41    10.140 53652.58271738 28.18 299.774250  -3.349988 15.779
 41    10.289 53652.58271803 34.93 299.773530  -3.353298 15.779
 41     9.702 53652.58271867 32.60 299.772800  -3.356598 15.779
 41    10.397 53652.58271932 38.04 299.772070  -3.359908 15.779
 42    11.164 53687.58272000 39.68 299.769967  -3.351960 20.166
 42    10.942 53687.58272065 39.00 299.769237  -3.355260 20.166
 42    11.153 53687.58272129 34.93 299.768507  -3.358570 20.166
 43    17.476 53722.58264487 18.77 299.777120  -3.351049 29.203
 43    14.437 53722.58264551 17.55 299.776390  -3.354359 29.203
 43    14.545 53722.58264616 18.24 299.775660  -3.357659 29.203
 44    16.248 53757.58257900 19.28 299.781276  -3.350872 36.186
 44    16.339 53757.58257965 19.33 299.780556  -3.354182 36.186
 44    16.320 53757.58258029 19.93 299.779826  -3.357482 36.186
 44    17.052 53757.58258094 21.14 299.779096  -3.360792 36.186
 45    19.575 53792.58260305 26.23 299.778063  -3.351817 34.949
 45    18.837 53792.58260369 22.95 299.777333  -3.355117 34.949
 45    19.110 53792.58260434 26.52 299.776613  -3.358427 34.949
 45    20.212 53792.58260498 33.88 299.775883  -3.361727 34.949
 46    20.534 53827.58256998 25.04 299.777801  -3.353086 23.919
 46    20.174 53827.58257063 23.71 299.777071  -3.356396 23.919
 47    21.712 53862.58265583 32.67 299.770733  -3.350929 29.833
 47    21.527 53862.58265648 32.28 299.770003  -3.354239 29.833
 47    21.661 53862.58265712 33.93 299.769273  -3.357539 29.833
 47    21.841 53862.58265776 44.84 299.768543  -3.360849 29.833
 48    22.720 53897.58267803 33.39 299.774289  -3.352693 20.774
 48    22.505 53897.58267867 31.60 299.773559  -3.355993 20.774
 48    22.876 53897.58267932 35.15 299.772829  -3.359303 20.774
 49    21.579 53932.58272462 33.53 299.765830  -3.343822 35.824
 49    21.284 53932.58272526 25.56 299.765110  -3.347132 35.824
 49    21.040 53932.58272591 25.94 299.764373  -3.350432 32.022
 49    21.422 53932.58272655 24.25 299.763653  -3.353742 32.022
 49    21.668 53932.58272720 30.67 299.762923  -3.357042 32.022
 50    18.380 53967.58269947 26.56 299.768833  -3.347956 35.163
 50    16.640 53967.58270011 34.73 299.768113  -3.351266 35.163
 50    18.004 53967.58270076 26.29 299.767378  -3.354565 23.117
 50    18.727 53967.58270140 25.18 299.766658  -3.357875 23.117
 51    13.376 54002.58266599 24.90 299.776139  -3.352712 32.134
 51    13.680 54002.58266664 26.56 299.775409  -3.356012 32.134
 51    13.628 54002.58266728 32.46 299.774679  -3.359322 32.134
 52    11.056 54037.58270388 49.25 299.776298  -3.352882 27.154
 52    11.040 54037.58270453 46.34 299.775578  -3.356192 27.154
 52    11.088 54037.58270517 42.45 299.774848  -3.359492 27.154
 53    17.166 54072.58269790 15.69 299.775530  -3.350575 23.520
 53    16.910 54072.58269855 13.95 299.774794  -3.353875 22.967
 53    15.521 54072.58269919 14.97 299.774074  -3.357185 22.967
 53    16.004 54072.58269984 15.20 299.773344  -3.360485 22.967
 55    17.445 54142.58263270 20.81 299.773846  -3.350160 38.686
 55    17.138 54142.58263335 18.84 299.773116  -3.353470 38.686
 55    17.453 54142.58263399 20.57 299.772386  -3.356770 38.686
 55    17.698 54142.58263464 23.51 299.771656  -3.360080 38.686
 56    17.633 54177.58262950 26.44 299.773732  -3.349869 34.712
 56    17.530 54177.58263014 23.99 299.773002  -3.353179 34.712
 56    17.830 54177.58263079 24.04 299.772282  -3.356479 34.712
 56    18.039 54177.58263143 34.49 299.771552  -3.359789 34.712
 57    19.930 54212.58263972 36.82 299.772948  -3.350542 30.732
 57    19.950 54212.58264036 36.62 299.772218  -3.353842 30.732
 57    19.755 54212.58264101 35.53 299.771488  -3.357152 30.732
 57    20.021 54212.58264165 38.55 299.770758  -3.360452 30.732
 58    21.639 54247.58266872 38.11 299.773536  -3.351570 24.432
 58    21.591 54247.58266936 37.33 299.772816  -3.354880 24.432
 58    21.456 54247.58267001 37.75 299.772086  -3.358180 24.432
 58    21.851 54247.58267065 46.09 299.771356  -3.361490 24.432
 60    20.927 54317.58267642 30.29 299.775929  -3.351083 30.159
 60    20.342 54317.58267706 32.13 299.775199  -3.354393 30.159
 60    20.352 54317.58267771 34.30 299.774479  -3.357693 30.159
 60    20.849 54317.58267835 35.16 299.773749  -3.361003 30.159
 61    16.304 54352.58264186 33.63 299.775171  -3.350721 15.965
 61    16.437 54352.58264251 29.33 299.774441  -3.354021 15.965
 61    16.295 54352.58264315 29.49 299.773711  -3.357331 15.965
 61    16.640 54352.58264379 31.84 299.772991  -3.360631 15.965
 62    16.839 54387.58261654 22.67 299.774840  -3.352606 22.716
 62    12.033 54387.58261719 33.31 299.774110  -3.355906 22.716
 62    12.029 54387.58261783 21.32 299.773380  -3.359216 22.716
 63    12.709 54422.58259235 27.27 299.773666  -3.352386 33.569
 63    12.834 54422.58259299 31.29 299.772936  -3.355696 33.569
 63    13.038 54422.58259364 39.27 299.772206  -3.358996 33.569
 63    13.105 54422.58259428 39.12 299.771486  -3.362306 33.569
 64    17.891 54457.58259014 15.73 299.774890  -3.351245 30.236
 64    16.369 54457.58259078 14.72 299.774160  -3.354545 30.236
 64    14.829 54457.58259143 15.84 299.773440  -3.357855 30.236
 64    15.270 54457.58259207 17.78 299.772710  -3.361155 30.236
 65    17.457 54492.58259536 20.46 299.774749  -3.353294 32.583
 65    18.588 54492.58259600 19.95 299.774029  -3.356604 32.583
 65    19.481 54492.58259664 25.68 299.773299  -3.359904 32.583
 66    19.114 54527.58260284 28.17 299.775996  -3.351258 33.722
 66    18.493 54527.58260348 24.11 299.775276  -3.354568 33.722
 66    18.782 54527.58260413 22.05 299.774546  -3.357868 33.722
 66    19.145 54527.58260477 28.32 299.773816  -3.361178 33.722
 67    20.727 54562.58260263 37.47 299.773856  -3.352636 36.755
 67    20.677 54562.58260327 34.71 299.773126  -3.355936 36.755
 67    20.771 54562.58260391 35.09 299.772396  -3.359246 36.755
 68    21.394 54597.58259834 31.27 299.774037  -3.351465 32.753
 68    21.081 54597.58259898 29.83 299.773307  -3.354765 32.753
 68    21.284 54597.58259962 31.25 299.772587  -3.358075 32.753
 68    21.829 54597.58260027 39.28 299.771857  -3.361375 32.753
 69    22.123 54632.58261233 27.73 299.772449  -3.352988 37.386
 69    22.204 54632.58261297 27.37 299.771729  -3.356298 37.386
 69    22.450 54632.58261361 31.24 299.770999  -3.359598 37.386
 70    21.646 54667.58261711 31.44 299.772947  -3.350410 34.454
 70    21.284 54667.58261775 31.95 299.772217  -3.353720 34.454
 70    21.311 54667.58261839 26.37 299.771487  -3.357020 34.454
 70    21.747 54667.58261904 28.88 299.770767  -3.360330 34.454
 71    18.680 54702.58258375 25.85 299.775663  -3.352626 30.311
 71    17.344 54702.58258440 36.62 299.774933  -3.355936 30.311
 71    18.881 54702.58258504 32.53 299.774203  -3.359236 30.311
 72    13.257 54737.58257852 31.52 299.774057  -3.351239 18.829
 72    13.539 54737.58257917 30.70 299.773337  -3.354549 18.829
 72    13.804 54737.58257981 30.97 299.772607  -3.357849 18.829
 72    13.862 54737.58258046 30.64 299.771877  -3.361159 18.829
 73    12.574 54772.58256545 49.40 299.774917  -3.353257 27.468
 73    12.502 54772.58256609 47.24 299.774187  -3.356567 27.468
 73    12.505 54772.58256674 45.60 299.773467  -3.359867 27.468
 74    16.827 54807.58257194 21.88 299.772864  -3.351939 18.240
 74    14.367 54807.58257259 25.99 299.772144  -3.355249 18.240
 74    14.596 54807.58257323 30.29 299.771414  -3.358549 18.240
 74    14.785 54807.58257388 33.91 299.770684  -3.361859 18.240
 75    16.944 54842.58256181 21.11 299.774391  -3.352208 22.609
 75    16.720 54842.58256246 20.93 299.773661  -3.355518 22.609
 75    16.903 54842.58256310 21.82 299.772931  -3.358818 22.609
 75    17.296 54842.58256375 25.99 299.772211  -3.362128 22.609
 76    19.080 54877.58257480 26.63 299.772435  -3.352308 29.601
 76    18.291 54877.58257544 26.87 299.771705  -3.355618 29.601
 76    19.386 54877.58257609 25.20 299.770975  -3.358918 29.601
 77    21.001 54912.58256601 33.54 299.772940  -3.350176 31.140
 77    20.695 54912.58256666 29.97 299.772210  -3.353476 31.140
 77    20.991 54912.58256730 29.99 299.771480  -3.356786 31.140
 77    21.274 54912.58256794 32.00 299.770760  -3.360086 31.140
 78    22.527 54947.58256586 43.46 299.772741  -3.349833 36.272
 78    22.173 54947.58256650 28.49 299.772021  -3.353133 36.272
 78    22.153 54947.58256715 30.86 299.771291  -3.356443 36.272
 78    22.432 54947.58256779 29.22 299.770561  -3.359743 36.272
 79    22.901 54982.58259246 29.37 299.772362  -3.352340 33.779
 79    22.416 54982.58259310 33.09 299.771632  -3.355650 33.779
 79    22.777 54982.58259375 32.80 299.770902  -3.358950 33.779
 80    23.675 55017.58259123 36.58 299.774435  -3.351180 17.287
 80    23.624 55017.58259187 36.28 299.773705  -3.354490 17.287
 80    23.822 55017.58259252 34.65 299.772975  -3.357790 17.287
 80    23.858 55017.58259316 34.05 299.772245  -3.361100 17.287
 81    22.111 55052.58258647 32.63 299.774996  -3.353216 28.759
 81    22.214 55052.58258711 33.40 299.774266  -3.356516 28.759
 81    22.398 55052.58258776 34.42 299.773536  -3.359826 28.759
 82    19.153 55087.58254965 31.19 299.773763  -3.351616 22.562
 82    18.904 55087.58255030 29.67 299.773033  -3.354926 22.562
 82    19.037 55087.58255094 29.05 299.772303  -3.358226 22.562
 82    19.456 55087.58255159 37.86 299.771573  -3.361536 22.562
 83    12.598 55122.58252249 48.75 299.774887  -3.352761 24.183
 83    12.464 55122.58252313 32.12 299.774157  -3.356061 24.183
 83    12.534 55122.58252377 26.76 299.773427  -3.359371 24.183
 84    12.447 55157.58251028 20.64 299.773103  -3.351780 18.344
 84    12.064 55157.58251093 19.22 299.772373  -3.355080 18.344
 84    14.366 55157.58251157 16.77 299.771643  -3.358390 18.344
 84    14.903 55157.58251222 14.31 299.770923  -3.361690 18.344
 85    13.162 55192.58251143 29.58 299.773600  -3.350588 25.130
 85    13.139 55192.58251208 27.12 299.772870  -3.353888 25.130
 85    13.921 55192.58251272 19.40 299.772150  -3.357198 25.130
 85    14.456 55192.58251337 20.53 299.771420  -3.360498 25.130
 86    17.048 55227.58251169 22.78 299.773461  -3.350401 16.806
 86    16.117 55227.58251234 20.83 299.772731  -3.353711 16.806
 86    16.159 55227.58251298 19.93 299.772011  -3.357011 16.806
 86    19.734 55227.58251363 21.02 299.771281  -3.360321 16.806
 87    17.706 55262.58250740 38.51 299.774453  -3.352836 25.120
 87    17.736 55262.58250805 35.32 299.773723  -3.356146 25.120
 87    17.693 55262.58250869 35.05 299.772993  -3.359446 25.120
 88    19.029 55297.58249482 37.69 299.775071  -3.350082 24.527
 88    18.974 55297.58249546 37.40 299.774351  -3.353382 24.527
 88    18.781 55297.58249610 39.23 299.773621  -3.356692 24.527
 88    18.871 55297.58249675 37.30 299.772891  -3.359992 24.527
 89    21.403 55332.58248624 33.84 299.772707  -3.351112 31.347
 89    21.399 55332.58248689 33.75 299.771977  -3.354422 31.347
 89    21.272 55332.58248753 37.50 299.771257  -3.357722 31.347
 89    21.619 55332.58248818 44.37 299.770527  -3.361032 31.347
 90    21.651 55367.58247873 28.77 299.774648  -3.351897 27.050
 90    21.258 55367.58247938 31.65 299.773918  -3.355207 27.050
 90    21.643 55367.58248002 31.10 299.773198  -3.358507 27.050
 90    21.745 55367.58248066 34.01 299.772468  -3.361817 27.050
 91    20.576 55402.58249295 33.39 299.774311  -3.351378 21.818
 91    20.609 55402.58249359 34.03 299.773581  -3.354678 21.818
 91    20.564 55402.58249424 32.32 299.772861  -3.357988 21.818
 91    20.750 55402.58249488 35.44 299.772131  -3.361288 21.818
 92    15.921 55437.58249634 22.70 299.775559  -3.353242 20.682
 92    16.143 55437.58249699 23.58 299.774829  -3.356552 20.682
 92    16.834 55437.58249763 19.24 299.774099  -3.359852 20.682
 93    10.055 55472.58244585 23.64 299.775058  -3.351626 15.735
 93    10.123 55472.58244649 25.28 299.774328  -3.354936 15.735
 93    10.068 55472.58244714 23.54 299.773598  -3.358236 15.735
 93    15.068 55472.58244778 18.60 299.772868  -3.361546 15.735
