#    0.000   0.000   0.000 ;Mean Elev.(m), Avg Gradient(m/km), RMS Gradient(m/km) - SRTM1     
#    0.000   0.000   0.000 ;Mean Elev.(m), Avg Gradient(m/km), RMS Gradient(m/km) - ASTER GDEM
#    1.110  -0.051   1.329 ;Mean Elev.(m), Avg Gradient(m/km), RMS Gradient(m/km) - GMTED2010 
  7 307.297551  -1.586675    -3.530    -3.325 13 52449.06378338 36.411
  8 307.304085  -1.583084     3.897     4.026 13 52484.06377089 33.885
  9 307.307067  -1.581877     3.459     3.721 13 52519.06373149 30.581
 10 307.301085  -1.584894     3.559     3.646 13 52554.06378162 29.316
 11 307.307017  -1.584905     2.463     2.369 13 52589.06376521 25.630
 12 307.308721  -1.581727     2.638     2.682 13 52624.06371073 20.353
 13 307.307983  -1.583464     3.484     3.674 13 52659.06373409 32.125
 15 307.310020  -1.582403     3.967     4.036 13 52729.06375119 29.037
 16 307.298951  -1.586831     4.378     4.651 14 52764.06376219 38.039
 17 307.310954  -1.582093     3.824     4.086 13 52799.06374234 34.400
 18 307.310789  -1.581787     4.588     4.722 13 52834.06381188 37.519
 19 307.312028  -1.581785     3.283     3.684 13 52869.06385387 27.523
 20 307.306700  -1.583857     3.099     3.281 13 52904.06386324 30.429
 21 307.306481  -1.583121     3.036     3.274 13 52939.06379880 37.412
 22 307.304853  -1.582541     2.478     2.501 13 52974.06383778 27.733
 23 307.302265  -1.584973     2.719     2.742 13 53009.06384411 24.394
 24 307.304232  -1.583153     3.739     3.880 13 53044.06380393 40.813
 25 307.301793  -1.584661     4.155     4.150 13 53079.06383698 34.402
 26 307.301591  -1.585558     4.399     4.496 14 53114.06380734 38.622
 27 307.302177  -1.583530     3.826     4.431 13 53149.06385369 39.219
 28 307.312892  -1.582898     3.539     3.715 13 53184.06384895 36.435
 30 307.302591  -1.584788     2.865     3.181 13 53254.06385089 38.073
 31 307.300203  -1.585781     2.908     2.951 14 53289.06385552 21.691
 32 307.312032  -1.580818     3.141     3.192 13 53324.06383156 17.484
 33 307.311321  -1.581996     2.508     2.558 13 53359.06379376 19.300
 34 307.305908  -1.584713     2.034     2.372 13 53394.06381044 12.264
 35 307.310102  -1.583404     3.688     3.760 13 53429.06380425 25.363
 36 307.308976  -1.582857     4.198     4.353 13 53464.06382692 29.425
 37 307.299695  -1.585003     4.586     4.885 13 53499.06389392 37.049
 38 307.308902  -1.583050     3.863     4.078 13 53534.06387888 40.185
 39 307.300819  -1.584375     3.721     4.008 13 53569.06389381 32.716
 40 307.307685  -1.583318     3.847     3.983 13 53604.06383993 33.150
 41 307.304110  -1.585790     2.072     2.194 13 53639.06383835 28.807
 42 307.301686  -1.584923     1.950     1.956 13 53674.06385861 22.159
 43 307.311265  -1.580910     2.805     2.810 13 53709.06378990 20.984
 44 307.309635  -1.583098     2.762     2.878 13 53744.06369971 30.214
 45 307.311037  -1.580831     3.792     4.067 13 53779.06372904 29.357
 46 307.309259  -1.582674     4.381     4.477 12 53814.06370173 30.937
 47 307.303642  -1.584779     4.523     4.775 13 53849.06376143 34.661
 49 307.298988  -1.587000     4.498     4.669 13 53919.06384182 40.503
 50 307.298343  -1.586725     3.779     3.929 13 53954.06384312 36.324
 52 307.307594  -1.583209     2.414     2.345 12 54024.06382486 21.808
 54 307.306797  -1.583513     2.977     2.939 12 54094.06379529 27.021
 55 307.308344  -1.583982     3.126     3.323 13 54129.06373607 30.806
 56 307.305478  -1.583578     4.065     4.250 13 54164.06376605 35.906
 57 307.307250  -1.584022     4.032     4.151 13 54199.06373835 29.854
 58 307.307920  -1.583991     4.031     4.491 13 54234.06377996 33.813
 59 307.307606  -1.583231     4.840     5.113 12 54269.06379992 35.139
 60 307.307717  -1.582478     3.799     4.028 13 54304.06380306 31.287
 61 307.307666  -1.583100     3.827     3.905 13 54339.06378717 28.710
 62 307.307946  -1.583903     3.354     3.313 13 54374.06373645 29.210
 63 307.306429  -1.583468     2.239     2.257 13 54409.06373283 21.963
 65 307.307888  -1.582009     3.313     3.480 13 54479.06372313 32.408
 66 307.308455  -1.583084     3.729     3.801 12 54514.06371291 28.415
 67 307.306944  -1.583733     5.026     5.018 13 54549.06373625 38.210
 68 307.308235  -1.584509     4.460     4.674 13 54584.06370882 31.164
 69 307.307187  -1.583260     4.776     5.032 12 54619.06372915 34.363
 70 307.305398  -1.582554     4.509     4.801 13 54654.06374034 36.267
 71 307.306295  -1.582064     3.625     3.938 13 54689.06372845 35.700
 72 307.308047  -1.582329     3.266     3.578 13 54724.06368942 29.473
 73 307.306152  -1.582996     2.807     2.848 13 54759.06370411 29.187
 74 307.306644  -1.584098     2.493     2.431 13 54794.06368163 21.325
 75 307.307297  -1.584300     2.935     3.211 13 54829.06370292 40.675
 76 307.307816  -1.582883     3.468     3.682 13 54864.06367684 35.760
 77 307.305556  -1.583629     4.503     4.889 13 54899.06370226 36.772
 78 307.306593  -1.582091     4.741     4.781 13 54934.06367032 28.695
 79 307.306839  -1.582089     4.908     5.263 13 54969.06370472 29.295
 80 307.304697  -1.585653     5.022     5.357 13 55004.06372355 32.206
 81 307.307808  -1.581636     4.762     4.906 13 55039.06371116 39.817
 82 307.306326  -1.582645     3.832     4.023 13 55074.06369562 28.729
 83 307.307054  -1.583226     3.410     3.573 13 55109.06364345 29.703
 84 307.305527  -1.583055     2.334     2.546 13 55144.06364693 20.746
 85 307.307948  -1.582500     2.383     2.360 13 55179.06361740 21.879
 86 307.306902  -1.584397     3.374     3.387 13 55214.06364167 34.302
 87 307.308806  -1.584169     3.451     3.572 13 55249.06361567 37.489
 88 307.305705  -1.582934     4.012     4.220 13 55284.06363538 32.841
 89 307.305584  -1.584320     4.261     4.602 13 55319.06360702 32.526
 90 307.306431  -1.583481     4.131     4.139 12 55354.06360890 30.815
 91 307.306075  -1.583839     4.042     4.335 13 55389.06360689 31.348
 92 307.307849  -1.583786     3.453     3.552 13 55424.06362609 36.106
 93 307.307616  -1.583303     2.903     2.925 13 55459.06359702 21.073
