#    0.000   0.000   0.000 ;Mean Elev.(m), Avg Gradient(m/km), RMS Gradient(m/km) - SRTM1     
#    0.000   0.000   0.000 ;Mean Elev.(m), Avg Gradient(m/km), RMS Gradient(m/km) - ASTER GDEM
#    9.229   0.101   9.874 ;Mean Elev.(m), Avg Gradient(m/km), RMS Gradient(m/km) - GMTED2010 
  8 299.791592  -3.283022    21.533    21.519  4 52497.58261340 31.438
 10 299.792232  -3.283224    53.872    53.884  3 52567.58262519 13.734
 11 299.786063  -3.278600    15.029    13.875  5 52602.58262550 30.757
 13 299.788073  -3.282115    52.656    52.656  2 52672.58259839 10.239
 14 299.789576  -3.281546    18.837    18.733  4 52707.58260260 16.447
 17 299.786202  -3.280069    22.382    22.454  4 52812.58265375 30.331
 18 299.788604  -3.279877    21.856    21.810  4 52847.58270793 30.869
 19 299.786870  -3.279250    19.915    19.919  4 52882.58274426 35.760
 20 299.791023  -3.282600    53.888    53.993  4 52917.58270173  6.726
 21 299.792673  -3.287267    53.137    53.296  4 52952.58266446  7.132
 22 299.795996  -3.287899    17.053    16.894  4 52987.58267772 16.474
 23 299.793320  -3.287135    53.269    53.533  3 53022.58266568 10.137
 24 299.794422  -3.289289    15.982    15.976  4 53057.58265912 33.226
 25 299.783028  -3.276458    18.248    18.355  4 53092.58269465 21.306
 26 299.791939  -3.285712    20.123    20.068  4 53127.58266673 30.875
 28 299.790256  -3.282468    20.690    20.654  4 53197.58273059 25.235
 29 299.795073  -3.289048    19.440    19.450  4 53232.58270879 28.557
 30 299.788617  -3.282330    16.287    16.273  4 53267.58267623 31.968
 31 299.782037  -3.274341    17.154    17.034  4 53302.58273033 18.742
 32 299.789023  -3.280447    53.744    53.687  4 53337.58270122  5.382
 33 299.791510  -3.283397    16.924    17.012  4 53372.58263645 22.896
 34 299.791218  -3.282560    18.695    18.638  4 53407.58267453 15.106
 35 299.790342  -3.279748    53.833    53.893  3 53442.58265907 15.584
 36 299.784541  -3.277514    20.755    20.760  4 53477.58273044 28.337
 37 299.788706  -3.282800    21.960    21.923  4 53512.58274245 27.035
 38 299.785440  -3.277364    21.604    21.568  5 53547.58275969 38.798
 39 299.789424  -3.282974    19.392    19.398  4 53582.58272960 29.781
 40 299.787363  -3.278972    53.456    53.530  4 53617.58268440  6.059
 41 299.789175  -3.282239    53.738    53.888  4 53652.58270417  2.765
 42 299.786344  -3.277595    11.337    11.348  4 53687.58270550 32.223
 43 299.792030  -3.283298    53.937    53.979  4 53722.58263165 10.344
 44 299.794751  -3.289733    16.969    16.950  4 53757.58256707 25.375
 45 299.792617  -3.285714    19.981    19.880  5 53792.58259015 33.944
 46 299.792366  -3.286990    20.449    20.385  3 53827.58255709 38.561
 47 299.786383  -3.279874    21.670    21.640  4 53862.58264197 37.358
 48 299.789933  -3.281633    22.549    22.529  4 53897.58266417 28.852
 49 299.781845  -3.271116    21.479    21.402  3 53932.58271044 26.711
 50 299.784481  -3.276901    19.063    18.478  4 53967.58268561 33.924
 51 299.791068  -3.284958    15.721    15.708  4 54002.58265278 26.921
 52 299.791226  -3.285134    11.425    11.378  4 54037.58269067 40.523
 53 299.790444  -3.282819    53.870    53.968  4 54072.58268469  4.883
 54 299.788823  -3.281388    53.093    53.248  5 54107.58263315 10.810
 55 299.788769  -3.282412    18.475    18.309  4 54142.58261949 21.288
 56 299.788650  -3.282119    17.666    17.687  4 54177.58261628 32.133
 57 299.788594  -3.279481    19.942    19.901  4 54212.58262586 32.224
 58 299.789189  -3.280516    21.625    21.617  4 54247.58265486 34.198
 60 299.790851  -3.283333    21.537    21.685  4 54317.58266320 24.789
 61 299.790085  -3.282965    16.498    16.439  4 54352.58262864 37.857
 62 299.790491  -3.281547    12.289    12.361  4 54387.58260268 30.318
 63 299.789310  -3.281331    14.148    14.389  4 54422.58257849 28.412
 64 299.789817  -3.283491    44.297    53.143  4 54457.58257692 17.114
 65 299.790395  -3.282239    18.269    18.092  4 54492.58258149 21.446
 66 299.790923  -3.283508    19.402    19.399  4 54527.58258962 22.813
 67 299.789498  -3.281574    20.519    20.486  4 54562.58258876 37.233
 68 299.789326  -3.282056    21.687    21.266  5 54597.58258480 32.431
 69 299.788103  -3.281934    22.323    22.289  4 54632.58259846 35.554
 70 299.788230  -3.281010    21.441    21.459  5 54667.58260357 29.374
 71 299.790577  -3.284876    19.836    19.923  4 54702.58257054 25.875
 72 299.788984  -3.283492    15.912    15.941  4 54737.58256531 23.814
 73 299.790563  -3.282201    12.833    12.914  4 54772.58255159 32.155
 74 299.788521  -3.280884    15.820    14.656  4 54807.58255808 25.860
 75 299.790403  -3.279502    54.043    54.511  3 54842.58254763 16.710
 76 299.788082  -3.281254    20.008    20.019  4 54877.58256094 23.586
 77 299.788216  -3.280766    21.017    20.980  5 54912.58255247 32.405
 78 299.788030  -3.280423    22.402    22.297  5 54947.58255232 32.714
 79 299.788003  -3.281286    22.975    22.988  4 54982.58257860 26.868
 80 299.789353  -3.283431    23.527    23.445  4 55017.58257801 33.193
 81 299.790641  -3.282155    22.253    22.307  4 55052.58257261 28.536
 82 299.789400  -3.280562    19.300    19.273  4 55087.58253579 35.121
 83 299.790536  -3.281702    12.824    12.921  4 55122.58250862 29.156
 84 299.788747  -3.280718    16.382    17.680  4 55157.58249642 19.680
 85 299.788526  -3.282834    16.631    16.425  4 55192.58249822 19.016
 86 299.788379  -3.282651    18.695    18.266  4 55227.58249848 16.548
 87 299.790102  -3.281780    17.683    17.665  4 55262.58249354 33.609
 88 299.789990  -3.282324    18.956    18.966  4 55297.58248160 31.651
 89 299.788355  -3.280059    21.378    21.401  4 55332.58247238 32.248
 90 299.789568  -3.284147    22.574    22.554  4 55367.58246551 27.524
 91 299.789236  -3.283623    20.548    20.530  4 55402.58247973 37.112
 92 299.791205  -3.282187    19.818    19.490  4 55437.58248248 18.018
 93 299.789968  -3.283876    17.712    17.818  4 55472.58243263 17.955
