#    0.000   0.000   0.000 ;Mean Elev.(m), Avg Gradient(m/km), RMS Gradient(m/km) - SRTM1     
#    0.000   0.000   0.000 ;Mean Elev.(m), Avg Gradient(m/km), RMS Gradient(m/km) - ASTER GDEM
#   12.494  -0.522   3.593 ;Mean Elev.(m), Avg Gradient(m/km), RMS Gradient(m/km) - GMTED2010 
  8 298.437281  -3.730370    25.925    25.930  6 52486.08929324 43.304
  9 298.437453  -3.731908    23.502    23.517  7 52521.08925992 34.355
 11 298.435057  -3.734198    16.987    17.097  7 52591.08930168 37.375
 12 298.443521  -3.727180    19.843    19.817  7 52626.08922486 42.292
 13 298.437512  -3.731499    20.726    20.729  7 52661.08926676 25.033
 14 298.440179  -3.728228    21.075    21.077  6 52696.08924617 30.276
 15 298.442617  -3.725621    22.742    22.772  7 52731.08927419 27.325
 16 298.432555  -3.735789    24.638    24.646  6 52766.08928212 32.358
 17 298.439967  -3.729177    25.960    25.958  6 52801.08928185 36.275
 18 298.440545  -3.727808    26.058    26.080  7 52836.08934891 33.278
 19 298.440710  -3.727526    24.200    24.339  7 52871.08938973 25.537
 20 298.439186  -3.729974    19.763    19.813  7 52906.08938641 32.421
 21 298.440554  -3.728360    17.647    17.940  6 52941.08931794 25.037
 23 298.434614  -3.733482    19.108    18.880  7 53011.08936855 22.094
 24 298.436582  -3.731360    20.615    20.743  7 53046.08933352 34.883
 25 298.432710  -3.734669    20.393    20.389  6 53081.08936699 30.350
 26 298.434081  -3.734754    23.065    23.047  7 53116.08933745 26.776
 27 298.433770  -3.735196    24.350    24.349  7 53151.08938553 30.637
 28 298.444547  -3.724070    24.456    24.471  7 53186.08937453 35.016
 29 298.438531  -3.729953    23.747    23.746  7 53221.08939966 43.635
 30 298.433769  -3.733856    20.572    20.568  6 53256.08937550 28.816
 31 298.431785  -3.735593    17.887    17.937  7 53291.08938812 34.406
 32 298.440859  -3.727025    18.675    18.763  7 53326.08936405 17.569
 33 298.441342  -3.727106    19.430    19.543  7 53361.08932200 21.160
 34 298.437155  -3.731428    20.405    20.467  7 53396.08934100 37.526
 35 298.440283  -3.729103    21.607    21.594  7 53431.08933350 26.357
 36 298.438789  -3.730483    23.994    24.067  7 53466.08936381 38.116
 37 298.432264  -3.734785    25.560    25.566  7 53501.08942136 42.464
 38 298.438480  -3.730226    25.690    25.719  7 53536.08941198 41.675
 40 298.437897  -3.731519    17.632    17.597  7 53606.08936752 29.797
 41 298.436054  -3.732041    19.170    19.624  6 53641.08936748 17.188
 42 298.433500  -3.734251    13.197    13.177  6 53676.08938642 29.156
 43 298.440846  -3.726519    18.654    18.923  7 53711.08931729 18.719
 44 298.441240  -3.728217    19.099    19.125  7 53746.08922736 21.377
 45 298.441623  -3.727599    22.268    22.271  6 53781.08925874 44.084
 46 298.439981  -3.728300    23.436    23.433  7 53816.08922688 26.543
 47 298.434817  -3.733440    24.553    24.712  7 53851.08929420 31.294
 48 298.444983  -3.725422    25.816    25.881  7 53886.08930400 27.954
 49 298.430142  -3.737158    25.618    25.607  6 53921.08937228 47.527
 50 298.430735  -3.737032    22.344    22.334  7 53956.08936945 32.296
 52 298.438996  -3.729116    16.176    16.570  7 54026.08935550 23.782
 53 298.442902  -3.726575    15.754    15.789  6 54061.08934877 29.754
 54 298.437357  -3.730455    19.531    19.529  7 54096.08932142 32.745
 55 298.438938  -3.728808    21.658    21.731  7 54131.08926965 26.837
 56 298.436580  -3.731441    21.582    21.608  6 54166.08929378 21.396
 57 298.437980  -3.729484    22.271    22.375  7 54201.08927223 29.062
 58 298.439336  -3.729838    24.918    24.936  7 54236.08930898 29.335
 59 298.438674  -3.730172    25.766    25.874  6 54271.08933003 35.886
 60 298.438583  -3.729549    24.923    24.920  6 54306.08933237 36.770
 61 298.438639  -3.728686    20.855    20.840  7 54341.08931411 36.292
 62 298.438486  -3.730034    16.012    15.239  6 54376.08926683 25.557
 63 298.437739  -3.730491    18.203    18.173  6 54411.08926030 19.392
 64 298.438809  -3.729859    19.040    19.046  7 54446.08923074 37.239
 65 298.439173  -3.728995    20.779    20.789  6 54481.08925218 27.228
 66 298.439413  -3.728910    22.638    22.638  7 54516.08924503 45.378
 67 298.437716  -3.730488    24.081    24.060  6 54551.08926480 46.277
 68 298.438718  -3.730385    24.595    24.566  6 54586.08924096 25.134
 69 298.437823  -3.730199    25.889    25.963  7 54621.08926006 35.423
 70 298.436715  -3.730984    25.458    25.511  7 54656.08926975 36.745
 71 298.437824  -3.730801    23.147    23.091  7 54691.08925479 34.219
 72 298.439443  -3.730417    17.562    17.576  7 54726.08922139 35.400
 73 298.437216  -3.730369    16.244    15.584  6 54761.08923143 30.028
 74 298.437962  -3.730528    18.271    18.457  6 54796.08921386 17.568
 75 298.437668  -3.729646    20.235    20.387  7 54831.08923213 27.513
 76 298.439082  -3.729639    22.202    22.215  6 54866.08920973 35.966
 77 298.436527  -3.732082    24.253    24.237  7 54901.08923015 31.876
 78 298.438826  -3.730257    26.140    26.167  7 54936.08920015 44.506
 80 298.436006  -3.731211    27.133    27.279  7 55006.08925227 31.602
 81 298.438918  -3.730209    26.843    26.885  7 55041.08924031 36.616
 82 298.437715  -3.730918    23.973    23.992  7 55076.08922188 27.735
 83 298.438667  -3.730643    17.525    17.124  7 55111.08917289 28.425
 84 298.436908  -3.731952    15.256    15.209  7 55146.08917453 38.849
 85 298.438692  -3.729144    16.573    16.581  6 55181.08915075 35.054
 86 298.437538  -3.729484    20.020    20.073  7 55216.08916994 27.221
 87 298.439972  -3.728965    21.183    21.287  7 55251.08914718 32.141
 88 298.436957  -3.731816    22.200    22.254  6 55286.08916288 27.205
 89 298.436551  -3.731646    24.643    24.609  7 55321.08913760 37.405
 90 298.437276  -3.730861    25.672    25.667  7 55356.08913779 44.942
 91 298.437559  -3.730255    24.289    24.285  6 55391.08913835 27.396
 92 298.438460  -3.729123    20.953    21.029  7 55426.08915476 34.101
 93 298.438866  -3.729137    15.291    16.038  7 55461.08912222 25.716
