# NaN NaN NaN ;Mean Elev.(m), Avg Gradient(m/km), RMS Gradient(m/km) - SRTM1     
# NaN NaN NaN ;Mean Elev.(m), Avg Gradient(m/km), RMS Gradient(m/km) - ASTER GDEM
#    0.703   0.041   6.420 ;Mean Elev.(m), Avg Gradient(m/km), RMS Gradient(m/km) - GMTED2010 
  8     0.272 52497.05801838 23.13 309.177084  -0.272383 16.038
  8    -0.234 52497.05801903 23.20 309.176354  -0.269073 16.038
  8    -0.409 52497.05801967 21.22 309.175624  -0.265773 16.038
  8     0.285 52497.05802032 20.05 309.174904  -0.262463 16.038
  8     0.644 52497.05802096 18.45 309.174174  -0.259163 16.038
  8     0.950 52497.05802161 19.08 309.173454  -0.255853 16.038
  8     1.087 52497.05802225 21.88 309.172724  -0.252553 16.038
  9     1.695 52532.05800445 19.41 309.172465  -0.275716 24.577
  9     1.794 52532.05800509 13.28 309.171735  -0.272416 24.577
  9     1.590 52532.05800574 13.32 309.171015  -0.269106 24.577
  9     1.579 52532.05800638 13.27 309.170285  -0.265806 24.577
  9     1.633 52532.05800703 14.55 309.169555  -0.262496 24.577
  9     1.707 52532.05800767 14.62 309.168835  -0.259196 24.577
  9     1.921 52532.05800832 16.63 309.168105  -0.255886 24.577
 10     0.535 52567.05802856 23.24 309.178068  -0.269474 22.800
 10     0.287 52567.05802921 18.51 309.177338  -0.266174 22.800
 10    -0.193 52567.05802985 17.59 309.176618  -0.262864 22.800
 10    -0.403 52567.05803049 17.80 309.175888  -0.259564 22.800
 10     0.243 52567.05803114 14.80 309.175168  -0.256254 22.800
 10     0.387 52567.05803178 16.69 309.174438  -0.252954 22.800
 10     0.316 52567.05803243 24.36 309.173708  -0.249644 22.800
 11     0.735 52602.05803402 18.62 309.170156  -0.274304 25.148
 11     0.364 52602.05803466 18.67 309.169436  -0.270994 25.148
 11     0.098 52602.05803531 15.98 309.168706  -0.267694 25.148
 11    -0.038 52602.05803595 16.20 309.167976  -0.264384 25.148
 11     0.577 52602.05803660 16.27 309.167256  -0.261084 25.148
 11     0.922 52602.05803724 15.90 309.166526  -0.257774 25.148
 12     1.885 52637.05800137 15.95 309.172260  -0.274939 36.114
 12     1.647 52637.05800201 15.57 309.171530  -0.271639 36.114
 12     1.559 52637.05800266 15.33 309.170810  -0.268329 36.114
 12     1.651 52637.05800330 15.59 309.170079  -0.265025 28.641
 12     1.947 52637.05800395 15.87 309.169349  -0.261715 28.641
 12     2.022 52637.05800459 15.96 309.168629  -0.258415 28.641
 12     2.087 52637.05800524 18.63 309.167899  -0.255105 28.641
 13     0.492 52672.05800530 20.54 309.173044  -0.273061 26.871
 13     0.103 52672.05800595 19.88 309.172314  -0.269751 26.871
 13    -0.520 52672.05800659 20.63 309.171594  -0.266441 26.871
 13    -0.253 52672.05800724 19.12 309.170864  -0.263141 26.871
 13     0.365 52672.05800788 17.31 309.170140  -0.259836 23.822
 13     0.764 52672.05800853 16.51 309.169410  -0.256536 23.822
 13     0.848 52672.05800917 18.85 309.168690  -0.253226 23.822
 14    -0.622 52707.05800693 24.09 309.175148  -0.272672 20.085
 14    -0.445 52707.05800758 21.74 309.174418  -0.269362 20.085
 14    -0.705 52707.05800822 21.99 309.173698  -0.266062 20.085
 14     0.514 52707.05800887 20.73 309.172968  -0.262752 20.085
 14     0.994 52707.05800951 19.98 309.172248  -0.259452 20.085
 14     1.280 52707.05801016 19.25 309.171518  -0.256142 20.085
 14     1.587 52707.05801080 20.26 309.170788  -0.252842 20.085
 15     1.642 52742.05803820 13.63 309.170585  -0.274382 42.930
 15     1.556 52742.05803884 13.53 309.169861  -0.271077 19.318
 15     1.569 52742.05803949 13.27 309.169131  -0.267777 19.318
 15     1.659 52742.05804013 14.14 309.168411  -0.264467 19.318
 15     1.754 52742.05804078 15.18 309.167681  -0.261157 19.318
 15     1.903 52742.05804142 16.30 309.166951  -0.257857 19.318
 16     0.427 52777.05798041 24.97 309.177503  -0.272582 27.735
 16     0.041 52777.05798105 24.08 309.176773  -0.269282 27.735
 16     0.735 52777.05798170 20.52 309.176043  -0.265972 27.735
 16     0.605 52777.05798234 16.95 309.175325  -0.262667 26.287
 16     0.565 52777.05798299 16.06 309.174595  -0.259357 26.287
 16     0.999 52777.05798363 15.79 309.173865  -0.256057 26.287
 16     1.239 52777.05798428 17.43 309.173145  -0.252747 26.287
 16     1.376 52777.05798492 22.41 309.172415  -0.249447 26.287
 17     1.935 52812.05805873 18.97 309.171982  -0.276719 39.934
 17     2.049 52812.05805937 13.93 309.171262  -0.273409 39.934
 17     1.785 52812.05806002 13.36 309.170530  -0.270105 21.107
 17     1.868 52812.05806066 12.85 309.169810  -0.266795 21.107
 17     1.850 52812.05806131 13.54 309.169080  -0.263495 21.107
 17     1.972 52812.05806195 14.77 309.168350  -0.260185 21.107
 17     2.170 52812.05806260 16.32 309.167630  -0.256885 21.107
 18     0.796 52847.05811420 18.37 309.173256  -0.272343 33.442
 18     0.457 52847.05811485 16.87 309.172536  -0.269043 33.442
 18     0.241 52847.05811549 17.17 309.171806  -0.265733 33.442
 18     0.263 52847.05811614 16.81 309.171075  -0.262429 26.006
 18     0.451 52847.05811678 16.74 309.170355  -0.259119 26.006
 18     0.806 52847.05811743 16.02 309.169625  -0.255819 26.006
 19     1.235 52882.05815053 18.80 309.171632  -0.273724 35.428
 19     1.078 52882.05815117 19.08 309.170906  -0.270420 17.202
 19    -0.075 52882.05815182 19.83 309.170176  -0.267110 17.202
 19     0.565 52882.05815246 16.80 309.169456  -0.263810 17.202
 19     0.898 52882.05815311 15.71 309.168726  -0.260500 17.202
 19     1.286 52882.05815375 16.05 309.168006  -0.257200 17.202
 20     1.625 52917.05810800 15.72 309.175869  -0.270387 33.010
 20     1.462 52917.05810864 11.67 309.175139  -0.267087 33.010
 20     1.509 52917.05810929 12.51 309.174418  -0.263781 33.196
 20     1.579 52917.05810993 12.62 309.173688  -0.260481 33.196
 20     1.459 52917.05811058 13.95 309.172968  -0.257171 33.196
 20     1.704 52917.05811122 17.54 309.172238  -0.253871 33.196
 20     1.819 52917.05811186 29.56 309.171508  -0.250561 33.196
 21     0.278 52952.05806944 21.19 309.178475  -0.268731 25.634
 21     0.160 52952.05807009 18.95 309.177742  -0.265428 22.100
 21    -0.303 52952.05807073 17.17 309.177022  -0.262118 22.100
 21    -0.304 52952.05807137 16.07 309.176292  -0.258818 22.100
 21     0.074 52952.05807202 14.87 309.175562  -0.255508 22.100
 21     0.383 52952.05807266 15.86 309.174842  -0.252208 22.100
 21     0.366 52952.05807331 24.94 309.174112  -0.248898 22.100
 22     1.022 52987.05808463 12.56 309.181347  -0.269609 20.473
 22     0.984 52987.05808527 11.65 309.180617  -0.266299 20.473
 22     0.828 52987.05808592 11.32 309.179897  -0.262999 20.473
 22     0.885 52987.05808656 10.41 309.179167  -0.259689 20.473
 22     0.888 52987.05808721 10.67 309.178440  -0.256384 22.193
 22     0.821 52987.05808785 14.33 309.177710  -0.253084 22.193
 22     0.980 52987.05808850 16.99 309.176990  -0.249774 22.193
 22     1.063 52987.05808914 18.92 309.176260  -0.246464 22.193
 23     1.703 53022.05807356 15.44 309.178120  -0.269826 32.270
 23     1.577 53022.05807421 13.64 309.177390  -0.266526 32.270
 23     1.492 53022.05807485 14.13 309.176670  -0.263216 32.270
 23     1.463 53022.05807550 13.71 309.175940  -0.259916 32.270
 23     1.617 53022.05807614 14.40 309.175210  -0.256606 32.270
 23     1.731 53022.05807678 16.66 309.174488  -0.253301 35.749
 23     1.840 53022.05807743 22.85 309.173758  -0.250001 35.749
 24     0.003 53057.05806539 22.84 309.179955  -0.268517 15.355
 24     0.117 53057.05806604 21.61 309.179225  -0.265217 15.355
 24     0.206 53057.05806668 18.91 309.178505  -0.261907 15.355
 24     0.400 53057.05806732 18.02 309.177776  -0.258601 19.942
 24     0.661 53057.05806797 18.73 309.177056  -0.255291 19.942
 24     0.822 53057.05806861 19.92 309.176326  -0.251991 19.942
 24     1.017 53057.05806926 23.87 309.175596  -0.248691 19.942
 25     1.708 53092.05810156 22.06 309.167575  -0.277367 30.154
 25     1.606 53092.05810221 24.70 309.166845  -0.274067 30.154
 25     1.487 53092.05810285 20.03 309.166115  -0.270757 30.154
 25     0.998 53092.05810350 22.28 309.165395  -0.267457 30.154
 25     1.154 53092.05810414 20.82 309.164665  -0.264147 30.154
 25     1.535 53092.05810479 20.58 309.163945  -0.260842 17.702
 26     1.400 53127.05807364 14.21 309.176963  -0.270371 33.569
 26     1.084 53127.05807428 13.78 309.176243  -0.267071 33.569
 26     1.030 53127.05807493 13.39 309.175513  -0.263761 33.569
 26     1.018 53127.05807557 13.82 309.174783  -0.260458 28.913
 26     1.074 53127.05807622 16.26 309.174063  -0.257148 28.913
 26     1.391 53127.05807686 18.77 309.173333  -0.253848 28.913
 26     1.412 53127.05807751 25.02 309.172603  -0.250538 28.913
 27     1.067 53162.05813640 20.41 309.169047  -0.276237 25.810
 27     0.977 53162.05813704 18.54 309.168327  -0.272937 25.810
 27     0.750 53162.05813769 17.32 309.167597  -0.269627 25.810
 27     0.662 53162.05813833 16.64 309.166870  -0.266322 15.653
 27     0.947 53162.05813898 16.89 309.166140  -0.263022 15.653
 27     1.302 53162.05813962 17.03 309.165420  -0.259712 15.653
 28     1.825 53197.05813622 15.00 309.175439  -0.271459 39.496
 28     1.567 53197.05813686 13.84 309.174713  -0.268154 26.181
 28     1.639 53197.05813750 13.96 309.173983  -0.264844 26.181
 28     1.603 53197.05813815 14.51 309.173263  -0.261544 26.181
 28     1.521 53197.05813879 16.06 309.172533  -0.258234 26.181
 28     1.703 53197.05813944 18.20 309.171813  -0.254934 26.181
 28     1.853 53197.05814008 22.32 309.171083  -0.251624 26.181
 29     0.363 53232.05811570 22.79 309.180437  -0.269826 23.590
 29     0.128 53232.05811635 24.46 309.179707  -0.266516 23.590
 29    -0.175 53232.05811699 19.27 309.178987  -0.263206 23.590
 29    -0.135 53232.05811764 15.52 309.178257  -0.259906 23.590
 29     0.008 53232.05811828 15.15 309.177533  -0.256601 19.077
 29     0.310 53232.05811892 16.93 309.176803  -0.253291 19.077
 29     0.412 53232.05811957 20.16 309.176083  -0.249991 19.077
 29     0.747 53232.05812021 19.54 309.175353  -0.246681 19.077
 30     1.625 53267.05808443 12.46 309.173043  -0.272517 26.191
 30     1.213 53267.05808508 12.30 309.172313  -0.269217 26.191
 30     0.887 53267.05808572 12.68 309.171593  -0.265907 26.191
 30     0.769 53267.05808637 12.57 309.170863  -0.262607 26.191
 30     0.969 53267.05808701 13.39 309.170133  -0.259297 26.191
 30     1.225 53267.05808765 14.75 309.169416  -0.255991 33.055
 31     1.285 53302.05813697 14.32 309.166705  -0.278466 35.907
 31     1.226 53302.05813761 11.53 309.165975  -0.275156 35.907
 31     1.244 53302.05813826 11.74 309.165245  -0.271856 35.907
 31     1.142 53302.05813890 11.92 309.164525  -0.268546 35.907
 31     1.148 53302.05813955 12.96 309.163796  -0.265241 26.545
 31     1.134 53302.05814019 14.10 309.163076  -0.261931 26.545
 32     0.477 53337.05810754 23.06 309.174239  -0.274809 31.256
 32     1.376 53337.05810818 17.50 309.173509  -0.271499 31.256
 32     0.221 53337.05810883 15.89 309.172789  -0.268199 31.256
 32    -0.109 53337.05810947 15.08 309.172059  -0.264889 31.256
 32     0.020 53337.05811012 13.88 309.171335  -0.261583 29.273
 32     0.426 53337.05811076 14.38 309.170605  -0.258283 29.273
 32     0.610 53337.05811141 15.10 309.169885  -0.254973 29.273
 33     1.736 53372.05804383 13.29 309.176054  -0.270636 26.329
 33     1.178 53372.05804448 11.99 309.175324  -0.267326 26.329
 33     0.924 53372.05804512 13.13 309.174604  -0.264026 26.329
 33     0.855 53372.05804577 14.24 309.173874  -0.260716 26.329
 33     0.908 53372.05804641 15.09 309.173156  -0.257410 30.316
 33     1.238 53372.05804706 17.48 309.172426  -0.254100 30.316
 33     1.428 53372.05804770 24.74 309.171696  -0.250800 30.316
 35     1.303 53442.05806606 18.66 309.174767  -0.273352 25.186
 35     0.717 53442.05806670 19.86 309.174037  -0.270052 25.186
 35     0.775 53442.05806735 18.03 309.173317  -0.266752 25.186
 35     0.654 53442.05806799 16.94 309.172587  -0.263442 25.186
 35     0.940 53442.05806864 16.58 309.171868  -0.260136 27.037
 35     1.267 53442.05806928 17.54 309.171138  -0.256826 27.037
 35     1.465 53442.05806993 19.78 309.170418  -0.253526 27.037
 36     1.682 53477.05813587 14.78 309.169520  -0.275229 38.084
 36     1.626 53477.05813652 12.91 309.168790  -0.271919 38.084
 36     1.660 53477.05813716 13.31 309.168062  -0.268616 17.693
 36     1.745 53477.05813781 13.36 309.167332  -0.265306 17.693
 36     1.765 53477.05813845 13.84 309.166612  -0.262006 17.693
 36     1.910 53477.05813910 15.73 309.165882  -0.258696 17.693
 37     0.693 53512.05814874 38.75 309.174111  -0.274497 15.595
 37     1.100 53512.05814939 30.02 309.173381  -0.271187 15.595
 37     0.295 53512.05815003 26.15 309.172661  -0.267887 15.595
 37    -0.072 53512.05815067 28.51 309.171931  -0.264577 15.595
 37     0.055 53512.05815132 28.22 309.171205  -0.261272 22.363
 37     0.348 53512.05815196 27.04 309.170475  -0.257972 22.363
 37     0.602 53512.05815261 30.22 309.169755  -0.254662 22.363
 38     1.421 53547.05816603 19.70 309.170178  -0.276653 29.411
 38     1.263 53547.05816668 17.20 309.169458  -0.273353 29.411
 38     1.017 53547.05816732 17.47 309.168728  -0.270043 29.411
 38     0.823 53547.05816797 17.37 309.168004  -0.266737 17.530
 38     1.029 53547.05816861 17.75 309.167274  -0.263437 17.530
 38     1.208 53547.05816926 17.95 309.166554  -0.260127 17.530
 38     1.382 53547.05816990 19.96 309.165824  -0.256827 17.530
 39     1.330 53582.05813705 13.70 309.174053  -0.271575 33.596
 39     1.219 53582.05813770 13.98 309.173323  -0.268265 33.596
 39     1.247 53582.05813834 14.00 309.172603  -0.264955 33.596
 39     1.343 53582.05813899 14.85 309.171873  -0.261655 33.596
 39     1.420 53582.05813963 15.79 309.171150  -0.258349 34.858
 39     1.474 53582.05814028 16.48 309.170420  -0.255049 34.858
 40     0.294 53617.05809190 24.75 309.171813  -0.275181 26.714
 40    -0.231 53617.05809254 23.09 309.171083  -0.271881 26.714
 40    -0.324 53617.05809319 20.71 309.170353  -0.268571 26.714
 40    -0.451 53617.05809383 19.83 309.169633  -0.265271 26.714
 40    -0.160 53617.05809447 19.08 309.168903  -0.261961 26.714
 40     0.377 53617.05809512 17.31 309.168185  -0.258655 22.262
 40     0.744 53617.05809576 17.74 309.167455  -0.255345 22.262
 41     1.485 53652.05810907 16.71 309.175109  -0.274103 30.098
 41     0.873 53652.05810971 14.16 309.174379  -0.270793 30.098
 41     0.788 53652.05811036 14.81 309.173651  -0.267489 21.542
 41     0.608 53652.05811100 14.80 309.172921  -0.264179 21.542
 41     0.431 53652.05811165 15.35 309.172201  -0.260879 21.542
 41     0.710 53652.05811229 16.41 309.171471  -0.257569 21.542
 41     0.799 53652.05811294 18.47 309.170751  -0.254269 21.542
 42     1.198 53687.05811242 15.84 309.171091  -0.276621 31.707
 42     1.149 53687.05811306 12.18 309.170371  -0.273321 31.707
 42     1.035 53687.05811370 11.97 309.169641  -0.270011 31.707
 42     1.092 53687.05811435 11.57 309.168921  -0.266711 31.707
 42     1.079 53687.05811499 12.25 309.168191  -0.263401 31.707
 42     1.056 53687.05811564 13.73 309.167466  -0.260096 30.153
 42     1.068 53687.05811628 16.07 309.166736  -0.256786 30.153
 43    -0.025 53722.05803851 24.73 309.177186  -0.272887 27.235
 43    -0.597 53722.05803916 25.29 309.176456  -0.269587 27.235
 43    -0.161 53722.05803980 20.63 309.175726  -0.266277 27.235
 43    -1.694 53722.05804045 20.93 309.175006  -0.262977 27.235
 43    -0.168 53722.05804109 16.68 309.174276  -0.259667 27.235
 43     0.355 53722.05804174 15.85 309.173557  -0.256361 25.842
 43     0.615 53722.05804238 17.41 309.172827  -0.253061 25.842
 43     0.755 53722.05804303 21.96 309.172097  -0.249751 25.842
 44     1.351 53757.05797132 16.35 309.181085  -0.269011 26.456
 44     1.131 53757.05797197 15.09 309.180354  -0.265707 11.769
 44     1.154 53757.05797261 14.46 309.179634  -0.262397 11.769
 44     1.334 53757.05797326 14.63 309.178904  -0.259097 11.769
 44     1.302 53757.05797390 15.23 309.178174  -0.255787 11.769
 44     1.337 53757.05797455 17.60 309.177454  -0.252487 11.769
 44     1.645 53757.05797519 18.44 309.176724  -0.249177 11.769
 44     1.728 53757.05797584 20.80 309.175994  -0.245877 11.769
 45     0.977 53792.05799595 15.40 309.178249  -0.271515 27.248
 45     1.158 53792.05799660 13.72 309.177529  -0.268215 27.248
 45     0.756 53792.05799724 14.14 309.176799  -0.264905 27.248
 45     0.776 53792.05799789 14.24 309.176076  -0.261600 22.168
 45     0.798 53792.05799853 15.61 309.175346  -0.258290 22.168
 45     0.842 53792.05799918 17.64 309.174626  -0.254990 22.168
 45     1.172 53792.05799982 19.63 309.173896  -0.251680 22.168
 46     1.750 53827.05796087 17.61 309.178522  -0.270165 23.268
 46     1.374 53827.05796152 17.52 309.177792  -0.266855 23.268
 46     1.053 53827.05796216 17.68 309.177062  -0.263555 23.268
 46     0.915 53827.05796281 18.71 309.176342  -0.260245 23.268
 46     1.159 53827.05796345 20.64 309.175609  -0.256941 25.708
 46     1.369 53827.05796409 21.36 309.174889  -0.253631 25.708
 46     1.450 53827.05796474 28.17 309.174159  -0.250331 25.708
 47     1.883 53862.05804814 17.32 309.171278  -0.273868 26.369
 47     1.717 53862.05804879 16.62 309.170548  -0.270568 26.369
 47     1.536 53862.05804943 16.66 309.169828  -0.267258 26.369
 47     1.477 53862.05805008 15.97 309.169098  -0.263958 26.369
 47     1.405 53862.05805072 16.76 309.168368  -0.260648 26.369
 47     1.825 53862.05805137 16.45 309.167648  -0.257348 26.369
 48     0.641 53897.05806977 17.18 309.174933  -0.271537 27.624
 48     0.337 53897.05807041 17.08 309.174205  -0.268234 23.583
 48    -0.166 53897.05807105 18.52 309.173475  -0.264924 23.583
 48     0.002 53897.05807170 18.24 309.172755  -0.261624 23.583
 48     0.427 53897.05807234 18.22 309.172025  -0.258314 23.583
 48     0.629 53897.05807299 18.71 309.171295  -0.255014 23.583
 48     0.822 53897.05807363 21.30 309.170575  -0.251704 23.583
 49     1.490 53932.05811828 40.90 309.165390  -0.277825 19.797
 49     1.374 53932.05811892 38.05 309.164670  -0.274515 19.797
 49     1.058 53932.05811957 31.29 309.163940  -0.271215 19.797
 49     0.594 53932.05812021 30.69 309.163220  -0.267905 19.797
 49     1.018 53932.05812086 28.83 309.162490  -0.264605 19.797
 49     1.483 53932.05812150 27.44 309.161760  -0.261295 19.797
 50     0.962 53967.05809312 15.16 309.168812  -0.275911 21.103
 50     0.861 53967.05809377 14.98 309.168082  -0.272611 21.103
 50     0.731 53967.05809441 15.35 309.167362  -0.269301 21.103
 50     0.823 53967.05809506 15.59 309.166632  -0.266001 21.103
 50     1.003 53967.05809570 15.07 309.165912  -0.262691 21.103
 50     1.340 53967.05809634 15.47 309.165182  -0.259391 21.103
 51     0.898 54002.05805817 18.70 309.176482  -0.269764 24.437
 51     0.486 54002.05805882 16.44 309.175762  -0.266464 24.437
 51     0.306 54002.05805946 15.49 309.175032  -0.263154 24.437
 51     0.188 54002.05806010 14.24 309.174302  -0.259854 24.437
 51     0.446 54002.05806075 15.82 309.173582  -0.256544 24.437
 51     0.600 54002.05806139 16.92 309.172847  -0.253240 30.467
 51     0.673 54002.05806204 22.54 309.172127  -0.249930 30.467
 52     1.128 54037.05809665 11.39 309.176697  -0.270775 23.599
 52     1.054 54037.05809729 11.08 309.175967  -0.267475 23.599
 52     1.133 54037.05809794 11.08 309.175237  -0.264165 23.599
 52     0.966 54037.05809858 12.19 309.174517  -0.260865 23.599
 52     0.909 54037.05809923 12.91 309.173787  -0.257555 23.599
 52     1.067 54037.05809987 14.81 309.173067  -0.254245 23.599
 52     1.249 54037.05810052 24.28 309.172337  -0.250945 23.599
 53     0.753 54072.05809006 16.08 309.176113  -0.273528 27.694
 53     1.077 54072.05809071 12.73 309.175383  -0.270228 27.694
 53     0.849 54072.05809135 12.24 309.174663  -0.266918 27.694
 53     0.833 54072.05809200 12.34 309.173933  -0.263618 27.694
 53     0.663 54072.05809264 13.64 309.173213  -0.260308 27.694
 53     0.749 54072.05809329 14.71 309.172483  -0.257008 27.694
 53     1.061 54072.05809393 18.07 309.171753  -0.253698 27.694
 54    -0.262 54107.05804008 24.39 309.173957  -0.275243 18.213
 54    -0.670 54107.05804072 22.07 309.173227  -0.271933 18.213
 54    -1.628 54107.05804137 23.41 309.172507  -0.268633 18.213
 54    -0.623 54107.05804201 21.25 309.171777  -0.265323 18.213
 54     0.391 54107.05804266 18.18 309.171047  -0.262023 18.213
 54     0.684 54107.05804330 17.02 309.170327  -0.258713 18.213
 54     0.882 54107.05804395 17.64 309.169597  -0.255403 18.213
 55     1.566 54142.05802535 14.69 309.173785  -0.271651 26.394
 55     1.414 54142.05802600 15.07 309.173055  -0.268341 26.394
 55     1.451 54142.05802664 14.79 309.172335  -0.265041 26.394
 55     1.458 54142.05802729 15.37 309.171605  -0.261731 26.394
 55     1.530 54142.05802793 17.08 309.170885  -0.258431 26.394
 55     1.609 54142.05802858 17.17 309.170155  -0.255121 26.394
 56     0.327 54177.05802256 20.80 309.173821  -0.273519 14.784
 56     0.108 54177.05802320 20.33 309.173091  -0.270219 14.784
 56    -0.054 54177.05802384 19.32 309.172371  -0.266909 14.784
 56     0.168 54177.05802449 15.75 309.171641  -0.263609 14.784
 56     0.300 54177.05802513 16.34 309.170911  -0.260299 14.784
 56     0.681 54177.05802578 15.43 309.170191  -0.256999 14.784
 56     0.941 54177.05802642 17.65 309.169461  -0.253689 14.784
 57     1.653 54212.05803141 22.73 309.173703  -0.275226 16.552
 57     1.239 54212.05803205 22.21 309.172983  -0.271916 16.552
 57     1.205 54212.05803270 20.84 309.172253  -0.268616 16.552
 57     0.777 54212.05803334 21.11 309.171533  -0.265306 16.552
 57     0.974 54212.05803399 20.51 309.170803  -0.262006 16.552
 57     1.349 54212.05803463 20.88 309.170073  -0.258696 16.552
 57     1.650 54212.05803527 21.61 309.169353  -0.255396 16.552
 58     1.498 54247.05806129 16.99 309.174286  -0.274995 23.985
 58     1.610 54247.05806194 14.77 309.173556  -0.271695 23.985
 58     1.478 54247.05806258 14.11 309.172836  -0.268385 23.985
 58     1.349 54247.05806323 14.20 309.172106  -0.265085 23.985
 58     1.270 54247.05806387 14.76 309.171376  -0.261775 23.985
 58     1.390 54247.05806452 14.70 309.170656  -0.258475 23.985
 58     1.532 54247.05806516 15.84 309.169926  -0.255165 23.985
 60     1.755 54317.05806962 24.46 309.175970  -0.271952 15.310
 60     1.645 54317.05807026 24.27 309.175250  -0.268642 15.310
 60     1.437 54317.05807091 24.92 309.174520  -0.265342 15.310
 60     1.297 54317.05807155 25.72 309.173800  -0.262032 15.310
 60     1.425 54317.05807220 25.52 309.173070  -0.258732 15.310
 60     1.563 54317.05807284 25.91 309.172340  -0.255422 15.310
 60     1.684 54317.05807349 28.74 309.171620  -0.252122 15.310
 61     0.967 54352.05803611 15.23 309.174605  -0.271250 19.651
 61     0.623 54352.05803675 13.34 309.173885  -0.267940 19.651
 61     0.384 54352.05803740 14.25 309.173155  -0.264640 19.651
 61     0.306 54352.05803804 13.91 309.172435  -0.261330 19.651
 61     0.390 54352.05803869 16.33 309.171705  -0.258030 19.651
 61     0.629 54352.05803933 16.88 309.170975  -0.254720 19.651
 62     1.525 54387.05800872 16.52 309.175780  -0.273544 23.521
 62     0.801 54387.05800937 13.14 309.175050  -0.270244 23.521
 62     0.515 54387.05801001 13.48 309.174330  -0.266934 23.521
 62     0.318 54387.05801065 12.90 309.173600  -0.263624 23.521
 62     0.364 54387.05801130 12.65 309.172870  -0.260324 23.521
 62     0.561 54387.05801194 12.65 309.172150  -0.257014 23.521
 62     0.863 54387.05801259 14.11 309.171420  -0.253714 23.521
 63     1.563 54422.05798523 14.26 309.174267  -0.273555 24.214
 63     1.557 54422.05798587 13.76 309.173547  -0.270245 24.214
 63     1.458 54422.05798652 11.13 309.172817  -0.266945 24.214
 63     1.538 54422.05798716 11.41 309.172087  -0.263635 24.214
 63     1.349 54422.05798781 13.18 309.171367  -0.260325 24.214
 63     1.487 54422.05798845 14.08 309.170637  -0.257025 24.214
 63     1.596 54422.05798910 16.64 309.169917  -0.253715 24.214
 64     0.817 54457.05798257 15.03 309.175216  -0.271223 20.695
 64     0.585 54457.05798322 14.26 309.174496  -0.267923 20.695
 64     0.412 54457.05798386 13.61 309.173766  -0.264613 20.695
 64     0.328 54457.05798451 13.96 309.173036  -0.261313 20.695
 64     0.305 54457.05798515 15.41 309.172316  -0.258003 20.695
 64     0.603 54457.05798580 16.85 309.171586  -0.254703 20.695
 64     0.827 54457.05798644 19.64 309.170856  -0.251393 20.695
 65     1.284 54492.05798788 19.81 309.175235  -0.271695 28.029
 65    -0.189 54492.05798853 19.71 309.174515  -0.268385 28.029
 65     0.120 54492.05798917 19.52 309.173785  -0.265085 28.029
 65     0.794 54492.05798981 18.13 309.173062  -0.261779 27.792
 65     1.134 54492.05799046 17.52 309.172332  -0.258469 27.792
 65     1.354 54492.05799110 17.85 309.171612  -0.255169 27.792
 65     1.546 54492.05799175 22.23 309.170882  -0.251859 27.792
 66     1.641 54527.05799524 22.58 309.176134  -0.270994 20.446
 66     1.536 54527.05799588 23.61 309.175404  -0.267694 20.446
 66     1.538 54527.05799653 24.64 309.174684  -0.264384 20.446
 66     1.632 54527.05799717 25.00 309.173954  -0.261074 20.446
 66     1.590 54527.05799782 24.14 309.173234  -0.257774 20.446
 66     1.788 54527.05799846 24.49 309.172504  -0.254464 20.446
 66     1.935 54527.05799910 25.83 309.171774  -0.251164 20.446
 67     0.805 54562.05799567 17.06 309.174345  -0.273900 28.345
 67     1.276 54562.05799631 16.47 309.173615  -0.270590 28.345
 67     0.847 54562.05799696 16.83 309.172894  -0.267286 19.509
 67     0.507 54562.05799760 16.10 309.172164  -0.263976 19.509
 67     0.697 54562.05799824 16.05 309.171434  -0.260676 19.509
 67     0.958 54562.05799889 16.74 309.170714  -0.257366 19.509
 67     1.327 54562.05799953 18.29 309.169984  -0.254066 19.509
 68     0.671 54597.05799138 27.43 309.174084  -0.272568 26.209
 68     1.072 54597.05799202 29.46 309.173354  -0.269258 26.209
 68     1.532 54597.05799267 31.34 309.172634  -0.265958 26.209
 68     1.759 54597.05799331 34.61 309.171904  -0.262648 26.209
 68     1.974 54597.05799395 38.99 309.171174  -0.259348 26.209
 68     1.913 54597.05799460 41.14 309.170454  -0.256038 26.209
 68     2.102 54597.05799524 43.78 309.169724  -0.252738 26.209
 69     1.606 54632.05800408 14.37 309.173741  -0.275179 35.171
 69     1.034 54632.05800472 13.53 309.173015  -0.271873 22.285
 69     0.921 54632.05800537 12.47 309.172285  -0.268563 22.285
 69     0.790 54632.05800601 12.98 309.171565  -0.265263 22.285
 69     0.755 54632.05800665 13.51 309.170835  -0.261953 22.285
 69     0.781 54632.05800730 14.77 309.170105  -0.258653 22.285
 69     1.043 54632.05800794 16.77 309.169385  -0.255343 22.285
 70     0.659 54667.05801015 16.30 309.172967  -0.273237 32.728
 70     0.541 54667.05801079 17.27 309.172242  -0.269933 19.431
 70     0.375 54667.05801143 14.95 309.171512  -0.266623 19.431
 70     0.481 54667.05801208 13.95 309.170792  -0.263323 19.431
 70     0.631 54667.05801272 14.71 309.170062  -0.260013 19.431
 70     0.918 54667.05801337 16.69 309.169332  -0.256713 19.431
 70     1.096 54667.05801401 17.81 309.168612  -0.253403 19.431
 71     1.679 54702.05797751 16.07 309.175935  -0.273055 32.042
 71     1.540 54702.05797815 14.40 309.175205  -0.269745 32.042
 71     1.507 54702.05797880 13.06 309.174484  -0.266439 26.622
 71     1.500 54702.05797944 12.78 309.173754  -0.263129 26.622
 71     1.531 54702.05798009 13.29 309.173034  -0.259829 26.622
 71     1.520 54702.05798073 14.59 309.172304  -0.256519 26.622
 71     1.691 54702.05798138 20.08 309.171574  -0.253219 26.622
 72     0.696 54737.05797092 19.58 309.174526  -0.272849 26.590
 72     0.430 54737.05797156 17.94 309.173806  -0.269549 26.590
 72     0.052 54737.05797221 16.57 309.173076  -0.266239 26.590
 72    -0.224 54737.05797285 17.30 309.172346  -0.262929 26.590
 72     0.282 54737.05797350 14.94 309.171626  -0.259629 26.590
 72     0.667 54737.05797414 17.40 309.170896  -0.256319 26.590
 72     0.706 54737.05797479 19.77 309.170166  -0.253019 26.590
 73     1.188 54772.05795784 17.08 309.175762  -0.272697 27.527
 73     0.653 54772.05795849 15.67 309.175032  -0.269387 27.527
 73     0.333 54772.05795913 15.06 309.174309  -0.266081 25.040
 73     0.415 54772.05795978 13.38 309.173579  -0.262781 25.040
 73     0.394 54772.05796042 14.11 309.172859  -0.259471 25.040
 73     0.718 54772.05796107 14.47 309.172129  -0.256161 25.040
 73     0.902 54772.05796171 16.37 309.171399  -0.252861 25.040
 74     1.140 54807.05796369 18.10 309.173918  -0.274457 37.259
 74     1.351 54807.05796434 13.38 309.173189  -0.271154 22.426
 74     1.455 54807.05796498 12.29 309.172459  -0.267844 22.426
 74     1.481 54807.05796563 11.67 309.171739  -0.264544 22.426
 74     1.445 54807.05796627 12.94 309.171009  -0.261234 22.426
 74     1.514 54807.05796691 14.50 309.170279  -0.257934 22.426
 74     1.713 54807.05796756 16.80 309.169559  -0.254624 22.426
 75     0.605 54842.05795485 18.07 309.174785  -0.272240 30.058
 75     0.434 54842.05795549 15.49 309.174061  -0.268935 23.396
 75     0.178 54842.05795614 14.69 309.173331  -0.265625 23.396
 75     0.113 54842.05795678 14.25 309.172611  -0.262325 23.396
 75     0.373 54842.05795743 14.83 309.171881  -0.259015 23.396
 75     0.708 54842.05795807 14.77 309.171151  -0.255715 23.396
 75     0.858 54842.05795872 18.16 309.170431  -0.252405 23.396
 76     1.708 54877.05796590 19.89 309.173564  -0.273869 14.808
 76     1.155 54877.05796655 20.12 309.172834  -0.270559 14.808
 76     0.249 54877.05796719 20.50 309.172114  -0.267259 14.808
 76     1.000 54877.05796784 19.80 309.171384  -0.263949 14.808
 76     1.390 54877.05796848 18.22 309.170664  -0.260649 14.808
 76     1.586 54877.05796913 18.60 309.169934  -0.257339 14.808
 76     1.833 54877.05796977 20.33 309.169204  -0.254039 14.808
 77     1.618 54912.05795905 14.61 309.173014  -0.273209 36.742
 77     1.508 54912.05795969 13.36 309.172284  -0.269899 36.742
 77     1.451 54912.05796034 13.32 309.171564  -0.266595 22.240
 77     1.441 54912.05796098 13.77 309.170834  -0.263285 22.240
 77     1.520 54912.05796163 14.71 309.170114  -0.259985 22.240
 77     1.662 54912.05796227 16.33 309.169384  -0.256675 22.240
 77     1.721 54912.05796292 20.03 309.168654  -0.253375 22.240
 78     1.361 54947.05795890 19.67 309.172656  -0.273073 17.613
 78     0.954 54947.05795954 17.03 309.171926  -0.269763 17.613
 78     0.692 54947.05796019 18.65 309.171206  -0.266463 17.613
 78     0.602 54947.05796083 18.45 309.170476  -0.263153 17.613
 78     0.916 54947.05796148 18.10 309.169746  -0.259853 17.613
 78     1.218 54947.05796212 18.30 309.169026  -0.256543 17.613
 79     2.388 54982.05798485 19.19 309.172976  -0.273440 22.198
 79     2.167 54982.05798550 18.27 309.172246  -0.270140 22.198
 79     1.754 54982.05798614 18.73 309.171526  -0.266830 22.198
 79     1.977 54982.05798679 17.82 309.170796  -0.263530 22.198
 79     2.032 54982.05798743 19.08 309.170066  -0.260220 22.198
 79     2.353 54982.05798808 22.48 309.169346  -0.256910 22.198
 79     2.521 54982.05798872 25.42 309.168616  -0.253610 22.198
 80     0.837 55017.05798434 16.69 309.174515  -0.272427 36.049
 80     0.592 55017.05798498 17.50 309.173790  -0.269121 27.604
 80     0.257 55017.05798563 16.69 309.173060  -0.265821 27.604
 80     0.280 55017.05798627 14.90 309.172340  -0.262511 27.604
 80     0.432 55017.05798692 15.60 309.171610  -0.259211 27.604
 80     0.784 55017.05798756 14.40 309.170880  -0.255901 27.604
 80     0.862 55017.05798820 18.06 309.170160  -0.252591 27.604
 81     0.998 55052.05797950 20.50 309.175392  -0.272546 27.619
 81     0.943 55052.05798015 18.60 309.174662  -0.269236 27.619
 81     1.015 55052.05798079 16.45 309.173938  -0.265931 24.050
 81     0.789 55052.05798144 15.79 309.173208  -0.262621 24.050
 81     1.074 55052.05798208 15.43 309.172488  -0.259321 24.050
 81     1.645 55052.05798273 16.30 309.171758  -0.256011 24.050
 81     2.267 55052.05798337 16.15 309.171028  -0.252711 24.050
 82     1.883 55087.05794333 16.01 309.174003  -0.273772 36.580
 82     1.665 55087.05794398 14.53 309.173273  -0.270462 36.580
 82     1.567 55087.05794462 13.41 309.172554  -0.267155 31.736
 82     1.384 55087.05794527 14.21 309.171824  -0.263855 31.736
 82     1.504 55087.05794591 13.25 309.171094  -0.260545 31.736
 82     1.604 55087.05794656 14.75 309.170374  -0.257235 31.736
 82     1.861 55087.05794720 18.32 309.169644  -0.253935 31.736
 83     0.444 55122.05791423 22.95 309.175680  -0.271717 23.251
 83     0.314 55122.05791488 21.61 309.174960  -0.268407 23.251
 83    -0.107 55122.05791552 18.03 309.174230  -0.265107 23.251
 83    -0.285 55122.05791617 18.23 309.173500  -0.261797 23.251
 83     0.301 55122.05791681 15.89 309.172780  -0.258497 23.251
 83     0.564 55122.05791746 18.94 309.172050  -0.255187 23.251
 83     0.753 55122.05791810 21.16 309.171320  -0.251887 23.251
 84     1.738 55157.05790332 12.46 309.173448  -0.272634 30.403
 84     1.297 55157.05790397 11.45 309.172718  -0.269334 30.403
 84     0.968 55157.05790461 11.93 309.171996  -0.266029 24.666
 84     0.837 55157.05790525 12.90 309.171266  -0.262729 24.666
 84     0.862 55157.05790590 14.33 309.170546  -0.259419 24.666
 84     0.991 55157.05790654 15.72 309.169816  -0.256109 24.666
 84     1.098 55157.05790719 18.63 309.169086  -0.252809 24.666
 85     1.268 55192.05790382 15.58 309.174000  -0.273151 39.216
 85     1.547 55192.05790447 12.69 309.173270  -0.269846 25.042
 85     1.593 55192.05790511 12.76 309.172550  -0.266536 25.042
 85     1.587 55192.05790576 12.35 309.171820  -0.263236 25.042
 85     1.645 55192.05790640 14.20 309.171090  -0.259926 25.042
 85     1.783 55192.05790705 15.54 309.170370  -0.256626 25.042
 85     1.816 55192.05790769 18.86 309.169640  -0.253316 25.042
 86     1.548 55227.05790473 18.11 309.173457  -0.271941 31.938
 86     0.439 55227.05790537 18.14 309.172735  -0.268634 20.123
 86     0.282 55227.05790602 18.18 309.172005  -0.265334 20.123
 86     0.559 55227.05790666 15.72 309.171285  -0.262024 20.123
 86     0.729 55227.05790731 16.27 309.170555  -0.258714 20.123
 86     1.067 55227.05790795 16.92 309.169825  -0.255414 20.123
 87     1.586 55262.05789915 20.37 309.175051  -0.271453 28.960
 87    -0.395 55262.05789980 21.39 309.174331  -0.268153 28.960
 87    -0.741 55262.05790044 22.07 309.173601  -0.264843 28.960
 87     0.938 55262.05790108 19.31 309.172875  -0.261539 27.910
 87     1.495 55262.05790173 17.79 309.172145  -0.258229 27.910
 87     1.756 55262.05790237 20.17 309.171425  -0.254929 27.910
 87     1.975 55262.05790302 24.98 309.170695  -0.251619 27.910
 89     1.221 55332.05787928 17.98 309.173040  -0.274908 31.604
 89     1.255 55332.05787992 14.44 309.172315  -0.271602 16.542
 89     0.939 55332.05788057 14.87 309.171585  -0.268302 16.542
 89     0.647 55332.05788121 15.13 309.170865  -0.264992 16.542
 89     0.753 55332.05788186 14.82 309.170135  -0.261692 16.542
 89     0.961 55332.05788250 15.74 309.169405  -0.258382 16.542
 89     1.737 55332.05788315 15.18 309.168685  -0.255072 16.542
 90     2.096 55367.05787177 22.72 309.174843  -0.272103 32.773
 90     1.428 55367.05787241 20.52 309.174120  -0.268797 26.289
 90     1.023 55367.05787306 19.80 309.173390  -0.265497 26.289
 90     1.395 55367.05787370 18.39 309.172670  -0.262187 26.289
 90     1.780 55367.05787434 17.01 309.171940  -0.258877 26.289
 90     2.102 55367.05787499 17.72 309.171210  -0.255577 26.289
 90     2.250 55367.05787563 23.35 309.170490  -0.252267 26.289
 91     0.461 55402.05788534 20.57 309.174957  -0.274352 28.147
 91     0.275 55402.05788598 20.30 309.174228  -0.271048 20.356
 91    -0.027 55402.05788663 19.48 309.173498  -0.267738 20.356
 91    -0.373 55402.05788727 21.24 309.172778  -0.264438 20.356
 91    -0.146 55402.05788792 22.51 309.172048  -0.261128 20.356
 91     0.121 55402.05788856 22.48 309.171318  -0.257828 20.356
 91     0.391 55402.05788921 24.03 309.170598  -0.254518 20.356
 92    -0.105 55437.05788938 28.13 309.176094  -0.272914 24.597
 92    -0.254 55437.05789002 25.91 309.175370  -0.269609 20.748
 92     0.451 55437.05789067 21.98 309.174640  -0.266309 20.748
 92     0.181 55437.05789131 22.19 309.173920  -0.262999 20.748
 92     0.000 55437.05789196 22.43 309.173190  -0.259689 20.748
 92     0.647 55437.05789260 20.33 309.172460  -0.256389 20.748
 92     0.985 55437.05789324 20.12 309.171740  -0.253079 20.748
 93     0.622 55472.05783953 21.80 309.175059  -0.272427 33.903
 93     0.279 55472.05784017 19.11 309.174329  -0.269117 33.903
 93    -0.408 55472.05784082 18.82 309.173610  -0.265810 27.647
 93    -1.281 55472.05784146 19.93 309.172880  -0.262510 27.647
 93     0.958 55472.05784211 18.51 309.172160  -0.259200 27.647
 93     1.508 55472.05784275 16.17 309.171430  -0.255900 27.647
 93     1.649 55472.05784340 20.31 309.170700  -0.252590 27.647
