#    0.000   0.000   0.000 ;Mean Elev.(m), Avg Gradient(m/km), RMS Gradient(m/km) - SRTM1     
#    0.000   0.000   0.000 ;Mean Elev.(m), Avg Gradient(m/km), RMS Gradient(m/km) - ASTER GDEM
#    0.057  -0.632   4.493 ;Mean Elev.(m), Avg Gradient(m/km), RMS Gradient(m/km) - GMTED2010 
  7 309.145684   0.104345     2.372     2.386 50 52444.55803424 20.372
  8 309.151921   0.107586    -1.329    -0.330 49 52479.55802659 23.749
  9 309.163889   0.110141    -0.215     0.589 47 52514.55797270 21.204
 10 309.153291   0.108916     1.955     1.982 48 52549.55801830 13.740
 11 309.162795   0.107874    -1.332    -0.429 47 52584.55800370 25.537
 12 309.154227   0.109438     0.814     1.016 48 52619.55798213 16.194
 13 309.164431   0.109576     0.652     0.895 47 52654.55796725 17.761
 14 309.157139   0.108452    -0.721     0.097 47 52689.55796250 20.533
 15 309.157684   0.108276     2.106     2.164 47 52724.55800720 17.441
 16 309.144498   0.103507    -0.895    -0.378 50 52759.55802729 24.849
 17 309.161760   0.109975    -0.131     0.526 47 52794.55798060 19.924
 18 309.162970   0.107526     2.399     2.505 47 52829.55804816 22.089
 19 309.165238   0.109261    -1.295    -0.081 47 52864.55809228 26.069
 20 309.155313   0.107580     0.552     0.780 48 52899.55812201 21.245
 21 309.154519   0.108637     1.565     1.552 48 52934.55806552 15.929
 22 309.157081   0.108670    -1.646    -0.599 48 52969.55808118 21.335
 23 309.150195   0.106972     1.598     1.609 48 53004.55810007 19.183
 24 309.153426   0.107966    -0.807     0.103 47 53039.55804915 18.106
 25 309.154110   0.109008    -0.191     0.391 48 53074.55807991 18.728
 26 309.150696   0.107015     2.057     2.048 49 53109.55804990 20.947
 27 309.154928   0.107376    -1.468    -0.030 48 53144.55809076 19.703
 28 309.160431   0.109642     0.348     0.529 47 53179.55810504 25.918
 29 309.155066   0.108322     2.230     2.245 47 53214.55812718 13.544
 30 309.157182   0.108234    -0.732     0.004 47 53249.55809680 22.124
 31 309.151844   0.106481     0.999     1.009 48 53284.55809318 14.862
 32 309.163427   0.109315     0.927     0.974 47 53319.55808086 15.666
 33 309.162713   0.108037    -0.836     0.046 47 53354.55804857 23.969
 34 309.156051   0.108181     1.607     1.606 47 53389.55805265 19.037
 35 309.163003   0.108969    -1.002    -0.262 47 53424.55805087 31.827
 36 309.162903   0.108639     0.490     0.705 47 53459.55805581 17.974
 37 309.149395   0.107193     1.968     1.979 49 53494.55814142 15.975
 38 309.163706   0.110383    -0.251    -0.041 47 53529.55811577 25.055
 39 309.150448   0.106867     0.960     0.995 48 53564.55814778 16.330
 40 309.160120   0.108304     1.631     1.640 47 53599.55808888 12.643
 41 309.153358   0.108795    -1.010    -0.072 48 53634.55808541 21.501
 42 309.151545   0.106790     1.505     1.518 49 53669.55810762 12.130
 43 309.163733   0.110532    -0.125     0.427 47 53704.55804456 22.449
 44 309.162520   0.108331    -0.445     0.297 47 53739.55795491 27.106
 45 309.163208   0.109088     1.536     1.587 47 53774.55797392 15.102
 46 309.160597   0.108712    -0.512     0.044 47 53809.55795759 24.266
 47 309.154934   0.108941     0.933     0.910 48 53844.55799914 17.841
 48 309.161477   0.110198     1.763     1.783 47 53879.55802791 21.045
 49 309.149664   0.105289    -0.961     0.309 49 53914.55808493 20.233
 50 309.147610   0.105272     1.126     1.142 50 53949.55809585 16.361
 51 309.156817   0.107906     0.907     0.919 47 53984.55803370 16.477
 52 309.158927   0.109179    -0.802     0.134 48 54019.55806825 22.646
 53 309.166512   0.108759     1.623     1.711 46 54054.55805937 16.919
 54 309.158832   0.107782    -1.176    -0.414 47 54089.55804945 26.131
 55 309.159026   0.109164     0.805     0.852 48 54124.55797381 18.697
 56 309.156575   0.108212     0.928     0.977 48 54159.55801561 16.738
 57 309.158090   0.108392    -0.513    -0.002 47 54194.55797646 33.455
 58 309.157849   0.109066     1.245     1.236 47 54229.55802703 15.621
 59 309.158113   0.107602     1.240     1.264 47 54264.55804565 14.899
 60 309.159242   0.108777    -0.038     0.490 48 54299.55804942 22.772
 61 309.158967   0.109603     1.533     1.548 47 54334.55803915 13.423
 63 309.157610   0.108732    -0.184     0.495 47 54404.55798361 25.916
 64 309.157803   0.108915     1.250     1.247 48 54439.55794071 13.602
 65 309.159555   0.108724    -1.148    -0.522 47 54474.55797019 28.488
 66 309.158236   0.108252     0.956     1.054 48 54509.55795405 17.885
 67 309.158496   0.108349     0.161     0.577 48 54544.55798438 22.539
 68 309.158876   0.108645    -0.278     0.313 48 54579.55795201 26.985
 69 309.158986   0.108432     1.984     1.982 48 54614.55797427 14.967
 70 309.156376   0.108296    -0.520    -0.027 48 54649.55798469 34.362
 71 309.157746   0.108387     0.123     0.599 48 54684.55798052 23.708
 72 309.159432   0.109080     1.759     1.758 48 54719.55792850 14.068
 73 309.157223   0.107814    -0.182    -0.083 47 54754.55795510 25.039
 74 309.156844   0.108064     0.919     0.922 47 54789.55792261 19.553
 75 309.158443   0.108795     0.129     0.645 48 54824.55794994 21.907
 76 309.159399   0.109615    -1.435    -1.086 47 54859.55791539 19.172
 77 309.156216   0.108332     1.541     1.560 47 54894.55795213 12.423
 78 309.156241   0.107765     0.072     0.588 48 54929.55791451 23.647
 79 309.157383   0.109209     0.901     0.927 48 54964.55795126 23.620
 80 309.154973   0.108494     2.133     2.130 48 54999.55797233 16.090
 81 309.158606   0.109521    -0.562     0.014 47 55034.55795807 24.827
 82 309.158234   0.108849     0.866     1.022 47 55069.55794785 20.817
 83 309.156507   0.108974     1.372     1.364 47 55104.55788904 13.186
 84 309.157988   0.108797    -1.108    -0.407 48 55139.55789549 29.086
 85 309.159112   0.108771     1.375     1.395 47 55174.55785577 14.127
 86 309.157877   0.109425    -0.358    -0.070 47 55209.55789104 26.815
 87 309.157031   0.108495    -0.206     0.120 47 55244.55786280 25.369
 88 309.157082   0.108206     1.935     1.930 47 55279.55788455 12.535
 89 309.157184   0.107822    -0.156     0.118 48 55314.55784906 27.130
 90 309.158211   0.109152     0.382     0.836 48 55349.55785579 24.744
 91 309.156591   0.107807     2.042     2.051 48 55384.55784861 14.633
 92 309.158548   0.107926    -0.673    -0.139 47 55419.55787425 28.978
 93 309.158181   0.108233     1.263     1.265 47 55454.55785263 13.203
 94 309.159341   0.109593     0.546     0.562 47 55489.55777200 27.241
