#    0.000   0.000   0.000 ;Mean Elev.(m), Avg Gradient(m/km), RMS Gradient(m/km) - SRTM1     
#    0.000   0.000   0.000 ;Mean Elev.(m), Avg Gradient(m/km), RMS Gradient(m/km) - ASTER GDEM
#    0.297   0.454   5.741 ;Mean Elev.(m), Avg Gradient(m/km), RMS Gradient(m/km) - GMTED2010 
  7     3.377 52465.06179198 24.02 307.995317  -1.445568 21.675
  7     3.290 52465.06179262 22.59 307.994587  -1.442268 21.675
  7     3.227 52465.06179327 20.56 307.993867  -1.438958 21.675
  7     3.238 52465.06179391 19.37 307.993136  -1.435658 11.290
  7     2.693 52465.06179456 20.20 307.992416  -1.432348 11.290
  7     2.231 52465.06179520 21.42 307.991686  -1.429048 11.290
  7     1.933 52465.06179585 22.47 307.990956  -1.425738 11.290
  7     0.560 52465.06179649 23.44 307.990236  -1.422438 11.290
  7     1.041 52465.06179713 23.21 307.989506  -1.419128 11.290
  7     3.008 52465.06179778 23.10 307.988776  -1.415828 11.290
  8     3.582 52500.06178774 18.57 307.994504  -1.444090 13.131
  8     3.546 52500.06178839 17.26 307.993774  -1.440780 13.131
  8     3.529 52500.06178903 17.15 307.993044  -1.437480 13.131
  8     3.531 52500.06178968 17.03 307.992324  -1.434170 13.131
  8     3.580 52500.06179032 16.43 307.991594  -1.430870 13.131
  8     3.459 52500.06179097 17.33 307.990864  -1.427560 13.131
  8     3.344 52500.06179161 17.78 307.990144  -1.424260 13.131
  8     3.305 52500.06179226 18.43 307.989414  -1.420950 13.131
  8     3.514 52500.06179290 18.75 307.988694  -1.417650 13.131
  8     3.550 52500.06179355 19.17 307.987964  -1.414340 13.131
  9     2.460 52535.06177510 14.30 307.992021  -1.444126  4.744
  9     2.367 52535.06177575 13.54 307.991291  -1.440826  4.744
  9     2.264 52535.06177639 14.02 307.990571  -1.437516  4.744
  9     2.264 52535.06177704 14.70 307.989841  -1.434216  4.744
  9     2.003 52535.06177768 16.28 307.989111  -1.430906  4.744
  9     1.976 52535.06177832 16.60 307.988381  -1.427606  4.744
  9     2.077 52535.06177897 17.85 307.987661  -1.424296  4.744
  9     2.056 52535.06177961 18.55 307.986931  -1.420996  4.744
  9     2.342 52535.06178026 18.14 307.986201  -1.417686  4.744
  9     2.596 52535.06178090 18.19 307.985481  -1.414386  4.744
 10     2.381 52570.06180566 15.37 307.994713  -1.445679 22.344
 10     2.327 52570.06180631 11.95 307.993983  -1.442379 22.344
 10     2.416 52570.06180695 10.94 307.993263  -1.439069 22.344
 10     2.435 52570.06180759 10.76 307.992533  -1.435769 22.344
 10     2.416 52570.06180824 10.54 307.991803  -1.432459 22.344
 10     2.412 52570.06180888 10.71 307.991083  -1.429159 22.344
 10     2.449 52570.06180953 10.47 307.990353  -1.425849 22.344
 10     2.388 52570.06181017 10.87 307.989623  -1.422549 22.344
 10     2.491 52570.06181082 11.29 307.988903  -1.419239 22.344
 10     2.513 52570.06181146 12.27 307.988170  -1.415939  6.734
 11     1.712 52605.06178321 13.38 307.993180  -1.442631 30.949
 11     1.767 52605.06178385 12.97 307.992460  -1.439331 30.949
 11     1.771 52605.06178449 12.43 307.991730  -1.436021 30.949
 11     1.686 52605.06178514 13.13 307.991010  -1.432721 30.949
 11     1.682 52605.06178578 13.68 307.990280  -1.429411 30.949
 11     1.640 52605.06178643 13.94 307.989553  -1.426110  4.747
 11     1.742 52605.06178707 14.27 307.988823  -1.422800  4.747
 11     1.840 52605.06178772 14.94 307.988103  -1.419500  4.747
 11     1.894 52605.06178836 15.29 307.987373  -1.416190  4.747
 12     1.970 52640.06176829 14.20 307.992311  -1.442977 36.458
 12     1.903 52640.06176893 13.55 307.991585  -1.439677  7.388
 12     1.585 52640.06176958 15.79 307.990865  -1.436367  7.388
 12     1.740 52640.06177022 15.92 307.990135  -1.433067  7.388
 12     1.461 52640.06177087 17.20 307.989405  -1.429757  7.388
 12    -0.039 52640.06177151 18.13 307.988685  -1.426457  7.388
 12     1.246 52640.06177216 19.36 307.987955  -1.423147  7.388
 12     0.320 52640.06177280 19.78 307.987225  -1.419847  7.388
 12     1.735 52640.06177345 19.56 307.986505  -1.416537  7.388
 13     3.100 52675.06176169 15.72 307.994599  -1.443951 28.225
 13     2.910 52675.06176233 15.88 307.993869  -1.440641 28.225
 13     2.707 52675.06176298 17.18 307.993149  -1.437341 28.225
 13     2.762 52675.06176362 17.34 307.992419  -1.434031 28.225
 13     2.807 52675.06176427 17.80 307.991691  -1.430730  5.088
 13     2.674 52675.06176491 18.85 307.990971  -1.427420  5.088
 13     2.947 52675.06176556 19.59 307.990241  -1.424120  5.088
 13     3.209 52675.06176620 20.18 307.989511  -1.420810  5.088
 13     3.534 52675.06176685 20.32 307.988791  -1.417510  5.088
 13     3.524 52675.06176749 20.46 307.988061  -1.414200  5.088
 14     2.558 52710.06178109 14.65 307.993524  -1.444952  5.499
 14     2.431 52710.06178174 13.87 307.992804  -1.441642  5.499
 14     2.400 52710.06178238 14.71 307.992074  -1.438342  5.499
 14     2.187 52710.06178303 15.75 307.991344  -1.435032  5.499
 14     1.865 52710.06178367 16.29 307.990624  -1.431732  5.499
 14     2.021 52710.06178431 17.04 307.989894  -1.428422  5.499
 14     1.488 52710.06178496 18.45 307.989164  -1.425122  5.499
 14     1.893 52710.06178560 18.85 307.988444  -1.421812  5.499
 14     2.068 52710.06178625 19.71 307.987714  -1.418512  5.499
 14     2.469 52710.06178689 19.91 307.986984  -1.415202  5.499
 15     3.641 52745.06180904 21.52 307.987461  -1.446006 11.908
 15     3.445 52745.06180969 19.98 307.986731  -1.442696 11.908
 15     3.349 52745.06181033 20.58 307.986001  -1.439396 11.908
 15     3.417 52745.06181098 20.86 307.985281  -1.436086 11.908
 15     3.432 52745.06181162 21.95 307.984551  -1.432786 11.908
 15     3.528 52745.06181227 21.70 307.983821  -1.429476 11.908
 15     3.128 52745.06181291 25.52 307.983101  -1.426176 11.908
 15     2.562 52745.06181356 27.46 307.982371  -1.422866 11.908
 15     3.125 52745.06181420 26.87 307.981641  -1.419566 11.908
 15     3.177 52745.06181485 28.66 307.980921  -1.416256 11.908
 16     3.494 52780.06174575 19.28 307.993084  -1.445613 12.957
 16     3.341 52780.06174640 16.14 307.992354  -1.442313 12.957
 16     3.608 52780.06174704 13.70 307.991624  -1.439003 12.957
 16     3.575 52780.06174769 13.12 307.990894  -1.435703 12.957
 16     3.651 52780.06174833 12.57 307.990174  -1.432393 12.957
 16     3.517 52780.06174898 13.25 307.989444  -1.429093 12.957
 16     3.613 52780.06174962 13.51 307.988714  -1.425783 12.957
 16     3.587 52780.06175027 13.49 307.987994  -1.422483 12.957
 16     3.601 52780.06175091 15.20 307.987264  -1.419173 12.957
 16     3.836 52780.06175156 15.96 307.986534  -1.415873 12.957
 17     3.027 52815.06182848 19.16 307.991722  -1.445954 25.187
 17     2.764 52815.06182913 16.59 307.990992  -1.442654 25.187
 17     2.686 52815.06182977 15.26 307.990262  -1.439344 25.187
 17     2.448 52815.06183041 16.05 307.989532  -1.436044 25.187
 17     1.451 52815.06183106 17.72 307.988812  -1.432734 25.187
 17     1.270 52815.06183170 18.39 307.988082  -1.429434 25.187
 17     0.462 52815.06183235 20.37 307.987352  -1.426124 25.187
 17     0.986 52815.06183299 21.31 307.986635  -1.422824 14.266
 17     1.454 52815.06183364 22.19 307.985905  -1.419514 14.266
 17     2.071 52815.06183428 22.51 307.985175  -1.416214 14.266
 18     3.343 52850.06188082 20.12 307.994515  -1.445217 20.031
 18     3.088 52850.06188146 19.05 307.993795  -1.441907 20.031
 18     2.916 52850.06188210 18.89 307.993065  -1.438607 20.031
 18     2.275 52850.06188275 19.93 307.992335  -1.435297 20.031
 18     1.365 52850.06188339 21.68 307.991615  -1.431997 20.031
 18     1.817 52850.06188404 22.35 307.990885  -1.428687 20.031
 18     2.532 52850.06188468 22.77 307.990155  -1.425387 20.031
 18     2.553 52850.06188533 24.52 307.989425  -1.422077 20.031
 18     3.035 52850.06188597 25.14 307.988709  -1.418776  9.034
 18     3.240 52850.06188662 25.51 307.987979  -1.415466  9.034
 19     2.947 52885.06191588 20.62 307.990944  -1.445572 28.735
 19     2.828 52885.06191653 21.36 307.990224  -1.442262 28.735
 19     2.480 52885.06191717 20.68 307.989493  -1.438961  4.629
 19     1.978 52885.06191782 21.29 307.988773  -1.435651  4.629
 19     1.687 52885.06191846 20.66 307.988043  -1.432351  4.629
 19     1.785 52885.06191911 21.78 307.987313  -1.429041  4.629
 19     2.512 52885.06191975 20.00 307.986593  -1.425741  4.629
 19     2.795 52885.06192040 20.46 307.985863  -1.422431  4.629
 19     2.940 52885.06192104 21.34 307.985133  -1.419131  4.629
 19     3.018 52885.06192168 21.26 307.984413  -1.415821  4.629
 20     2.114 52920.06187232 11.26 307.994373  -1.442830 24.571
 20     2.137 52920.06187297 10.82 307.993653  -1.439520 24.571
 20     2.164 52920.06187361  9.66 307.992923  -1.436220 24.571
 20     2.124 52920.06187426  9.90 307.992193  -1.432910 24.571
 20     2.099 52920.06187490 10.36 307.991473  -1.429610 24.571
 20     2.165 52920.06187555 10.22 307.990743  -1.426300 24.571
 20     2.305 52920.06187619  9.71 307.990023  -1.423000 24.571
 20     2.246 52920.06187684 10.35 307.989293  -1.419690 24.571
 20     2.432 52920.06187748 10.10 307.988567  -1.416389  6.222
 21     2.414 52955.06183517 13.94 308.000373  -1.446386 12.435
 21     2.233 52955.06183581 12.24 307.999643  -1.443076 12.435
 21     2.210 52955.06183646 12.79 307.998913  -1.439776 12.435
 21     2.268 52955.06183710 13.66 307.998193  -1.436466 12.435
 21     1.776 52955.06183775 16.06 307.997463  -1.433166 12.435
 21     1.669 52955.06183839 16.66 307.996733  -1.429856 12.435
 21     0.815 52955.06183903 17.20 307.996013  -1.426556 12.435
 21     1.689 52955.06183968 17.40 307.995283  -1.423246 12.435
 21     1.907 52955.06184032 17.57 307.994553  -1.419946 12.435
 21     2.110 52955.06184097 18.25 307.993833  -1.416636 12.435
 21     2.304 52955.06184161 17.54 307.993096  -1.413336  4.734
 22     2.067 52990.06184683 24.86 308.002777  -1.446565 16.725
 22     1.767 52990.06184748 19.06 308.002057  -1.443255 16.725
 22     1.221 52990.06184812 18.97 308.001327  -1.439955 16.725
 22     0.857 52990.06184877 16.97 308.000597  -1.436645 16.725
 22    -0.147 52990.06184941 17.02 307.999877  -1.433345 16.725
 22     1.182 52990.06185006 14.55 307.999147  -1.430035 16.725
 22     1.360 52990.06185070 13.07 307.998417  -1.426735 16.725
 22     1.362 52990.06185135 12.53 307.997697  -1.423425 16.725
 22     1.516 52990.06185199 12.10 307.996965  -1.420125  5.271
 22     1.557 52990.06185264 12.39 307.996245  -1.416815  5.271
 22     1.644 52990.06185328 12.91 307.995515  -1.413515  5.271
 23     2.485 53025.06182305 15.02 308.002754  -1.446079  8.502
 23     2.517 53025.06182369 11.36 308.002034  -1.442779  8.502
 23     2.379 53025.06182434 12.02 308.001304  -1.439469  8.502
 23     2.321 53025.06182498 12.41 308.000574  -1.436169  8.502
 23     2.314 53025.06182563 12.15 307.999854  -1.432859  8.502
 23     2.341 53025.06182627 13.22 307.999124  -1.429559  8.502
 23     2.253 53025.06182692 13.39 307.998404  -1.426249  8.502
 23     2.240 53025.06182756 14.17 307.997674  -1.422949  8.502
 23     2.373 53025.06182821 13.92 307.996944  -1.419639  8.502
 23     2.380 53025.06182885 14.34 307.996224  -1.416339  8.502
 23     2.492 53025.06182950 14.36 307.995494  -1.413029  8.502
 24     3.561 53060.06182498 18.14 308.003543  -1.446853 28.898
 24     3.431 53060.06182563 14.41 308.002813  -1.443543 28.898
 24     3.343 53060.06182627 14.13 308.002093  -1.440243 28.898
 24     3.552 53060.06182692 13.73 308.001363  -1.436933 28.898
 24     3.462 53060.06182756 13.53 308.000633  -1.433633 28.898
 24     3.464 53060.06182821 13.63 307.999913  -1.430323 28.898
 24     3.437 53060.06182885 13.80 307.999180  -1.427021 11.913
 24     3.453 53060.06182949 13.82 307.998460  -1.423711 11.913
 24     3.579 53060.06183014 13.92 307.997730  -1.420411 11.913
 24     3.670 53060.06183078 13.83 307.997000  -1.417101 11.913
 24     3.646 53060.06183143 14.37 307.996280  -1.413801 11.913
 25     2.749 53095.06186045 17.04 307.987707  -1.444584  9.158
 25     2.716 53095.06186109 16.44 307.986977  -1.441274  9.158
 25     2.664 53095.06186174 15.81 307.986247  -1.437974  9.158
 25     2.361 53095.06186238 16.88 307.985527  -1.434664  9.158
 25     2.255 53095.06186303 16.39 307.984797  -1.431364  9.158
 25     2.102 53095.06186367 17.26 307.984077  -1.428054  9.158
 25     1.425 53095.06186432 18.10 307.983347  -1.424754  9.158
 25     2.042 53095.06186496 18.71 307.982617  -1.421444  9.158
 25     2.162 53095.06186561 20.12 307.981897  -1.418144  9.158
 26     3.700 53130.06183201 21.06 308.001367  -1.447103 13.547
 26     3.483 53130.06183266 17.69 308.000637  -1.443793 13.547
 26     3.192 53130.06183330 16.15 307.999917  -1.440493 13.547
 26     2.888 53130.06183395 16.52 307.999187  -1.437183 13.547
 26     2.414 53130.06183459 16.75 307.998457  -1.433883 13.547
 26     3.083 53130.06183524 16.42 307.997737  -1.430573 13.547
 26     3.000 53130.06183588 16.91 307.997007  -1.427273 13.547
 26     2.886 53130.06183653 17.64 307.996277  -1.423963 13.547
 26     3.467 53130.06183717 17.31 307.995557  -1.420663 13.547
 26     3.691 53130.06183782 18.91 307.994827  -1.417353 13.547
 26     3.826 53130.06183846 19.47 307.994097  -1.414053 13.547
 28     2.673 53200.06190502 18.03 307.993732  -1.442489  9.755
 28     2.584 53200.06190566 17.39 307.993002  -1.439189  9.755
 28     2.330 53200.06190631 18.99 307.992282  -1.435879  9.755
 28     2.080 53200.06190695 19.74 307.991552  -1.432579  9.755
 28     2.027 53200.06190760 19.93 307.990822  -1.429269  9.755
 28     0.966 53200.06190824 22.62 307.990102  -1.425969  9.755
 28     0.243 53200.06190889 23.56 307.989372  -1.422659  9.755
 28     0.519 53200.06190953 23.83 307.988642  -1.419359  9.755
 28     0.950 53200.06191018 25.23 307.987922  -1.416049  9.755
 29     3.179 53235.06187361 18.59 308.003011  -1.446043 13.137
 29     2.987 53235.06187425 15.84 308.002281  -1.442743 13.137
 29     2.867 53235.06187490 15.17 308.001561  -1.439433 13.137
 29     2.864 53235.06187554 16.27 308.000831  -1.436133 13.137
 29     2.669 53235.06187619 17.29 308.000111  -1.432823 13.137
 29     2.989 53235.06187683 14.49 307.999381  -1.429523 13.137
 29     2.607 53235.06187748 17.67 307.998651  -1.426213 13.137
 29     2.941 53235.06187812 16.49 307.997931  -1.422913 13.137
 29     3.017 53235.06187877 16.90 307.997201  -1.419603 13.137
 29     3.196 53235.06187941 19.11 307.996471  -1.416303 13.137
 29     3.386 53235.06188006 21.55 307.995751  -1.412993 13.137
 30     2.192 53270.06183781 13.07 307.994557  -1.444571  8.265
 30     2.038 53270.06183846 11.59 307.993827  -1.441271  8.265
 30     2.000 53270.06183910 11.57 307.993107  -1.437961  8.265
 30     1.958 53270.06183975 11.94 307.992377  -1.434661  8.265
 30     1.906 53270.06184039 12.65 307.991647  -1.431351  8.265
 30     1.871 53270.06184104 13.94 307.990927  -1.428051  8.265
 30     1.883 53270.06184168 14.07 307.990197  -1.424741  8.265
 30     1.926 53270.06184233 14.67 307.989467  -1.421441  8.265
 30     2.040 53270.06184297 14.78 307.988747  -1.418131  8.265
 30     2.177 53270.06184362 15.00 307.988017  -1.414831  8.265
 31     2.131 53305.06189981 12.01 307.987727  -1.446047  3.631
 31     1.945 53305.06190045 11.89 307.987007  -1.442747  3.631
 31     1.944 53305.06190110 11.90 307.986277  -1.439437  3.631
 31     1.988 53305.06190174 10.33 307.985547  -1.436137  3.631
 31     2.044 53305.06190239  9.78 307.984827  -1.432827  3.631
 31     2.065 53305.06190303  9.62 307.984097  -1.429527  3.631
 31     2.080 53305.06190368  9.08 307.983367  -1.426217  3.631
 31     2.066 53305.06190432  9.82 307.982647  -1.422917  3.631
 31     2.167 53305.06190497  9.80 307.981917  -1.419607  3.631
 31     2.288 53305.06190561  9.67 307.981187  -1.416307  3.631
 32     2.288 53340.06186813 14.54 307.993896  -1.445160  6.949
 32     2.243 53340.06186878 13.67 307.993166  -1.441850  6.949
 32     2.254 53340.06186942 12.80 307.992436  -1.438550  6.949
 32     2.235 53340.06187007 13.91 307.991716  -1.435240  6.949
 32     2.085 53340.06187071 14.79 307.990986  -1.431940  6.949
 32     2.170 53340.06187136 14.89 307.990266  -1.428630  6.949
 32     2.183 53340.06187200 15.48 307.989536  -1.425330  6.949
 32     2.133 53340.06187264 17.00 307.988806  -1.422020  6.949
 32     2.285 53340.06187329 16.10 307.988086  -1.418720  6.949
 32     2.398 53340.06187393 16.29 307.987356  -1.415410  6.949
 33     1.758 53375.06179851 20.07 307.997797  -1.446145  4.882
 33     1.538 53375.06179916 17.17 307.997077  -1.442845  4.882
 33     1.155 53375.06179980 16.10 307.996347  -1.439535  4.882
 33     1.143 53375.06180045 14.64 307.995617  -1.436235  4.882
 33     1.337 53375.06180109 14.18 307.994897  -1.432925  4.882
 33     1.361 53375.06180174 12.81 307.994167  -1.429625  4.882
 33     1.522 53375.06180238 12.28 307.993437  -1.426315  4.882
 33     1.555 53375.06180303 11.77 307.992717  -1.423015  4.882
 33     1.645 53375.06180367 10.95 307.991987  -1.419705  4.882
 33     1.811 53375.06180432 10.51 307.991267  -1.416405  4.882
 33     1.952 53375.06180496 11.16 307.990537  -1.413095  4.882
 34     3.022 53410.06184228 15.99 307.997840  -1.445435  6.201
 34     2.721 53410.06184292 14.17 307.997110  -1.442125  6.201
 34     2.736 53410.06184357 13.03 307.996390  -1.438825  6.201
 34     2.632 53410.06184421 13.71 307.995660  -1.435515  6.201
 34     2.491 53410.06184485 14.91 307.994930  -1.432215  6.201
 34     2.672 53410.06184550 14.65 307.994210  -1.428905  6.201
 34     2.625 53410.06184614 15.56 307.993480  -1.425605  6.201
 34     2.563 53410.06184679 15.97 307.992750  -1.422295  6.201
 34     2.660 53410.06184743 16.56 307.992030  -1.418995  6.201
 34     2.787 53410.06184808 17.06 307.991300  -1.415685  6.201
 35     3.293 53445.06182527 15.94 307.994767  -1.444404  8.013
 35     3.337 53445.06182591 15.04 307.994037  -1.441094  8.013
 35     2.983 53445.06182656 16.93 307.993307  -1.437794  8.013
 35     2.197 53445.06182720 17.23 307.992587  -1.434484  8.013
 35     0.839 53445.06182785 18.89 307.991857  -1.431184  8.013
 35     2.029 53445.06182849 19.09 307.991137  -1.427874  8.013
 35     2.386 53445.06182914 20.73 307.990407  -1.424574  8.013
 35     2.845 53445.06182978 21.47 307.989677  -1.421264  8.013
 35     3.329 53445.06183043 20.73 307.988957  -1.417964  8.013
 35     1.789 53445.06183107 22.07 307.988227  -1.414654  8.013
 36     3.223 53480.06190626 18.59 307.988439  -1.445210 11.094
 36     3.052 53480.06190691 16.72 307.987719  -1.441910 11.094
 36     2.369 53480.06190755 18.26 307.986989  -1.438600 11.094
 36     0.879 53480.06190820 19.47 307.986259  -1.435300 11.094
 36     0.396 53480.06190884 20.00 307.985539  -1.431990 11.094
 36     0.863 53480.06190949 22.31 307.984809  -1.428690 11.094
 36     1.374 53480.06191013 24.33 307.984079  -1.425380 11.094
 36     2.108 53480.06191077 24.85 307.983359  -1.422080 11.094
 36     2.429 53480.06191142 25.99 307.982629  -1.418770 11.094
 36     2.783 53480.06191206 26.98 307.981899  -1.415470 11.094
 37     3.671 53515.06191299 19.49 307.994254  -1.444419 14.944
 37     3.458 53515.06191364 15.94 307.993534  -1.441119 14.944
 37     3.347 53515.06191428 15.47 307.992804  -1.437809 14.944
 37     3.473 53515.06191493 14.75 307.992074  -1.434509 14.944
 37     3.503 53515.06191557 15.23 307.991354  -1.431199 14.944
 37     3.494 53515.06191622 15.98 307.990624  -1.427899 14.944
 37     3.309 53515.06191686 16.28 307.989894  -1.424589 14.944
 37     3.258 53515.06191750 17.45 307.989174  -1.421289 14.944
 37     3.548 53515.06191815 18.54 307.988444  -1.417979 14.944
 37     3.915 53515.06191879 18.25 307.987714  -1.414679 14.944
 38     3.105 53550.06193214 28.44 307.989084  -1.446086  6.991
 38     2.956 53550.06193279 26.98 307.988364  -1.442786  6.991
 38     2.851 53550.06193343 26.72 307.987634  -1.439476  6.991
 38     2.871 53550.06193408 27.23 307.986904  -1.436176  6.991
 38     2.625 53550.06193472 28.00 307.986184  -1.432866  6.991
 38     2.362 53550.06193536 29.49 307.985454  -1.429566  6.991
 38     2.258 53550.06193601 29.15 307.984724  -1.426256  6.991
 38     2.670 53550.06193665 29.91 307.984004  -1.422956  6.991
 38     2.936 53550.06193730 31.58 307.983274  -1.419646  6.991
 38     3.122 53550.06193794 31.44 307.982544  -1.416346  6.991
 39     2.853 53585.06189275 22.77 307.996176  -1.443465  4.647
 39     2.752 53585.06189340 21.64 307.995446  -1.440155  4.647
 39     2.718 53585.06189404 20.63 307.994716  -1.436855  4.647
 39     2.502 53585.06189469 21.08 307.993996  -1.433545  4.647
 39     2.114 53585.06189533 21.74 307.993266  -1.430245  4.647
 39     1.703 53585.06189598 23.11 307.992546  -1.426935  4.647
 39     1.433 53585.06189662 24.01 307.991816  -1.423635  4.647
 39     2.240 53585.06189727 24.37 307.991086  -1.420325  4.647
 39     2.167 53585.06189791 23.94 307.990366  -1.417025  4.647
 39     2.691 53585.06189856 23.07 307.989636  -1.413715  4.647
 40     2.695 53620.06185005 13.37 307.991018  -1.443192  6.812
 40     2.658 53620.06185070 12.96 307.990288  -1.439882  6.812
 40     2.654 53620.06185134 13.91 307.989558  -1.436582  6.812
 40     2.438 53620.06185199 14.59 307.988838  -1.433272  6.812
 40     2.616 53620.06185263 14.28 307.988108  -1.429972  6.812
 40     2.297 53620.06185328 15.48 307.987378  -1.426662  6.812
 40     2.352 53620.06185392 16.40 307.986658  -1.423362  6.812
 40     2.483 53620.06185457 16.96 307.985928  -1.420052  6.812
 40     2.686 53620.06185521 17.90 307.985208  -1.416752  6.812
 41     1.408 53655.06187807 22.12 307.993144  -1.443129 28.398
 41     0.949 53655.06187871 18.63 307.992414  -1.439819 28.398
 41     0.361 53655.06187936 18.10 307.991684  -1.436519 28.398
 41    -0.260 53655.06188000 18.65 307.990964  -1.433209 28.398
 41    -1.181 53655.06188065 19.60 307.990230  -1.429908  6.660
 41    -0.659 53655.06188129 20.82 307.989510  -1.426598  6.660
 41    -2.375 53655.06188194 22.00 307.988780  -1.423298  6.660
 41    -1.605 53655.06188258 22.47 307.988050  -1.419988  6.660
 41    -1.220 53655.06188323 22.45 307.987330  -1.416688  6.660
 42     1.544 53690.06187114 16.60 307.991675  -1.443091 31.342
 42     1.480 53690.06187179 14.12 307.990955  -1.439791 31.342
 42     1.463 53690.06187243 14.50 307.990225  -1.436481 31.342
 42     1.565 53690.06187308 13.18 307.989495  -1.433181 31.342
 42     1.558 53690.06187372 13.23 307.988775  -1.429871 31.342
 42     1.554 53690.06187437 13.27 307.988045  -1.426570  4.403
 42     1.566 53690.06187501 13.58 307.987325  -1.423260  4.403
 42     1.682 53690.06187566 13.98 307.986595  -1.419960  4.403
 42     1.883 53690.06187630 13.45 307.985865  -1.416650  4.403
 43     2.374 53725.06179491 15.07 307.997068  -1.445052 29.313
 43     2.011 53725.06179556 16.93 307.996338  -1.441742 29.313
 43     2.242 53725.06179620 16.74 307.995618  -1.438442 29.313
 43     2.438 53725.06179685 15.59 307.994888  -1.435132 29.313
 43     2.326 53725.06179749 15.53 307.994165  -1.431830  4.299
 43     2.161 53725.06179814 17.40 307.993435  -1.428520  4.299
 43     2.147 53725.06179878 17.53 307.992715  -1.425220  4.299
 43     2.234 53725.06179943 18.46 307.991985  -1.421910  4.299
 43     2.343 53725.06180007 18.87 307.991255  -1.418610  4.299
 43     2.396 53725.06180072 19.13 307.990535  -1.415300  4.299
 44     2.325 53760.06173940 14.25 308.002506  -1.445858 16.777
 44     2.131 53760.06174005 12.09 308.001776  -1.442548 16.777
 44     2.023 53760.06174069 12.91 308.001056  -1.439248 16.777
 44     2.058 53760.06174134 13.31 308.000326  -1.435938 16.777
 44     2.035 53760.06174198 13.93 307.999596  -1.432638 16.777
 44     1.991 53760.06174263 14.19 307.998876  -1.429328 16.777
 44     1.917 53760.06174327 15.12 307.998140  -1.426028  9.638
 44     1.811 53760.06174391 15.92 307.997420  -1.422718  9.638
 44     2.000 53760.06174456 16.36 307.996690  -1.419418  9.638
 44     1.854 53760.06174520 17.21 307.995960  -1.416108  9.638
 44     2.273 53760.06174585 16.69 307.995240  -1.412808  9.638
 45     3.816 53795.06175691 21.21 307.998842  -1.446971 26.045
 45     3.596 53795.06175755 18.73 307.998112  -1.443661 26.045
 45     3.408 53795.06175820 15.24 307.997392  -1.440361 26.045
 45     3.506 53795.06175884 14.52 307.996662  -1.437051 26.045
 45     3.241 53795.06175949 15.39 307.995942  -1.433751 26.045
 45     3.465 53795.06176013 15.42 307.995212  -1.430441 26.045
 45     3.303 53795.06176078 15.67 307.994484  -1.427140  9.994
 45     3.449 53795.06176142 16.44 307.993764  -1.423830  9.994
 45     3.460 53795.06176207 17.14 307.993034  -1.420530  9.994
 45     3.725 53795.06176271 17.36 307.992304  -1.417220  9.994
 45     3.938 53795.06176335 18.08 307.991584  -1.413920  9.994
 46     3.408 53830.06173591 16.94 307.998195  -1.444608 21.792
 46     3.290 53830.06173655 14.34 307.997465  -1.441298 21.792
 46     3.347 53830.06173720 13.77 307.996735  -1.437998 21.792
 46     3.268 53830.06173784 13.87 307.996015  -1.434688 21.792
 46     3.262 53830.06173849 14.12 307.995287  -1.431388 14.157
 46     3.244 53830.06173913 14.63 307.994557  -1.428078 14.157
 46     3.306 53830.06173978 14.79 307.993827  -1.424778 14.157
 46     3.344 53830.06174042 15.34 307.993097  -1.421468 14.157
 46     3.371 53830.06174107 16.18 307.992377  -1.418168 14.157
 46     3.684 53830.06174171 16.68 307.991647  -1.414858 14.157
 47     3.687 53865.06181349 21.23 307.992050  -1.445246 20.128
 47     3.408 53865.06181414 19.79 307.991320  -1.441946 20.128
 47     3.394 53865.06181478 17.80 307.990590  -1.438636 20.128
 47     3.463 53865.06181543 17.20 307.989870  -1.435336 20.128
 47     3.323 53865.06181607 18.02 307.989140  -1.432026 20.128
 47     3.296 53865.06181672 17.71 307.988410  -1.428726 20.128
 47     3.233 53865.06181736 17.82 307.987690  -1.425416 20.128
 47     3.283 53865.06181801 19.08 307.986956  -1.422115 15.000
 47     3.553 53865.06181865 20.23 307.986236  -1.418805 15.000
 47     4.093 53865.06181930 21.81 307.985506  -1.415505 15.000
 48     3.874 53900.06184024 20.29 307.993880  -1.443791 26.575
 48     3.576 53900.06184089 18.24 307.993150  -1.440481 26.575
 48     3.457 53900.06184153 17.41 307.992420  -1.437181 26.575
 48     3.430 53900.06184218 17.86 307.991700  -1.433871 26.575
 48     2.039 53900.06184282 17.82 307.990968  -1.430572 14.191
 48     2.762 53900.06184347 18.97 307.990248  -1.427262 14.191
 48     3.010 53900.06184411 19.16 307.989518  -1.423962 14.191
 48     3.646 53900.06184476 19.43 307.988788  -1.420652 14.191
 48     4.028 53900.06184540 20.74 307.988068  -1.417352 14.191
 48     4.165 53900.06184605 20.98 307.987338  -1.414042 14.191
 49     3.045 53935.06188263 30.96 307.984790  -1.446705 19.549
 49     2.846 53935.06188328 30.88 307.984060  -1.443405 19.549
 49     2.563 53935.06188392 26.74 307.983330  -1.440095 19.549
 49     2.093 53935.06188457 25.38 307.982610  -1.436795 19.549
 49     1.169 53935.06188521 28.85 307.981880  -1.433485 19.549
 49     1.388 53935.06188585 28.15 307.981150  -1.430185 19.549
 49     1.843 53935.06188650 28.59 307.980430  -1.426875 19.549
 49     2.502 53935.06188714 30.73 307.979699  -1.423573 12.095
 49     2.686 53935.06188779 33.20 307.978969  -1.420263 12.095
 49     2.801 53935.06188843 37.31 307.978249  -1.416963 12.095
 50     2.709 53970.06185186 17.60 307.989386  -1.443714 18.264
 50     2.467 53970.06185251 16.87 307.988656  -1.440414 18.264
 50     2.535 53970.06185315 17.23 307.987926  -1.437104 18.264
 50     1.249 53970.06185380 19.38 307.987206  -1.433804 18.264
 50     1.735 53970.06185444 19.33 307.986476  -1.430494 18.264
 50     1.778 53970.06185509 19.91 307.985756  -1.427194 18.264
 50     1.955 53970.06185573 21.37 307.985026  -1.423884 18.264
 50     2.161 53970.06185638 22.34 307.984298  -1.420581  7.571
 50     2.628 53970.06185702 22.16 307.983568  -1.417271  7.571
 52     1.869 54040.06185825 22.02 307.998479  -1.445773 15.837
 52     1.409 54040.06185890 21.06 307.997759  -1.442463 15.837
 52     0.967 54040.06185954 17.13 307.997029  -1.439163 15.837
 52     0.442 54040.06186019 16.69 307.996299  -1.435853 15.837
 52     0.566 54040.06186083 15.21 307.995579  -1.432553 15.837
 52     0.654 54040.06186147 14.42 307.994849  -1.429243 15.837
 52     0.696 54040.06186212 14.76 307.994119  -1.425943 15.837
 52     0.591 54040.06186276 15.72 307.993399  -1.422633 15.837
 52     0.770 54040.06186341 15.58 307.992664  -1.419331  4.018
 52     0.243 54040.06186405 16.40 307.991944  -1.416021  4.018
 53     2.189 54075.06185286 14.40 307.995294  -1.443084 18.338
 53     2.180 54075.06185351 13.95 307.994564  -1.439784 18.338
 53     2.224 54075.06185415 13.72 307.993834  -1.436474 18.338
 53     2.265 54075.06185480 13.03 307.993114  -1.433174 18.338
 53     2.285 54075.06185544 12.84 307.992384  -1.429864 18.338
 53     2.306 54075.06185609 13.00 307.991654  -1.426564 18.338
 53     2.308 54075.06185673 13.05 307.990934  -1.423254 18.338
 53     2.342 54075.06185738 12.94 307.990205  -1.419952  3.355
 53     2.435 54075.06185802 13.06 307.989475  -1.416642  3.355
 54     2.441 54110.06179669 12.67 307.993499  -1.444407 24.676
 54     2.543 54110.06179734 12.37 307.992779  -1.441097 24.676
 54     2.269 54110.06179798 13.46 307.992049  -1.437797 24.676
 54     2.320 54110.06179862 14.57 307.991329  -1.434487 24.676
 54     2.252 54110.06179927 14.55 307.990599  -1.431187 24.676
 54     2.263 54110.06179991 15.36 307.989869  -1.427877 24.676
 54     2.271 54110.06180056 16.07 307.989149  -1.424577 24.676
 54     2.464 54110.06180120 16.43 307.988419  -1.421267 24.676
 54     2.638 54110.06180185 17.28 307.987697  -1.417966  6.270
 54     2.732 54110.06180249 17.09 307.986967  -1.414656  6.270
 55     2.146 54145.06179231 15.34 307.994129  -1.443042 23.276
 55     2.065 54145.06179295 16.30 307.993399  -1.439732 23.276
 55     2.065 54145.06179360 15.85 307.992679  -1.436432 23.276
 55     1.806 54145.06179424 17.03 307.991949  -1.433122 23.276
 55     1.295 54145.06179489 18.43 307.991219  -1.429822 23.276
 55     1.235 54145.06179553 18.89 307.990499  -1.426512 23.276
 55    -0.889 54145.06179617 20.84 307.989764  -1.423210  6.954
 55    -0.054 54145.06179682 20.86 307.989044  -1.419900  6.954
 55     0.330 54145.06179746 21.17 307.988314  -1.416600  6.954
 56     3.638 54180.06178238 17.12 307.993584  -1.443239 26.085
 56     3.347 54180.06178303 15.60 307.992854  -1.439939 26.085
 56     3.370 54180.06178367 16.13 307.992124  -1.436629 26.085
 56     3.459 54180.06178432 15.86 307.991404  -1.433329 26.085
 56     3.195 54180.06178496 16.01 307.990674  -1.430019 26.085
 56     3.447 54180.06178561 16.84 307.989950  -1.426717 10.251
 56     3.589 54180.06178625 17.05 307.989220  -1.423407 10.251
 56     3.633 54180.06178690 17.72 307.988500  -1.420107 10.251
 56     3.875 54180.06178754 18.78 307.987770  -1.416797 10.251
 57     2.817 54215.06179952 16.30 307.993678  -1.444787 22.887
 57     2.630 54215.06180017 14.80 307.992958  -1.441487 22.887
 57     2.714 54215.06180081 14.15 307.992228  -1.438177 22.887
 57     2.614 54215.06180146 14.00 307.991498  -1.434877 22.887
 57     2.718 54215.06180210 12.98 307.990778  -1.431567 22.887
 57     2.676 54215.06180274 12.65 307.990044  -1.428268 13.376
 57     2.721 54215.06180339 13.23 307.989324  -1.424958 13.376
 57     2.825 54215.06180403 13.32 307.988594  -1.421658 13.376
 57     2.968 54215.06180468 14.85 307.987864  -1.418348 13.376
 57     3.280 54215.06180532 15.63 307.987144  -1.415048 13.376
 58     3.110 54250.06182766 18.73 307.993446  -1.443491 23.614
 58     3.000 54250.06182830 17.09 307.992716  -1.440181 23.614
 58     2.756 54250.06182895 17.76 307.991986  -1.436881 23.614
 58     1.461 54250.06182959 19.50 307.991266  -1.433571 23.614
 58     0.751 54250.06183024 22.43 307.990533  -1.430270 10.149
 58    -0.455 54250.06183088 24.13 307.989813  -1.426960 10.149
 58     0.248 54250.06183153 24.61 307.989083  -1.423660 10.149
 58     2.563 54250.06183217 25.09 307.988353  -1.420350 10.149
 58     1.477 54250.06183282 25.68 307.987633  -1.417050 10.149
 59     3.701 54285.06183422 19.21 307.995906  -1.445650 25.184
 59     3.476 54285.06183486 17.92 307.995186  -1.442350 25.184
 59     3.172 54285.06183550 16.90 307.994456  -1.439040 25.184
 59     2.976 54285.06183615 17.02 307.993726  -1.435740 25.184
 59     1.464 54285.06183679 18.09 307.993006  -1.432430 25.184
 59     2.194 54285.06183744 17.75 307.992276  -1.429127  6.171
 59     2.818 54285.06183808 18.10 307.991556  -1.425817  6.171
 59     3.232 54285.06183873 19.22 307.990826  -1.422517  6.171
 59     3.580 54285.06183937 19.38 307.990096  -1.419207  6.171
 59     3.742 54285.06184002 19.98 307.989376  -1.415907  6.171
 60     2.601 54320.06183139 14.88 307.996086  -1.444050 18.669
 60     2.452 54320.06183204 14.94 307.995366  -1.440750 18.669
 60     2.095 54320.06183268 16.15 307.994636  -1.437440 18.669
 60     1.950 54320.06183333 16.79 307.993906  -1.434140 18.669
 60     1.988 54320.06183397 17.45 307.993186  -1.430830 18.669
 60     2.012 54320.06183462 17.45 307.992456  -1.427529  6.095
 60     1.578 54320.06183526 19.62 307.991736  -1.424219  6.095
 60     2.000 54320.06183591 19.66 307.991006  -1.420919  6.095
 60     2.100 54320.06183655 20.23 307.990276  -1.417609  6.095
 60     2.272 54320.06183720 20.70 307.989556  -1.414309  6.095
 61     2.936 54355.06179351 19.33 307.995893  -1.445813 24.816
 61     2.644 54355.06179415 17.45 307.995173  -1.442503 24.816
 61     2.311 54355.06179480 17.36 307.994443  -1.439203 24.816
 61     2.090 54355.06179544 18.14 307.993713  -1.435893 24.816
 61     1.189 54355.06179609 18.96 307.992993  -1.432593 24.816
 61     1.555 54355.06179673 19.19 307.992263  -1.429283 24.816
 61     2.169 54355.06179738 19.91 307.991538  -1.425981  5.664
 61     2.345 54355.06179802 21.20 307.990808  -1.422671  5.664
 61     2.776 54355.06179867 21.44 307.990088  -1.419371  5.664
 61     2.876 54355.06179931 21.36 307.989358  -1.416061  5.664
 62     2.181 54390.06177198 14.24 307.995422  -1.443208 19.361
 62     2.123 54390.06177262 15.98 307.994692  -1.439908 19.361
 62     1.977 54390.06177327 15.62 307.993962  -1.436598 19.361
 62     2.034 54390.06177391 16.44 307.993242  -1.433298 19.361
 62     1.723 54390.06177456 18.20 307.992512  -1.429988 19.361
 62     2.054 54390.06177520 16.82 307.991782  -1.426688 19.361
 62     1.938 54390.06177585 18.21 307.991062  -1.423378 19.361
 62     2.211 54390.06177649 19.06 307.990331  -1.420077  4.994
 62     2.328 54390.06177713 19.46 307.989611  -1.416767  4.994
 62     2.415 54390.06177778 18.42 307.988881  -1.413467  4.994
 63     1.781 54425.06174335 26.76 307.995257  -1.445160 22.428
 63     1.357 54425.06174399 22.71 307.994537  -1.441850 22.428
 63     0.869 54425.06174464 15.00 307.993807  -1.438550 22.428
 63     0.035 54425.06174528 17.56 307.993077  -1.435240 22.428
 63    -0.771 54425.06174593 17.07 307.992357  -1.431940 22.428
 63    -0.932 54425.06174657 16.60 307.991627  -1.428630 22.428
 63     0.354 54425.06174722 16.06 307.990907  -1.425330 22.428
 63     0.807 54425.06174786 16.74 307.990177  -1.422020 22.428
 63     1.101 54425.06174851 16.19 307.989449  -1.418718  5.200
 63     1.305 54425.06174915 16.14 307.988719  -1.415408  5.200
 64     2.742 54460.06174763 15.58 307.995915  -1.444673 21.026
 64     2.688 54460.06174828 12.67 307.995185  -1.441373 21.026
 64     2.729 54460.06174892 13.02 307.994455  -1.438063 21.026
 64     2.739 54460.06174956 13.34 307.993735  -1.434763 21.026
 64     2.595 54460.06175021 14.08 307.993005  -1.431453 21.026
 64     2.579 54460.06175085 14.97 307.992275  -1.428153 21.026
 64     2.546 54460.06175150 15.33 307.991555  -1.424843 21.026
 64     2.726 54460.06175214 15.14 307.990820  -1.421542  4.222
 64     2.915 54460.06175279 16.27 307.990100  -1.418232  4.222
 64     3.042 54460.06175343 16.09 307.989370  -1.414932  4.222
 65     2.328 54495.06174907 16.18 307.995801  -1.444123 21.395
 65     2.114 54495.06174971 16.47 307.995071  -1.440823 21.395
 65     2.117 54495.06175036 17.25 307.994341  -1.437513 21.395
 65     2.018 54495.06175100 17.82 307.993621  -1.434213 21.395
 65     2.187 54495.06175165 17.37 307.992891  -1.430903 21.395
 65     1.486 54495.06175229 19.53 307.992163  -1.427602  5.539
 65     2.302 54495.06175294 19.07 307.991433  -1.424292  5.539
 65     2.463 54495.06175358 19.73 307.990713  -1.420992  5.539
 65     2.666 54495.06175422 20.55 307.989983  -1.417682  5.539
 65     2.737 54495.06175487 21.05 307.989263  -1.414382  5.539
 66     2.901 54530.06176054 16.90 307.996791  -1.443685 18.755
 66     2.739 54530.06176118 16.50 307.996071  -1.440385 18.755
 66     2.496 54530.06176183 16.86 307.995341  -1.437075 18.755
 66     2.019 54530.06176247 18.35 307.994611  -1.433775 18.755
 66     2.156 54530.06176311 18.68 307.993891  -1.430465 18.755
 66     2.056 54530.06176376 19.33 307.993158  -1.427165  8.773
 66     2.753 54530.06176440 19.13 307.992438  -1.423855  8.773
 66     2.841 54530.06176505 19.53 307.991708  -1.420555  8.773
 66     3.065 54530.06176569 20.11 307.990978  -1.417245  8.773
 66     3.183 54530.06176634 20.27 307.990258  -1.413945  8.773
 68     3.256 54600.06175683 16.86 307.994149  -1.443209 22.038
 68     3.129 54600.06175747 15.32 307.993429  -1.439909 22.038
 68     3.115 54600.06175812 14.14 307.992699  -1.436599 22.038
 68     3.082 54600.06175876 15.54 307.991969  -1.433299 22.038
 68     3.165 54600.06175940 14.49 307.991249  -1.429989 22.038
 68     3.090 54600.06176005 15.13 307.990517  -1.426687 16.597
 68     3.013 54600.06176069 15.66 307.989797  -1.423377 16.597
 68     3.263 54600.06176134 16.38 307.989067  -1.420077 16.597
 68     3.587 54600.06176198 17.92 307.988337  -1.416767 16.597
 69     3.680 54635.06176839 19.71 307.993588  -1.445605 25.824
 69     3.304 54635.06176904 16.17 307.992868  -1.442305 25.824
 69     2.964 54635.06176968 16.78 307.992138  -1.438995 25.824
 69     2.280 54635.06177033 17.95 307.991408  -1.435695 25.824
 69    -1.012 54635.06177097 21.22 307.990688  -1.432385 25.824
 69    -0.518 54635.06177162 21.48 307.989957  -1.429084 12.350
 69     0.618 54635.06177226 22.86 307.989237  -1.425774 12.350
 69     1.288 54635.06177291 23.29 307.988507  -1.422474 12.350
 69     1.686 54635.06177355 24.39 307.987777  -1.419164 12.350
 69     3.356 54635.06177419 23.86 307.987057  -1.415864 12.350
 70     3.614 54670.06177288 16.76 307.993656  -1.444687 26.780
 70     3.354 54670.06177353 16.93 307.992926  -1.441387 26.780
 70     2.901 54670.06177417 17.48 307.992196  -1.438077 26.780
 70     1.883 54670.06177482 17.86 307.991476  -1.434777 26.780
 70     1.411 54670.06177546 18.78 307.990746  -1.431467 26.780
 70     2.213 54670.06177611 19.47 307.990017  -1.428166  8.551
 70     2.941 54670.06177675 19.68 307.989287  -1.424856  8.551
 70     3.346 54670.06177740 20.08 307.988567  -1.421556  8.551
 70     3.618 54670.06177804 21.31 307.987837  -1.418246  8.551
 70     3.716 54670.06177869 22.08 307.987117  -1.414946  8.551
 71     2.538 54705.06173536 19.66 307.996425  -1.446019 17.060
 71     2.462 54705.06173600 18.34 307.995705  -1.442709 17.060
 71     2.419 54705.06173665 18.33 307.994975  -1.439409 17.060
 71     2.315 54705.06173729 19.18 307.994245  -1.436099 17.060
 71     2.295 54705.06173794 19.65 307.993525  -1.432799 17.060
 71     2.084 54705.06173858 20.76 307.992795  -1.429489 17.060
 71     1.483 54705.06173923 22.44 307.992068  -1.426187  4.761
 71     1.974 54705.06173987 22.05 307.991338  -1.422877  4.761
 71     2.178 54705.06174051 22.26 307.990618  -1.419577  4.761
 71     2.319 54705.06174116 21.88 307.989888  -1.416267  4.761
 72     2.222 54740.06173640 14.36 307.994885  -1.443475 25.698
 72     2.377 54740.06173705 10.55 307.994155  -1.440165 25.698
 72     2.476 54740.06173769 10.09 307.993425  -1.436865 25.698
 72     2.518 54740.06173834  9.91 307.992705  -1.433555 25.698
 72     2.552 54740.06173898 10.08 307.991971  -1.430253  5.367
 72     2.471 54740.06173962 10.05 307.991251  -1.426943  5.367
 72     2.530 54740.06174027 10.18 307.990521  -1.423643  5.367
 72     2.494 54740.06174091 10.81 307.989791  -1.420333  5.367
 72     2.560 54740.06174156 11.01 307.989071  -1.417033  5.367
 72     2.654 54740.06174220 11.57 307.988341  -1.413723  5.367
 73     1.812 54775.06171599 16.43 307.996524  -1.445656 19.962
 73     1.532 54775.06171663 16.15 307.995794  -1.442346 19.962
 73     0.999 54775.06171728 18.34 307.995074  -1.439046 19.962
 73     1.450 54775.06171792 16.29 307.994344  -1.435736 19.962
 73     1.483 54775.06171857 16.01 307.993624  -1.432436 19.962
 73     1.394 54775.06171921 16.97 307.992894  -1.429126 19.962
 73     1.159 54775.06171986 18.03 307.992167  -1.425824  5.285
 73     1.316 54775.06172050 18.49 307.991437  -1.422514  5.285
 73     1.632 54775.06172115 17.99 307.990717  -1.419214  5.285
 73     1.711 54775.06172179 18.62 307.989987  -1.415904  5.285
 74     1.863 54810.06172897 18.93 307.995017  -1.445542 21.238
 74     1.585 54810.06172961 17.87 307.994287  -1.442232 21.238
 74     1.178 54810.06173026 18.93 307.993567  -1.438932 21.238
 74     0.465 54810.06173090 19.49 307.992837  -1.435622 21.238
 74    -0.064 54810.06173155 19.77 307.992107  -1.432322 21.238
 74     0.404 54810.06173219 21.35 307.991387  -1.429012 21.238
 74     0.353 54810.06173284 23.11 307.990652  -1.425713  5.764
 74     1.007 54810.06173348 23.26 307.989932  -1.422403  5.764
 74     1.223 54810.06173413 24.15 307.989202  -1.419103  5.764
 74     1.618 54810.06173477 23.44 307.988472  -1.415793  5.764
 75     3.255 54845.06171566 15.78 307.994803  -1.444392 23.949
 75     3.205 54845.06171630 15.82 307.994073  -1.441092 23.949
 75     3.193 54845.06171695 16.20 307.993343  -1.437782 23.949
 75     3.214 54845.06171759 16.79 307.992623  -1.434482 23.949
 75     3.066 54845.06171823 17.18 307.991893  -1.431172 23.949
 75     3.125 54845.06171888 17.76 307.991165  -1.427870  4.350
 75     3.171 54845.06171952 17.70 307.990435  -1.424560  4.350
 75     3.242 54845.06172017 18.84 307.989715  -1.421260  4.350
 75     3.441 54845.06172081 19.04 307.988985  -1.417950  4.350
 75     3.533 54845.06172146 19.77 307.988255  -1.414650  4.350
 76     2.628 54880.06173281 14.82 307.993408  -1.443594 22.692
 76     2.351 54880.06173346 15.50 307.992678  -1.440284 22.692
 76     2.079 54880.06173410 16.53 307.991948  -1.436984 22.692
 76     0.979 54880.06173475 17.39 307.991228  -1.433674 22.692
 76    -0.206 54880.06173539 18.23 307.990495  -1.430372 12.139
 76     1.573 54880.06173604 18.76 307.989775  -1.427062 12.139
 76    -0.596 54880.06173668 20.84 307.989045  -1.423762 12.139
 76     1.608 54880.06173733 21.38 307.988315  -1.420452 12.139
 76     2.306 54880.06173797 21.63 307.987595  -1.417152 12.139
 77     3.562 54915.06171913 17.25 307.992505  -1.442798 26.084
 77     3.345 54915.06171978 16.52 307.991775  -1.439498 26.084
 77     3.118 54915.06172042 16.60 307.991045  -1.436188 26.084
 77     2.776 54915.06172107 17.52 307.990325  -1.432888 26.084
 77     2.255 54915.06172171 18.06 307.989595  -1.429578 26.084
 77     2.006 54915.06172236 18.59 307.988870  -1.426279 13.568
 77     2.945 54915.06172300 18.86 307.988140  -1.422969 13.568
 77     3.435 54915.06172365 19.66 307.987420  -1.419669 13.568
 77     3.747 54915.06172429 20.62 307.986690  -1.416359 13.568
 79     3.881 54985.06175084 20.53 307.992478  -1.444373 25.572
 79     3.553 54985.06175148 20.20 307.991748  -1.441063 25.572
 79     3.687 54985.06175213 20.23 307.991018  -1.437763 25.572
 79     3.880 54985.06175277 20.43 307.990298  -1.434453 25.572
 79     3.942 54985.06175342 21.18 307.989566  -1.431151 11.420
 79     3.892 54985.06175406 23.44 307.988846  -1.427841 11.420
 79     3.866 54985.06175471 23.25 307.988116  -1.424541 11.420
 79     3.428 54985.06175535 25.79 307.987386  -1.421231 11.420
 79     3.349 54985.06175600 26.99 307.986666  -1.417931 11.420
 79     3.843 54985.06175664 26.83 307.985936  -1.414621 11.420
 80     3.711 55020.06174513 21.76 307.995785  -1.443733 25.417
 80     3.393 55020.06174577 18.56 307.995065  -1.440433 25.417
 80     3.301 55020.06174642 16.77 307.994335  -1.437123 25.417
 80     2.177 55020.06174706 17.88 307.993605  -1.433823 25.417
 80     1.229 55020.06174771 19.07 307.992885  -1.430513 25.417
 80     0.276 55020.06174835 19.73 307.992155  -1.427212 16.461
 80     1.406 55020.06174900 20.19 307.991425  -1.423902 16.461
 80     3.266 55020.06174964 21.05 307.990705  -1.420602 16.461
 80     3.730 55020.06175028 21.15 307.989975  -1.417292 16.461
 80     4.030 55020.06175093 21.33 307.989245  -1.413992 16.461
 81     3.696 55055.06174176 22.89 307.995662  -1.444615 20.803
 81     3.794 55055.06174240 21.48 307.994932  -1.441315 20.803
 81     3.675 55055.06174305 21.29 307.994202  -1.438005 20.803
 81     3.567 55055.06174369 21.96 307.993482  -1.434705 20.803
 81     3.310 55055.06174434 22.37 307.992752  -1.431395 20.803
 81     3.062 55055.06174498 23.33 307.992023  -1.428094 11.801
 81     3.026 55055.06174563 24.38 307.991293  -1.424784 11.801
 81     3.409 55055.06174627 24.80 307.990573  -1.421484 11.801
 81     3.649 55055.06174692 24.57 307.989843  -1.418174 11.801
 81     3.905 55055.06174756 25.02 307.989123  -1.414874 11.801
 82     2.646 55090.06170161 13.90 307.993678  -1.443445 19.511
 82     2.322 55090.06170225 13.50 307.992948  -1.440145 19.511
 82     2.334 55090.06170290 12.74 307.992218  -1.436835 19.511
 82     2.374 55090.06170354 13.04 307.991498  -1.433535 19.511
 82     2.272 55090.06170418 13.66 307.990768  -1.430225 19.511
 82     2.341 55090.06170483 13.51 307.990043  -1.426922 11.213
 82     2.414 55090.06170547 14.20 307.989313  -1.423612 11.213
 82     2.461 55090.06170612 14.33 307.988593  -1.420312 11.213
 82     2.581 55090.06170676 15.87 307.987863  -1.417002 11.213
 83     2.445 55125.06167919 16.76 307.995896  -1.445050 24.872
 83     2.308 55125.06167983 14.09 307.995176  -1.441750 24.872
 83     2.260 55125.06168047 14.55 307.994446  -1.438440 24.872
 83     1.685 55125.06168112 16.75 307.993716  -1.435140 24.872
 83     1.972 55125.06168176 16.56 307.992996  -1.431830 24.872
 83     1.027 55125.06168241 18.20 307.992263  -1.428529  7.214
 83     1.607 55125.06168305 19.50 307.991543  -1.425219  7.214
 83     2.113 55125.06168370 20.37 307.990813  -1.421919  7.214
 83     2.353 55125.06168434 21.31 307.990083  -1.418609  7.214
 83     2.465 55125.06168499 21.20 307.989363  -1.415309  7.214
 84     1.558 55160.06166229 20.80 307.993614  -1.442445 26.002
 84     1.027 55160.06166294 18.98 307.992884  -1.439145 26.002
 84     0.807 55160.06166358 16.17 307.992154  -1.435835 26.002
 84     0.523 55160.06166423 16.40 307.991434  -1.432535 26.002
 84     0.616 55160.06166487 16.85 307.990704  -1.429225 26.002
 84     0.261 55160.06166552 17.83 307.989976  -1.425925  5.566
 84     0.399 55160.06166616 18.88 307.989246  -1.422615  5.566
 84    -1.465 55160.06166681 20.04 307.988526  -1.419315  5.566
 84     1.195 55160.06166745 19.66 307.987796  -1.416005  5.566
 85     1.682 55195.06167018 16.78 307.994379  -1.443234 22.560
 85     1.441 55195.06167082 16.68 307.993649  -1.439924 22.560
 85     1.402 55195.06167147 16.63 307.992919  -1.436624 22.560
 85     1.034 55195.06167211 17.62 307.992199  -1.433314 22.560
 85     0.788 55195.06167276 18.03 307.991464  -1.430014  5.981
 85     1.174 55195.06167340 19.27 307.990744  -1.426704  5.981
 85     1.602 55195.06167405 19.76 307.990014  -1.423404  5.981
 85     1.875 55195.06167469 20.73 307.989284  -1.420094  5.981
 85     1.940 55195.06167534 20.62 307.988564  -1.416794  5.981
 86     3.515 55230.06166476 17.34 307.993720  -1.444243 26.210
 86     3.378 55230.06166541 14.34 307.992990  -1.440943 26.210
 86     3.488 55230.06166605 13.56 307.992260  -1.437633 26.210
 86     3.517 55230.06166670 13.84 307.991540  -1.434333 26.210
 86     3.396 55230.06166734 14.30 307.990810  -1.431023 26.210
 86     3.463 55230.06166799 14.61 307.990084  -1.427720  9.645
 86     3.608 55230.06166863 14.62 307.989354  -1.424410  9.645
 86     3.559 55230.06166928 15.45 307.988634  -1.421110  9.645
 86     3.590 55230.06166992 15.83 307.987904  -1.417800  9.645
 86     3.729 55230.06167057 16.37 307.987174  -1.414500  9.645
 87     2.471 55265.06166452 15.56 307.995540  -1.444336 21.780
 87     7.187 55265.06166517 15.12 307.994820  -1.441036 21.780
 87     2.195 55265.06166581 15.79 307.994090  -1.437726 21.780
 87    -0.257 55265.06166645 17.45 307.993360  -1.434426 21.780
 87    -0.798 55265.06166710 19.19 307.992640  -1.431116 21.780
 87    -2.170 55265.06166774 19.66 307.991909  -1.427816  9.790
 87    -1.156 55265.06166839 20.56 307.991189  -1.424506  9.790
 87    -0.485 55265.06166903 21.29 307.990459  -1.421206  9.790
 87     1.915 55265.06166968 21.16 307.989729  -1.417896  9.790
 87     2.262 55265.06167032 22.79 307.989009  -1.414596  9.790
 88     3.585 55300.06164718 26.14 307.995294  -1.444323 12.572
 88     3.628 55300.06164783 25.75 307.994574  -1.441013 12.572
 88     3.542 55300.06164847 25.27 307.993844  -1.437713 12.572
 88     3.455 55300.06164912 25.17 307.993114  -1.434403 12.572
 88     3.395 55300.06164976 25.53 307.992394  -1.431103 12.572
 88     3.305 55300.06165041 25.42 307.991664  -1.427793 12.572
 88     3.179 55300.06165105 25.87 307.990939  -1.424492  5.585
 88     3.358 55300.06165169 25.76 307.990209  -1.421182  5.585
 88     3.385 55300.06165234 26.01 307.989489  -1.417882  5.585
 88     3.522 55300.06165298 24.88 307.988759  -1.414572  5.585
 89     3.693 55335.06164253 18.71 307.993412  -1.442869 27.793
 89     3.550 55335.06164318 17.48 307.992682  -1.439559 27.793
 89     3.425 55335.06164382 17.96 307.991962  -1.436259 27.793
 89     3.095 55335.06164447 18.95 307.991232  -1.432949 27.793
 89     3.148 55335.06164511 19.49 307.990502  -1.429647 14.113
 89     2.741 55335.06164575 20.91 307.989782  -1.426337 14.113
 89     3.308 55335.06164640 21.76 307.989052  -1.423037 14.113
 89     3.649 55335.06164704 21.22 307.988322  -1.419727 14.113
 89     3.752 55335.06164769 21.72 307.987602  -1.416427 14.113
 90     2.937 55370.06163247 18.09 307.995469  -1.444239 26.116
 90     2.888 55370.06163312 13.62 307.994749  -1.440939 26.116
 90     2.710 55370.06163376 13.35 307.994019  -1.437629 26.116
 90     2.837 55370.06163441 12.41 307.993299  -1.434329 26.116
 90     2.861 55370.06163505 12.45 307.992569  -1.431019 26.116
 90     2.863 55370.06163570 12.36 307.991839  -1.427717 15.864
 90     2.919 55370.06163634 12.94 307.991109  -1.424407 15.864
 90     2.919 55370.06163698 13.83 307.990389  -1.421107 15.864
 90     3.157 55370.06163763 14.86 307.989659  -1.417797 15.864
 90     3.345 55370.06163827 15.90 307.988939  -1.414497 15.864
 91     3.311 55405.06165008 20.05 307.996022  -1.445027 22.766
 91     3.139 55405.06165073 15.85 307.995302  -1.441727 22.766
 91     2.980 55405.06165137 16.00 307.994572  -1.438417 22.766
 91     3.115 55405.06165201 16.07 307.993842  -1.435117 22.766
 91     3.030 55405.06165266 16.51 307.993122  -1.431807 22.766
 91     2.895 55405.06165330 17.34 307.992389  -1.428507  8.854
 91     2.982 55405.06165395 17.66 307.991669  -1.425197  8.854
 91     3.182 55405.06165459 17.58 307.990939  -1.421897  8.854
 91     3.373 55405.06165524 19.01 307.990209  -1.418587  8.854
 91     3.587 55405.06165588 18.92 307.989489  -1.415287  8.854
 92     2.477 55440.06165125 14.66 307.995836  -1.444667 26.731
 92     2.541 55440.06165190 12.77 307.995106  -1.441367 26.731
 92     2.510 55440.06165254 13.08 307.994376  -1.438057 26.731
 92     2.320 55440.06165319 14.30 307.993656  -1.434757 26.731
 92     2.366 55440.06165383 14.52 307.992926  -1.431447 26.731
 92     2.383 55440.06165448 14.55 307.992198  -1.428145  8.338
 92     2.365 55440.06165512 15.76 307.991468  -1.424835  8.338
 92     2.536 55440.06165576 15.20 307.990748  -1.421535  8.338
 92     2.705 55440.06165641 15.79 307.990018  -1.418225  8.338
 92     2.880 55440.06165705 16.20 307.989288  -1.414925  8.338
 93     1.921 55475.06159568 27.48 307.996082  -1.445992 26.850
 93     1.504 55475.06159632 22.75 307.995362  -1.442682 26.850
 93     1.026 55475.06159696 19.66 307.994632  -1.439382 26.850
 93     0.684 55475.06159761 17.35 307.993902  -1.436072 26.850
 93    -0.080 55475.06159825 17.25 307.993182  -1.432772 26.850
 93     1.263 55475.06159890 13.40 307.992452  -1.429462 26.850
 93     1.414 55475.06159954 13.00 307.991727  -1.426159  7.188
 93     1.398 55475.06160019 13.47 307.990997  -1.422849  7.188
 93     1.618 55475.06160083 13.00 307.990277  -1.419549  7.188
 93     1.724 55475.06160148 13.09 307.989547  -1.416239  7.188
