#    0.000   0.000   0.000 ;Mean Elev.(m), Avg Gradient(m/km), RMS Gradient(m/km) - SRTM1     
#    0.000   0.000   0.000 ;Mean Elev.(m), Avg Gradient(m/km), RMS Gradient(m/km) - ASTER GDEM
#    1.445  -0.520   5.772 ;Mean Elev.(m), Avg Gradient(m/km), RMS Gradient(m/km) - GMTED2010 
  8 308.070335  -1.575754     3.599     3.641  6 52498.56032629 19.693
 10 308.070513  -1.575817     2.200     2.258  6 52568.56034099 18.506
 11 308.064991  -1.579453     2.414     2.428  6 52603.56033321 18.324
 12 308.065214  -1.580003     1.799     1.840  6 52638.56030937 19.920
 13 308.067541  -1.577889     3.122     3.085  6 52673.56030755 18.473
 14 308.068079  -1.576919     2.827     2.868  6 52708.56031764 17.184
 15 308.061446  -1.582545     3.291     3.263  5 52743.56034874 20.145
 17 308.064398  -1.580243     2.795     2.764  6 52813.56036795 18.959
 18 308.067422  -1.578265     2.808     2.737  6 52848.56042098 26.451
 19 308.064341  -1.580908     3.235     3.217  5 52883.56045748 19.999
 20 308.069471  -1.577699     1.999     2.004  6 52918.56041342 18.472
 21 308.073825  -1.574821     2.275     2.252  7 52953.56037547 26.902
 22 308.079232  -1.569739     2.330     2.330  4 52988.56038323 18.884
 23 308.075639  -1.572969     2.061     2.051  6 53023.56037095 16.165
 24 308.077075  -1.573242     3.702     3.704  6 53058.56036648 22.151
 25 308.059800  -1.583371     2.731     2.729  5 53093.56040650 18.334
 26 308.073468  -1.575108     3.499     3.594  7 53128.56037557 23.790
 28 308.068961  -1.577049     2.472     2.473  6 53198.56044348 17.143
 29 308.077844  -1.571994     3.008     2.990  6 53233.56041487 18.933
 30 308.067471  -1.579283     2.952     2.903  6 53268.56038413 19.560
 31 308.058642  -1.584042     1.778     1.812  4 53303.56044408 19.073
 32 308.067345  -1.578990     2.178     2.206  6 53338.56041223 18.752
 33 308.071324  -1.575783     1.885     1.924  6 53373.56034461 18.830
 34 308.071416  -1.574944     2.719     2.481  6 53408.56038478 16.100
 35 308.068907  -1.576882     3.592     3.505  6 53443.56036935 23.949
 36 308.061711  -1.580817     3.167     3.103  5 53478.56044545 17.786
 37 308.067808  -1.578700     3.461     3.447  6 53513.56045404 22.614
 38 308.062086  -1.582744     3.271     3.243  5 53548.56047369 22.017
 39 308.068996  -1.578680     2.489     2.467  6 53583.56043849 21.921
 40 308.064998  -1.580400     2.557     2.579  6 53618.56039495 18.082
 41 308.067590  -1.578619     1.781     1.763  6 53653.56041732 20.995
 42 308.064358  -1.580394    -3.284    -3.297  6 53688.56041643 19.291
 43 308.071681  -1.574986     2.586     2.581  6 53723.56034000 19.533
 44 308.076536  -1.573653     2.207     2.118  7 53758.56027799 26.851
 45 308.072729  -1.575860     3.672     3.666  6 53793.56029989 49.751
 46 308.073038  -1.574468     3.824     3.787  6 53828.56027080 21.421
 47 308.064728  -1.580062     3.807     3.808  6 53863.56035483 52.186
 48 308.068674  -1.576888     4.059     4.066  6 53898.56037778 39.621
 49 308.056964  -1.584431     2.989     2.951  4 53933.56042536 17.419
 50 308.062127  -1.580536     2.541     2.578  5 53968.56039677 15.528
 51 308.071438  -1.575588     2.649     2.628  6 54003.56036535 17.998
 52 308.071888  -1.574783     1.196     1.176  6 54038.56040048 20.059
 53 308.069489  -1.577950     1.881     1.888  6 54073.56039563 20.125
 54 308.067454  -1.578060     2.859     2.854  6 54108.56034232 18.365
 55 308.068113  -1.577549     2.150     2.152  6 54143.56033188 17.538
 56 308.067350  -1.578961     3.566     3.638  6 54178.56032660 20.686
 58 308.067943  -1.577161     3.294     3.257  6 54248.56036716 21.165
 59 308.068913  -1.578669     3.441     3.459  6 54283.56037640 29.061
 60 308.070200  -1.577242     2.753     2.755  6 54318.56037370 22.475
 61 308.069628  -1.576821     2.548     2.562  6 54353.56033787 18.764
 62 308.069231  -1.578767     2.554     2.552  6 54388.56031418 18.615
 63 308.068222  -1.578387     1.177     1.192  6 54423.56028838 20.554
 64 308.069543  -1.577024     2.400     2.402  6 54458.56028853 17.725
 65 308.069344  -1.578411     3.016     2.950  6 54493.56029227 22.370
 66 308.070728  -1.576575     2.834     2.779  6 54528.56030114 24.950
 67 308.068138  -1.579184     4.003     4.018  6 54563.56029931 23.205
 68 308.068583  -1.577075     3.285     3.240  6 54598.56029661 24.244
 69 308.067020  -1.578068     3.702     3.703  6 54633.56031014 44.970
 70 308.067204  -1.578076     3.703     3.757  6 54668.56031495 24.283
 71 308.070557  -1.575747     2.376     2.419  6 54703.56027921 17.339
 72 308.068873  -1.576627     2.347     2.351  6 54738.56027680 16.388
 73 308.070090  -1.575920     2.420     2.394  6 54773.56026094 17.066
 74 308.067840  -1.577416     1.448     1.431  6 54808.56027015 17.393
 75 308.068418  -1.579404     3.034     3.040  6 54843.56025900 22.471
 76 308.066884  -1.578066     2.909     2.898  6 54878.56027376 18.704
 77 308.066390  -1.579748     3.492     3.440  6 54913.56026324 21.663
 78 308.066384  -1.580160     4.217     4.206  6 54948.56026557 23.861
 79 308.066336  -1.579498     4.028     4.036  5 54983.56029123 45.913
 80 308.069110  -1.577610     3.663     3.588  5 55018.56028820 21.291
 81 308.069700  -1.577964     3.625     3.567  6 55053.56028362 23.733
 82 308.068059  -1.577169     2.357     2.344  6 55088.56024553 16.710
 83 308.069478  -1.577954     2.429     2.434  6 55123.56022073 20.966
 84 308.067530  -1.577802     1.953     1.956  6 55158.56020649 16.663
 85 308.067968  -1.578217     1.679     1.674  5 55193.56021037 17.426
 86 308.067584  -1.577192     3.468     3.500  6 55228.56020857 19.609
 87 308.068959  -1.578613     2.560     2.558  6 55263.56020583 20.851
 88 308.069491  -1.576323     3.448     3.440  6 55298.56019088 48.779
 89 308.067044  -1.578821     3.832     3.776  6 55333.56018409 31.056
 90 308.069293  -1.576994     2.923     2.946  6 55368.56017546 24.909
 91 308.069317  -1.576770     3.149     3.158  6 55403.56019096 19.905
 92 308.070092  -1.577871     3.032     2.994  6 55438.56019335 22.671
 93 308.069446  -1.577555     1.034     0.971  6 55473.56014137 19.770
