#    0.000   0.000   0.000 ;Mean Elev.(m), Avg Gradient(m/km), RMS Gradient(m/km) - SRTM1     
#    0.000   0.000   0.000 ;Mean Elev.(m), Avg Gradient(m/km), RMS Gradient(m/km) - ASTER GDEM
#    3.072  -0.731   6.684 ;Mean Elev.(m), Avg Gradient(m/km), RMS Gradient(m/km) - GMTED2010 
  7    13.615 52458.07553153 35.33 303.226745  -2.635003 12.304
  7    13.508 52458.07553217 33.28 303.226025  -2.631703 12.304
  7    13.269 52458.07553282 31.84 303.225295  -2.628393 12.304
  7    12.919 52458.07553346 27.85 303.224565  -2.625093 12.304
  7    12.349 52458.07553410 25.59 303.223835  -2.621783 12.304
  7    11.757 52458.07553475 24.27 303.223115  -2.618483 12.304
  7    10.807 52458.07553539 23.20 303.222385  -2.615173 12.304
  7    10.980 52458.07553604 23.48 303.221655  -2.611873 12.304
  7    12.407 52458.07553668 21.91 303.220925  -2.608563 12.304
  7    13.137 52458.07553733 20.83 303.220205  -2.605263 12.304
  7    13.223 52458.07553797 20.79 303.219475  -2.601953 12.304
  7    13.344 52458.07553862 21.01 303.218745  -2.598653 12.304
  7    13.375 52458.07553926 23.35 303.218025  -2.595343 12.304
  7    13.255 52458.07553991 25.67 303.217295  -2.592043 12.304
  7    13.478 52458.07554055 25.53 303.216565  -2.588733 12.304
  7    13.610 52458.07554120 32.40 303.215835  -2.585433 12.304
  8    12.661 52493.07550871 31.84 303.233973  -2.634270 10.110
  8    12.537 52493.07550936 29.77 303.233243  -2.630970 10.110
  8    12.228 52493.07551000 28.54 303.232523  -2.627660 10.110
  8    11.903 52493.07551065 24.81 303.231793  -2.624360 10.110
  8    11.252 52493.07551129 24.06 303.231063  -2.621050 10.110
  8    10.390 52493.07551193 23.28 303.230333  -2.617750 10.110
  8     9.356 52493.07551258 23.16 303.229613  -2.614440 10.110
  8    10.460 52493.07551322 21.53 303.228883  -2.611140 10.110
  8    12.055 52493.07551387 20.83 303.228153  -2.607830 10.110
  8    12.478 52493.07551451 20.63 303.227430  -2.604524 33.986
  8    12.701 52493.07551516 19.68 303.226700  -2.601224 33.986
  8    12.723 52493.07551580 20.31 303.225970  -2.597924 33.986
  8    12.766 52493.07551645 20.99 303.225250  -2.594614 33.986
  8    12.734 52493.07551709 21.72 303.224520  -2.591314 33.986
  8    12.906 52493.07551774 28.05 303.223790  -2.588004 33.986
  8    12.993 52493.07551838 40.93 303.223060  -2.584704 33.986
 10    12.313 52563.07552901 16.70 303.230782  -2.635771  8.802
 10    13.094 52563.07552965 13.88 303.230062  -2.632471  8.802
 10    10.326 52563.07553030 13.91 303.229332  -2.629161  8.802
 10     9.334 52563.07553094 14.35 303.228602  -2.625861  8.802
 10     8.194 52563.07553159 15.28 303.227872  -2.622551  8.802
 10     7.692 52563.07553223 16.13 303.227152  -2.619251  8.802
 10     7.465 52563.07553288 16.91 303.226422  -2.615941  8.802
 10     7.336 52563.07553352 17.01 303.225692  -2.612641  8.802
 10     7.417 52563.07553416 17.37 303.224962  -2.609331  8.802
 10     7.275 52563.07553481 17.95 303.224242  -2.606031  8.802
 10     7.045 52563.07553545 18.41 303.223512  -2.602721  8.802
 10     7.330 52563.07553610 18.55 303.222784  -2.599425 23.917
 10     7.663 52563.07553674 19.20 303.222054  -2.596115 23.917
 10     7.923 52563.07553739 21.13 303.221324  -2.592815 23.917
 10     9.462 52563.07553803 20.52 303.220604  -2.589505 23.917
 10     9.970 52563.07553868 22.62 303.219874  -2.586205 23.917
 12     9.213 52633.07549604 21.70 303.225620  -2.634893  9.255
 12     9.357 52633.07549669 21.52 303.224890  -2.631593  9.255
 12     9.152 52633.07549733 16.20 303.224160  -2.628283  9.255
 12     8.438 52633.07549798 15.90 303.223440  -2.624983  9.255
 12     8.297 52633.07549862 14.14 303.222710  -2.621673  9.255
 12     8.212 52633.07549926 14.38 303.221980  -2.618373  9.255
 12     8.288 52633.07549991 14.11 303.221250  -2.615063  9.255
 12     8.233 52633.07550055 14.38 303.220530  -2.611763  9.255
 12     8.324 52633.07550120 14.38 303.219800  -2.608453  9.255
 12     8.205 52633.07550184 16.31 303.219071  -2.605149 14.301
 12     8.299 52633.07550249 15.71 303.218341  -2.601849 14.301
 12     8.277 52633.07550313 16.40 303.217621  -2.598549 14.301
 12     8.294 52633.07550378 17.02 303.216891  -2.595239 14.301
 12     8.459 52633.07550442 18.60 303.216161  -2.591939 14.301
 12     8.574 52633.07550507 18.86 303.215431  -2.588629 14.301
 12    10.144 52633.07550571 20.96 303.214711  -2.585329 14.301
 13     9.317 52668.07551286 33.54 303.224205  -2.632865 16.574
 13     9.038 52668.07551350 26.53 303.223475  -2.629555 16.574
 13     8.548 52668.07551415 22.29 303.222745  -2.626255 16.574
 13     8.118 52668.07551479 21.52 303.222025  -2.622945 16.574
 13     7.593 52668.07551544 19.02 303.221295  -2.619645 16.574
 13     8.031 52668.07551608 18.09 303.220565  -2.616335 16.574
 13     8.962 52668.07551673 16.44 303.219835  -2.613035 16.574
 13     9.039 52668.07551737 16.32 303.219115  -2.609725 16.574
 13     9.112 52668.07551802 16.07 303.218385  -2.606425 16.574
 13     9.119 52668.07551866 15.87 303.217655  -2.603125 16.574
 13     9.031 52668.07551931 17.66 303.216930  -2.599819 19.437
 13     9.134 52668.07551995 16.92 303.216200  -2.596509 19.437
 13     9.087 52668.07552059 17.42 303.215470  -2.593209 19.437
 13     9.457 52668.07552124 18.04 303.214750  -2.589899 19.437
 13    10.015 52668.07552188 21.79 303.214020  -2.586599 19.437
 13    10.162 52668.07552253 25.19 303.213290  -2.583289 19.437
 14    11.060 52703.07548961 18.50 303.232542  -2.633755  7.078
 14    10.439 52703.07549025 18.56 303.231812  -2.630455  7.078
 14    10.245 52703.07549090 17.42 303.231082  -2.627145  7.078
 14     9.901 52703.07549154 18.26 303.230362  -2.623845  7.078
 14    10.177 52703.07549219 16.99 303.229632  -2.620535  7.078
 14     9.918 52703.07549283 17.33 303.228902  -2.617235  7.078
 14    10.053 52703.07549348 16.22 303.228172  -2.613925  7.078
 14    10.018 52703.07549412 16.21 303.227452  -2.610625  7.078
 14    10.065 52703.07549477 15.74 303.226722  -2.607315  7.078
 14    10.107 52703.07549541 14.77 303.225992  -2.604015  7.078
 14    10.090 52703.07549606 15.01 303.225262  -2.600705  7.078
 14    10.101 52703.07549670 16.47 303.224542  -2.597405  7.078
 14     9.938 52703.07549734 17.83 303.223812  -2.594095  7.078
 14    10.145 52703.07549799 19.78 303.223083  -2.590789 33.788
 14    10.372 52703.07549863 24.35 303.222353  -2.587489 33.788
 14    10.602 52703.07549928 34.84 303.221633  -2.584189 33.788
 16    12.717 52773.07548848 31.02 303.229678  -2.633940 15.500
 16    12.432 52773.07548912 30.20 303.228958  -2.630630 15.500
 16    12.141 52773.07548977 29.54 303.228228  -2.627330 15.500
 16    11.693 52773.07549041 28.53 303.227498  -2.624020 15.500
 16    11.030 52773.07549106 25.88 303.226778  -2.620720 15.500
 16    10.344 52773.07549170 22.08 303.226048  -2.617410 15.500
 16     9.303 52773.07549235 21.86 303.225318  -2.614110 15.500
 16     8.316 52773.07549299 20.24 303.224598  -2.610800 15.500
 16     7.964 52773.07549364 19.16 303.223868  -2.607500 15.500
 16    10.744 52773.07549428 18.85 303.223138  -2.604190 15.500
 16    12.024 52773.07549493 18.05 303.222408  -2.600890 15.500
 16    12.420 52773.07549557 17.30 303.221688  -2.597580 15.500
 16    12.401 52773.07549622 18.44 303.220958  -2.594280 15.500
 16    12.536 52773.07549686 20.38 303.220238  -2.590970 15.500
 16    12.663 52773.07549750 25.82 303.219510  -2.587674 38.718
 16    13.013 52773.07549815 35.75 303.218780  -2.584364 38.718
 17    13.249 52808.07555225 33.66 303.224044  -2.634283 22.554
 17    13.128 52808.07555290 33.15 303.223314  -2.630973 22.554
 17    12.860 52808.07555354 27.29 303.222594  -2.627673 22.554
 17    12.507 52808.07555419 23.62 303.221864  -2.624363 22.554
 17    11.902 52808.07555483 21.20 303.221134  -2.621063 22.554
 17    11.311 52808.07555548 20.01 303.220404  -2.617753 22.554
 17    10.121 52808.07555612 19.62 303.219684  -2.614453 22.554
 17    12.201 52808.07555677 18.36 303.218954  -2.611153 22.554
 17    11.910 52808.07555741 17.78 303.218224  -2.607838 26.629
 17    12.571 52808.07555805 17.57 303.217494  -2.604538 26.629
 17    12.679 52808.07555870 16.49 303.216774  -2.601238 26.629
 17    12.719 52808.07555934 16.91 303.216044  -2.597928 26.629
 17    12.714 52808.07555999 17.04 303.215314  -2.594628 26.629
 17    12.706 52808.07556063 19.23 303.214584  -2.591318 26.629
 17    13.081 52808.07556128 22.38 303.213864  -2.588018 26.629
 17    13.304 52808.07556192 29.72 303.213134  -2.584708 26.629
 18    12.689 52843.07561048 30.11 303.225854  -2.632046 23.599
 18    12.467 52843.07561112 27.48 303.225124  -2.628736 23.599
 18    12.182 52843.07561177 25.01 303.224404  -2.625436 23.599
 18    11.731 52843.07561241 24.13 303.223674  -2.622126 23.599
 18    11.199 52843.07561306 22.79 303.222944  -2.618826 23.599
 18    11.931 52843.07561370 22.25 303.222214  -2.615516 23.599
 18    12.112 52843.07561435 21.61 303.221494  -2.612216 23.599
 18    12.311 52843.07561499 20.59 303.220764  -2.608916 23.599
 18    12.407 52843.07561564 19.92 303.220034  -2.605601 27.081
 18    12.629 52843.07561628 19.12 303.219304  -2.602301 27.081
 18    12.653 52843.07561693 19.24 303.218584  -2.599001 27.081
 18    12.702 52843.07561757 18.84 303.217854  -2.595691 27.081
 18    12.631 52843.07561822 19.79 303.217124  -2.592391 27.081
 18    12.551 52843.07561886 24.52 303.216394  -2.589081 27.081
 18    12.897 52843.07561951 31.75 303.215674  -2.585781 27.081
 18    13.021 52843.07562015 41.64 303.214944  -2.582471 27.081
 19    11.742 52878.07564850 30.18 303.224501  -2.633166 17.404
 19    11.510 52878.07564914 23.24 303.223771  -2.629856 17.404
 19    11.332 52878.07564978 23.03 303.223051  -2.626556 17.404
 19    10.691 52878.07565043 20.37 303.222321  -2.623246 17.404
 19    10.089 52878.07565107 20.24 303.221591  -2.619946 17.404
 19     9.269 52878.07565172 17.90 303.220871  -2.616636 17.404
 19     8.285 52878.07565236 18.41 303.220141  -2.613336 17.404
 19     7.990 52878.07565301 16.65 303.219411  -2.610026 17.404
 19    10.002 52878.07565365 16.48 303.218684  -2.606731 26.057
 19    10.711 52878.07565430 16.04 303.217954  -2.603421 26.057
 19    10.775 52878.07565494 15.99 303.217224  -2.600121 26.057
 19    11.192 52878.07565559 15.54 303.216504  -2.596811 26.057
 19    11.260 52878.07565623 15.19 303.215774  -2.593511 26.057
 19    11.454 52878.07565688 16.72 303.215044  -2.590201 26.057
 19    11.742 52878.07565752 23.09 303.214324  -2.586901 26.057
 19    11.975 52878.07565817 32.87 303.213594  -2.583591 26.057
 20     9.552 52913.07560590 33.24 303.233050  -2.635785  7.098
 20     9.413 52913.07560654 31.90 303.232320  -2.632485  7.098
 20     9.173 52913.07560719 30.49 303.231600  -2.629175  7.098
 20     9.065 52913.07560783 29.21 303.230870  -2.625875  7.098
 20     8.992 52913.07560848 28.86 303.230140  -2.622565  7.098
 20     8.767 52913.07560912 28.24 303.229420  -2.619265  7.098
 20     8.678 52913.07560977 27.18 303.228690  -2.615955  7.098
 20     7.931 52913.07561041 27.43 303.227960  -2.612655  7.098
 20     8.169 52913.07561106 25.95 303.227240  -2.609345  7.098
 20     8.019 52913.07561170 25.38 303.226510  -2.606045  7.098
 20     8.787 52913.07561235 23.48 303.225780  -2.602735  7.098
 20     8.855 52913.07561299 23.68 303.225050  -2.599435  7.098
 20     8.896 52913.07561364 24.21 303.224330  -2.596125  7.098
 20     9.096 52913.07561428 23.70 303.223600  -2.592825  7.098
 20     9.612 52913.07561492 22.89 303.222870  -2.589515  7.098
 20    10.270 52913.07561557 24.88 303.222151  -2.586218 30.727
 21    11.005 52948.07556399 15.30 303.231692  -2.633844 12.155
 21    10.591 52948.07556463 15.57 303.230962  -2.630544 12.155
 21     6.668 52948.07556528 16.95 303.230232  -2.627234 12.155
 21     6.681 52948.07556592 17.17 303.229512  -2.623934 12.155
 21     6.700 52948.07556657 18.28 303.228782  -2.620634 12.155
 21     6.518 52948.07556721 17.71 303.228049  -2.617320 17.840
 21     6.345 52948.07556786 19.17 303.227329  -2.614020 17.840
 21     6.212 52948.07556850 19.45 303.226599  -2.610720 17.840
 21     6.197 52948.07556915 19.14 303.225869  -2.607410 17.840
 21     6.266 52948.07556979 20.43 303.225139  -2.604110 17.840
 21     6.520 52948.07557044 21.04 303.224409  -2.600800 17.840
 21     6.676 52948.07557108 22.09 303.223689  -2.597500 17.840
 21     7.096 52948.07557173 21.84 303.222959  -2.594190 17.840
 21     6.981 52948.07557237 24.06 303.222229  -2.590890 17.840
 21     7.954 52948.07557302 25.83 303.221499  -2.587580 17.840
 21     8.592 52948.07557366 31.40 303.220779  -2.584280 17.840
 23     7.266 53018.07559126 30.29 303.226124  -2.632850  8.490
 23     7.454 53018.07559190 25.10 303.225394  -2.629540  8.490
 23     7.405 53018.07559255 21.12 303.224674  -2.626240  8.490
 23     7.790 53018.07559319 19.63 303.223944  -2.622930  8.490
 23     7.543 53018.07559384 18.58 303.223214  -2.619630  8.490
 23     7.777 53018.07559448 17.20 303.222494  -2.616320  8.490
 23     7.913 53018.07559513 16.39 303.221764  -2.613020  8.490
 23     8.006 53018.07559577 15.10 303.221034  -2.609710  8.490
 23     8.031 53018.07559642 14.06 303.220304  -2.606410  8.490
 23     8.065 53018.07559706 14.76 303.219584  -2.603100  8.490
 23     8.079 53018.07559770 15.17 303.218854  -2.599800  8.490
 23     8.042 53018.07559835 15.75 303.218124  -2.596490  8.490
 23     8.283 53018.07559899 17.75 303.217403  -2.593194 15.193
 23     9.175 53018.07559964 17.59 303.216673  -2.589884 15.193
 23     9.776 53018.07560028 17.82 303.215943  -2.586584 15.193
 23    10.237 53018.07560093 25.18 303.215223  -2.583274 15.193
 24     9.995 53053.07557281 22.85 303.230159  -2.634147  7.875
 24     9.821 53053.07557345 20.82 303.229439  -2.630847  7.875
 24     9.613 53053.07557410 20.51 303.228709  -2.627537  7.875
 24     8.872 53053.07557474 20.93 303.227979  -2.624237  7.875
 24     8.982 53053.07557539 19.69 303.227249  -2.620927  7.875
 24     9.576 53053.07557603 18.34 303.226529  -2.617627  7.875
 24     9.483 53053.07557668 18.09 303.225799  -2.614317  7.875
 24     9.532 53053.07557732 17.37 303.225069  -2.611017  7.875
 24     9.653 53053.07557797 16.58 303.224339  -2.607707  7.875
 24     9.700 53053.07557861 16.22 303.223619  -2.604407  7.875
 24     9.706 53053.07557926 16.74 303.222889  -2.601097  7.875
 24     9.716 53053.07557990 18.05 303.222159  -2.597800 24.346
 24     9.628 53053.07558055 18.59 303.221429  -2.594490 24.346
 24     9.672 53053.07558119 22.39 303.220709  -2.591190 24.346
 24     9.957 53053.07558183 24.98 303.219979  -2.587880 24.346
 24    10.353 53053.07558248 28.72 303.219249  -2.584580 24.346
 25    11.016 53088.07561073 28.08 303.217016  -2.629257 21.992
 25    10.611 53088.07561137 28.07 303.216286  -2.625957 21.992
 25    10.222 53088.07561202 23.80 303.215566  -2.622647 21.992
 25     9.773 53088.07561266 20.26 303.214836  -2.619347 21.992
 25    10.451 53088.07561331 18.21 303.214106  -2.616037 21.992
 25    10.326 53088.07561395 17.10 303.213376  -2.612737 21.992
 25    10.578 53088.07561460 15.65 303.212656  -2.609427 21.992
 25     9.770 53088.07561524 16.84 303.211926  -2.606127 21.992
 25     9.780 53088.07561589 17.50 303.211196  -2.602817 21.992
 25    10.505 53088.07561653 17.22 303.210476  -2.599520 28.618
 25    10.944 53088.07561718 16.57 303.209746  -2.596210 28.618
 25    10.759 53088.07561782 17.32 303.209016  -2.592910 28.618
 25    11.910 53088.07561846 17.65 303.208296  -2.589600 28.618
 25    12.174 53088.07561911 20.20 303.207566  -2.586300 28.618
 25    13.151 53088.07561975 21.04 303.206836  -2.582990 28.618
 26    12.156 53123.07557964 31.58 303.226522  -2.635108 22.245
 26    12.150 53123.07558028 27.80 303.225802  -2.631808 22.245
 26    12.045 53123.07558093 31.12 303.225072  -2.628498 22.245
 26    11.676 53123.07558157 27.39 303.224342  -2.625198 22.245
 26    11.191 53123.07558222 26.01 303.223612  -2.621888 22.245
 26    10.411 53123.07558286 22.67 303.222892  -2.618588 22.245
 26     9.293 53123.07558351 21.88 303.222162  -2.615278 22.245
 26     8.246 53123.07558415 21.76 303.221432  -2.611978 22.245
 26     7.157 53123.07558480 21.53 303.220712  -2.608668 22.245
 26     7.952 53123.07558544 19.87 303.219982  -2.605368 22.245
 26    11.792 53123.07558609 17.91 303.219252  -2.602058 22.245
 26    11.741 53123.07558673 17.17 303.218524  -2.598754 32.552
 26    11.917 53123.07558738 16.70 303.217794  -2.595454 32.552
 26    11.807 53123.07558802 18.52 303.217064  -2.592154 32.552
 26    11.964 53123.07558867 21.50 303.216344  -2.588844 32.552
 26    12.440 53123.07558931 30.23 303.215614  -2.585544 32.552
 26    12.700 53123.07558995 38.24 303.214884  -2.582234 32.552
 27    12.645 53158.07563817 33.01 303.219250  -2.631955 15.378
 27    12.142 53158.07563882 31.92 303.218520  -2.628655 15.378
 27    11.693 53158.07563946 31.33 303.217790  -2.625345 15.378
 27    11.390 53158.07564011 27.81 303.217070  -2.622045 15.378
 27    10.466 53158.07564075 28.01 303.216340  -2.618735 15.378
 27     9.923 53158.07564140 24.87 303.215610  -2.615435 15.378
 27     9.112 53158.07564204 24.11 303.214880  -2.612125 15.378
 27     8.086 53158.07564268 22.51 303.214160  -2.608825 15.378
 27    10.876 53158.07564333 20.40 303.213430  -2.605515 15.378
 27    12.117 53158.07564397 19.40 303.212700  -2.602215 15.378
 27    12.182 53158.07564462 19.98 303.211980  -2.598905 15.378
 27    12.417 53158.07564526 19.26 303.211250  -2.595605 15.378
 27    12.405 53158.07564591 19.06 303.210520  -2.592295 15.378
 27    12.357 53158.07564655 21.11 303.209790  -2.588995 15.378
 27    12.564 53158.07564720 24.51 303.209070  -2.585685 15.378
 27    12.764 53158.07564784 30.70 303.208340  -2.582385 15.378
 28    12.328 53193.07563094 33.29 303.230700  -2.635307 19.073
 28    11.991 53193.07563158 24.45 303.229970  -2.631997 19.073
 28    11.827 53193.07563223 23.43 303.229240  -2.628697 19.073
 28    11.381 53193.07563287 22.41 303.228510  -2.625387 19.073
 28    10.969 53193.07563352 20.80 303.227790  -2.622087 19.073
 28    10.383 53193.07563416 19.97 303.227060  -2.618777 19.073
 28    10.109 53193.07563481 19.57 303.226330  -2.615477 19.073
 28    11.703 53193.07563545 19.22 303.225610  -2.612167 19.073
 28    11.852 53193.07563609 18.66 303.224880  -2.608867 19.073
 28    11.976 53193.07563674 17.61 303.224150  -2.605557 19.073
 28    11.917 53193.07563738 18.34 303.223426  -2.602260 25.813
 28    12.064 53193.07563803 17.95 303.222696  -2.598950 25.813
 28    12.072 53193.07563867 18.54 303.221966  -2.595650 25.813
 28    12.045 53193.07563932 18.93 303.221246  -2.592340 25.813
 28    12.012 53193.07563996 23.43 303.220516  -2.589040 25.813
 28    12.258 53193.07564061 27.03 303.219786  -2.585730 25.813
 30     9.965 53263.07560085 39.32 303.223386  -2.634214 15.602
 30     9.594 53263.07560149 28.73 303.222656  -2.630904 15.602
 30     8.891 53263.07560214 24.64 303.221936  -2.627604 15.602
 30     8.890 53263.07560278 20.72 303.221206  -2.624294 15.602
 30     8.072 53263.07560342 21.27 303.220476  -2.620994 15.602
 30     7.866 53263.07560407 20.04 303.219756  -2.617684 15.602
 30     9.151 53263.07560471 17.71 303.219026  -2.614384 15.602
 30     9.046 53263.07560536 17.94 303.218296  -2.611074 15.602
 30     9.064 53263.07560600 17.58 303.217566  -2.607774 15.602
 30     9.305 53263.07560665 16.59 303.216846  -2.604464 15.602
 30     9.286 53263.07560729 16.52 303.216116  -2.601164 15.602
 30     9.429 53263.07560794 16.49 303.215396  -2.597854 15.602
 30     9.436 53263.07560858 16.60 303.214668  -2.594557 25.691
 30     9.883 53263.07560923 17.03 303.213938  -2.591247 25.691
 30    10.828 53263.07560987 17.41 303.213208  -2.587947 25.691
 30    11.312 53263.07561052 20.94 303.212478  -2.584637 25.691
 31     8.812 53298.07564136 28.81 303.216296  -2.630405 17.684
 31     7.370 53298.07564200 23.71 303.215566  -2.627095 17.684
 31     6.982 53298.07564265 21.96 303.214846  -2.623795 17.684
 31     7.095 53298.07564329 18.59 303.214116  -2.620485 17.684
 31     6.890 53298.07564394 19.22 303.213386  -2.617185 17.684
 31     6.629 53298.07564458 20.00 303.212656  -2.613875 17.684
 31     7.150 53298.07564523 18.70 303.211936  -2.610575 17.684
 31     7.115 53298.07564587 19.49 303.211206  -2.607265 17.684
 31     7.215 53298.07564651 19.80 303.210478  -2.603969 18.592
 31     7.241 53298.07564716 19.95 303.209748  -2.600659 18.592
 31     7.408 53298.07564780 20.60 303.209028  -2.597359 18.592
 31     7.511 53298.07564845 21.39 303.208298  -2.594049 18.592
 31     7.561 53298.07564909 23.03 303.207568  -2.590749 18.592
 31     7.585 53298.07564974 23.38 303.206838  -2.587439 18.592
 31     7.454 53298.07565038 24.38 303.206118  -2.584139 18.592
 33     7.612 53368.07555479 26.41 303.229081  -2.635362  7.794
 33     9.217 53368.07555543 20.15 303.228351  -2.632052  7.794
 33     8.654 53368.07555608 18.94 303.227631  -2.628752  7.794
 33     8.481 53368.07555672 17.72 303.226901  -2.625442  7.794
 33     8.115 53368.07555736 17.35 303.226171  -2.622142  7.794
 33     8.067 53368.07555801 17.07 303.225451  -2.618832  7.794
 33     8.071 53368.07555865 17.07 303.224721  -2.615532  7.794
 33     7.987 53368.07555930 17.50 303.223991  -2.612222  7.794
 33     7.860 53368.07555994 19.04 303.223261  -2.608922  7.794
 33     7.881 53368.07556059 18.33 303.222541  -2.605612  7.794
 33     7.985 53368.07556123 18.29 303.221811  -2.602312  7.794
 33     7.569 53368.07556188 19.51 303.221081  -2.599002  7.794
 33     7.718 53368.07556252 19.88 303.220363  -2.595704 18.961
 33     8.219 53368.07556317 19.59 303.219633  -2.592394 18.961
 33     9.184 53368.07556381 20.15 303.218903  -2.589094 18.961
 33     8.530 53368.07556446 25.05 303.218173  -2.585784 18.961
 35    10.981 53438.07557317 32.12 303.227516  -2.634272 18.641
 35    10.938 53438.07557382 25.34 303.226796  -2.630972 18.641
 35    10.602 53438.07557446 22.96 303.226066  -2.627662 18.641
 35    10.416 53438.07557511 20.82 303.225336  -2.624362 18.641
 35     9.707 53438.07557575 21.43 303.224616  -2.621052 18.641
 35     8.714 53438.07557640 22.65 303.223886  -2.617752 18.641
 35    10.424 53438.07557704 19.38 303.223156  -2.614442 18.641
 35    10.503 53438.07557769 18.78 303.222426  -2.611142 18.641
 35    10.717 53438.07557833 17.60 303.221706  -2.607832 18.641
 35    10.820 53438.07557898 17.48 303.220976  -2.604532 18.641
 35    10.757 53438.07557962 17.83 303.220246  -2.601222 18.641
 35    10.648 53438.07558027 18.08 303.219526  -2.597925 23.901
 35    10.698 53438.07558091 18.16 303.218796  -2.594615 23.901
 35    10.752 53438.07558155 20.22 303.218066  -2.591315 23.901
 35    11.133 53438.07558220 22.18 303.217346  -2.588005 23.901
 35    11.224 53438.07558284 28.30 303.216616  -2.584705 23.901
 36    12.889 53473.07562957 31.48 303.222183  -2.632081 18.595
 36    12.518 53473.07563022 27.75 303.221453  -2.628771 18.595
 36    12.295 53473.07563086 27.81 303.220733  -2.625471 18.595
 36    11.404 53473.07563150 27.75 303.220003  -2.622161 18.595
 36    10.590 53473.07563215 25.17 303.219273  -2.618861 18.595
 36     9.946 53473.07563279 24.89 303.218543  -2.615551 18.595
 36     8.781 53473.07563344 24.08 303.217823  -2.612251 18.595
 36     7.810 53473.07563408 22.20 303.217093  -2.608951 18.595
 36     7.213 53473.07563473 20.98 303.216365  -2.605637 30.894
 36     9.567 53473.07563537 19.63 303.215635  -2.602337 30.894
 36    10.737 53473.07563602 18.48 303.214905  -2.599037 30.894
 36    11.783 53473.07563666 18.01 303.214185  -2.595727 30.894
 36    12.339 53473.07563731 18.82 303.213455  -2.592427 30.894
 36    12.636 53473.07563795 20.91 303.212725  -2.589117 30.894
 36    12.914 53473.07563860 25.40 303.212005  -2.585817 30.894
 36    12.941 53473.07563924 32.54 303.211275  -2.582507 30.894
 37    13.425 53508.07565516 37.80 303.224555  -2.634613 12.691
 37    13.462 53508.07565581 32.32 303.223825  -2.631303 12.691
 37    13.279 53508.07565645 29.96 303.223105  -2.628003 12.691
 37    13.297 53508.07565710 29.91 303.222375  -2.624693 12.691
 37    13.393 53508.07565774 29.43 303.221645  -2.621393 12.691
 37    13.387 53508.07565839 29.64 303.220925  -2.618083 12.691
 37    13.479 53508.07565903 30.16 303.220195  -2.614783 12.691
 37    13.465 53508.07565968 30.43 303.219465  -2.611473 12.691
 37    13.397 53508.07566032 30.71 303.218735  -2.608173 12.691
 37    13.392 53508.07566096 31.11 303.218015  -2.604863 12.691
 37    13.395 53508.07566161 31.32 303.217285  -2.601563 12.691
 37    13.380 53508.07566225 31.42 303.216555  -2.598263 12.691
 37    13.405 53508.07566290 31.57 303.215831  -2.594948 30.037
 37    13.468 53508.07566354 30.69 303.215101  -2.591648 30.037
 37    13.493 53508.07566419 31.27 303.214371  -2.588348 30.037
 37    13.523 53508.07566483 33.27 303.213651  -2.585038 30.037
 38    12.789 53543.07566602 26.84 303.221773  -2.631254 15.126
 38    12.853 53543.07566667 21.74 303.221053  -2.627944 15.126
 38    12.402 53543.07566731 21.77 303.220323  -2.624644 15.126
 38    11.590 53543.07566796 19.93 303.219593  -2.621334 15.126
 38    10.992 53543.07566860 18.87 303.218863  -2.618034 15.126
 38    11.917 53543.07566924 17.73 303.218143  -2.614724 15.126
 38    12.469 53543.07566989 16.73 303.217413  -2.611424 15.126
 38    12.466 53543.07567053 16.55 303.216683  -2.608114 15.126
 38    12.643 53543.07567118 16.02 303.215959  -2.604817 31.426
 38    12.669 53543.07567182 16.06 303.215229  -2.601507 31.426
 38    12.733 53543.07567247 15.90 303.214499  -2.598207 31.426
 38    12.586 53543.07567311 17.11 303.213779  -2.594897 31.426
 38    12.679 53543.07567376 18.42 303.213049  -2.591597 31.426
 38    12.747 53543.07567440 22.52 303.212319  -2.588287 31.426
 38    13.024 53543.07567505 27.45 303.211589  -2.584987 31.426
 39    11.824 53578.07564921 34.50 303.224459  -2.633394 14.671
 39    11.599 53578.07564985 28.05 303.223729  -2.630084 14.671
 39    11.337 53578.07565050 27.99 303.223009  -2.626784 14.671
 39    11.221 53578.07565114 25.65 303.222279  -2.623474 14.671
 39    11.196 53578.07565178 24.76 303.221549  -2.620174 14.671
 39    11.155 53578.07565243 24.10 303.220829  -2.616864 14.671
 39    11.140 53578.07565307 23.35 303.220099  -2.613564 14.671
 39    11.025 53578.07565372 24.12 303.219369  -2.610254 14.671
 39    11.139 53578.07565436 22.96 303.218639  -2.606954 14.671
 39    11.193 53578.07565501 23.05 303.217919  -2.603644 14.671
 39    11.484 53578.07565565 22.60 303.217189  -2.600344 14.671
 39    11.635 53578.07565630 22.87 303.216459  -2.597034 14.671
 39    11.693 53578.07565694 23.39 303.215738  -2.593736 35.389
 39    11.680 53578.07565759 23.32 303.215008  -2.590426 35.389
 39    11.824 53578.07565823 24.34 303.214278  -2.587126 35.389
 39    11.979 53578.07565888 33.59 303.213558  -2.583816 35.389
 40     9.809 53613.07560239 25.87 303.222867  -2.631829 15.294
 40     8.169 53613.07560303 23.61 303.222147  -2.628519 15.294
 40     8.037 53613.07560368 20.08 303.221417  -2.625219 15.294
 40     7.688 53613.07560432 18.46 303.220687  -2.621909 15.294
 40     8.027 53613.07560497 16.79 303.219967  -2.618609 15.294
 40     8.143 53613.07560561 15.66 303.219237  -2.615299 15.294
 40     8.153 53613.07560626 15.75 303.218507  -2.611999 15.294
 40     8.102 53613.07560690 15.64 303.217787  -2.608689 15.294
 40     8.146 53613.07560755 15.73 303.217059  -2.605392 22.811
 40     8.005 53613.07560819 17.12 303.216329  -2.602082 22.811
 40     8.257 53613.07560884 17.08 303.215599  -2.598782 22.811
 40     8.308 53613.07560948 17.71 303.214879  -2.595472 22.811
 40     9.045 53613.07561013 20.22 303.214149  -2.592172 22.811
 40     9.695 53613.07561077 21.26 303.213419  -2.588862 22.811
 40    10.557 53613.07561142 22.78 303.212689  -2.585562 22.811
 40    11.473 53613.07561206 35.08 303.211969  -2.582252 22.811
 41     9.095 53648.07560761 19.68 303.228061  -2.632754 12.668
 41     8.469 53648.07560825 20.94 303.227331  -2.629454 12.668
 41     4.409 53648.07560890 20.08 303.226601  -2.626144 12.668
 41     7.636 53648.07560954 15.97 303.225881  -2.622844 12.668
 41     5.204 53648.07561019 15.05 303.225151  -2.619544 12.668
 41     5.027 53648.07561083 14.55 303.224422  -2.616239 20.682
 41     5.018 53648.07561148 14.94 303.223692  -2.612929 20.682
 41     4.999 53648.07561212 15.02 303.222972  -2.609629 20.682
 41     5.031 53648.07561276 14.30 303.222242  -2.606319 20.682
 41     5.253 53648.07561341 14.44 303.221512  -2.603019 20.682
 41     6.657 53648.07561405 14.69 303.220782  -2.599709 20.682
 41     7.598 53648.07561470 14.37 303.220062  -2.596409 20.682
 41     8.788 53648.07561534 14.38 303.219332  -2.593099 20.682
 41     9.411 53648.07561599 16.02 303.218602  -2.589799 20.682
 41     9.970 53648.07561663 17.01 303.217872  -2.586489 20.682
 41     8.462 53648.07561728 33.84 303.217152  -2.583189 20.682
 42     5.091 53683.07562296 29.82 303.220255  -2.631217 10.701
 42     5.016 53683.07562360 29.46 303.219525  -2.627907 10.701
 42     4.951 53683.07562425 30.09 303.218795  -2.624607 10.701
 42     5.013 53683.07562489 30.92 303.218075  -2.621297 10.701
 42     5.045 53683.07562554 31.70 303.217345  -2.617997 10.701
 42     4.928 53683.07562618 32.12 303.216615  -2.614687 10.701
 42     4.796 53683.07562683 32.70 303.215885  -2.611387 10.701
 42     4.819 53683.07562747 33.34 303.215165  -2.608077 10.701
 42     4.894 53683.07562811 33.18 303.214435  -2.604777 10.701
 42     4.892 53683.07562876 32.86 303.213705  -2.601467 10.701
 42     4.938 53683.07562940 32.84 303.212982  -2.598170 16.090
 42     5.067 53683.07563005 32.77 303.212252  -2.594860 16.090
 42     5.057 53683.07563069 32.03 303.211522  -2.591560 16.090
 42     4.972 53683.07563134 31.48 303.210802  -2.588250 16.090
 42     4.941 53683.07563198 31.27 303.210072  -2.584950 16.090
 42    10.070 53683.07563263 33.99 303.209342  -2.581640 16.090
 43     7.624 53718.07554918 34.09 303.229715  -2.634796  5.859
 43     7.118 53718.07554982 33.43 303.228985  -2.631486  5.859
 43     7.238 53718.07555046 31.25 303.228265  -2.628186  5.859
 43     7.232 53718.07555111 31.77 303.227535  -2.624876  5.859
 43     7.232 53718.07555175 32.11 303.226805  -2.621576  5.859
 43     7.213 53718.07555240 31.64 303.226085  -2.618266  5.859
 43     7.170 53718.07555304 31.77 303.225355  -2.614966  5.859
 43     7.272 53718.07555369 31.46 303.224625  -2.611656  5.859
 43     7.129 53718.07555433 30.96 303.223905  -2.608356  5.859
 43     7.061 53718.07555498 30.23 303.223175  -2.605046  5.859
 43     7.126 53718.07555562 29.80 303.222445  -2.601746  5.859
 43     7.088 53718.07555627 29.50 303.221715  -2.598436  5.859
 43     7.231 53718.07555691 28.64 303.220996  -2.595139 11.515
 43     7.271 53718.07555756 28.36 303.220266  -2.591829 11.515
 43     7.273 53718.07555820 27.84 303.219536  -2.588529 11.515
 43     8.150 53718.07555885 27.44 303.218806  -2.585219 11.515
 44     9.772 53753.07546977 31.61 303.233662  -2.635240  5.296
 44     9.729 53753.07547041 34.08 303.232942  -2.631940  5.296
 44     9.653 53753.07547106 33.86 303.232212  -2.628630  5.296
 44     9.660 53753.07547170 33.50 303.231482  -2.625330  5.296
 44     9.666 53753.07547235 33.07 303.230752  -2.622020  5.296
 44     9.689 53753.07547299 33.44 303.230032  -2.618720  5.296
 44     9.650 53753.07547364 32.18 303.229302  -2.615410  5.296
 44     9.677 53753.07547428 31.79 303.228572  -2.612110  5.296
 44     9.592 53753.07547493 32.42 303.227842  -2.608800  5.296
 44     9.715 53753.07547557 31.14 303.227122  -2.605500  5.296
 44     9.615 53753.07547622 31.09 303.226392  -2.602200  5.296
 44     9.653 53753.07547686 30.59 303.225662  -2.598885 21.839
 44     9.653 53753.07547750 29.59 303.224932  -2.595585 21.839
 44     9.626 53753.07547815 29.05 303.224212  -2.592285 21.839
 44     9.728 53753.07547879 28.95 303.223482  -2.588975 21.839
 44    10.306 53753.07547944 28.70 303.222752  -2.585675 21.839
 45    11.763 53788.07549990 35.49 303.230810  -2.635306 16.845
 45    11.556 53788.07550055 22.56 303.230090  -2.632006 16.845
 45    11.390 53788.07550119 20.38 303.229360  -2.628696 16.845
 45    10.935 53788.07550184 18.89 303.228630  -2.625396 16.845
 45    11.081 53788.07550248 18.31 303.227910  -2.622086 16.845
 45    11.452 53788.07550313 17.03 303.227180  -2.618786 16.845
 45    11.370 53788.07550377 17.10 303.226450  -2.615476 16.845
 45    11.417 53788.07550442 17.22 303.225720  -2.612176 16.845
 45    11.362 53788.07550506 17.47 303.225000  -2.608866 16.845
 45    11.358 53788.07550571 17.11 303.224270  -2.605566 16.845
 45    11.469 53788.07550635 17.29 303.223540  -2.602256 16.845
 45    11.464 53788.07550699 17.42 303.222817  -2.598959 28.457
 45    11.372 53788.07550764 18.43 303.222087  -2.595649 28.457
 45    11.370 53788.07550828 20.22 303.221357  -2.592349 28.457
 45    11.514 53788.07550893 25.17 303.220637  -2.589039 28.457
 45    11.785 53788.07550957 29.39 303.219907  -2.585739 28.457
 46    12.953 53823.07545475 36.80 303.230914  -2.635719 17.598
 46    12.719 53823.07545539 29.91 303.230184  -2.632419 17.598
 46    12.421 53823.07545603 30.97 303.229454  -2.629109 17.598
 46    12.026 53823.07545668 28.86 303.228734  -2.625809 17.598
 46    11.452 53823.07545732 28.02 303.228004  -2.622499 17.598
 46    10.931 53823.07545797 23.54 303.227274  -2.619199 17.598
 46     9.910 53823.07545861 24.05 303.226544  -2.615889 17.598
 46     9.161 53823.07545926 21.15 303.225824  -2.612589 17.598
 46     7.954 53823.07545990 21.39 303.225094  -2.609279 17.598
 46     8.247 53823.07546055 20.68 303.224364  -2.605979 17.598
 46    10.048 53823.07546119 19.49 303.223634  -2.602669 17.598
 46    10.835 53823.07546184 20.64 303.222904  -2.599369 17.598
 46    11.617 53823.07546248 20.64 303.222184  -2.596059 17.598
 46    12.437 53823.07546313 19.68 303.221450  -2.592764 33.977
 46    12.733 53823.07546377 21.26 303.220720  -2.589454 33.977
 46    12.984 53823.07546442 28.23 303.220000  -2.586154 33.977
 47    13.550 53858.07554802 36.48 303.222137  -2.631869 15.701
 47    13.312 53858.07554866 31.80 303.221407  -2.628569 15.701
 47    12.825 53858.07554931 29.51 303.220677  -2.625259 15.701
 47    12.072 53858.07554995 28.58 303.219957  -2.621959 15.701
 47    11.465 53858.07555060 25.07 303.219227  -2.618649 15.701
 47    10.694 53858.07555124 23.35 303.218497  -2.615349 15.701
 47    10.048 53858.07555189 21.92 303.217767  -2.612039 15.701
 47     9.008 53858.07555253 21.23 303.217047  -2.608739 15.701
 47    12.741 53858.07555318 20.22 303.216317  -2.605429 15.701
 47    13.219 53858.07555382 19.26 303.215587  -2.602129 15.701
 47    13.216 53858.07555447 19.17 303.214857  -2.598819 15.701
 47    13.304 53858.07555511 19.61 303.214137  -2.595519 15.701
 47    13.146 53858.07555575 21.98 303.213407  -2.592209 15.701
 47    13.293 53858.07555640 25.35 303.212679  -2.588913 40.957
 47    13.582 53858.07555704 27.29 303.211949  -2.585603 40.957
 47    13.808 53858.07555769 35.38 303.211219  -2.582303 40.957
 48    14.297 53893.07556179 36.09 303.230573  -2.634993 21.561
 48    13.943 53893.07556244 28.88 303.229843  -2.631693 21.561
 48    13.450 53893.07556308 25.09 303.229113  -2.628383 21.561
 48    13.164 53893.07556373 22.11 303.228393  -2.625083 21.561
 48    12.610 53893.07556437 21.50 303.227663  -2.621773 21.561
 48    13.318 53893.07556502 18.51 303.226933  -2.618473 21.561
 48    11.179 53893.07556566 18.96 303.226213  -2.615163 21.561
 48     9.883 53893.07556631 19.25 303.225483  -2.611863 21.561
 48    12.582 53893.07556695 19.40 303.224753  -2.608563 21.561
 48    13.106 53893.07556760 19.64 303.224027  -2.605248 31.256
 48    12.017 53893.07556824 20.66 303.223297  -2.601948 31.256
 48    12.825 53893.07556888 21.97 303.222577  -2.598648 31.256
 48    13.345 53893.07556953 24.38 303.221847  -2.595338 31.256
 48    13.888 53893.07557017 26.57 303.221117  -2.592038 31.256
 48    14.021 53893.07557082 30.19 303.220387  -2.588728 31.256
 48    14.143 53893.07557146 34.24 303.219657  -2.585428 31.256
 49    13.207 53928.07562154 28.52 303.215415  -2.631509 15.552
 49    12.935 53928.07562218 25.80 303.214685  -2.628209 15.552
 49    12.547 53928.07562283 24.49 303.213955  -2.624899 15.552
 49    12.607 53928.07562347 19.64 303.213235  -2.621599 15.552
 49    12.643 53928.07562412 18.39 303.212505  -2.618289 15.552
 49    12.928 53928.07562476 17.61 303.211775  -2.614989 15.552
 49    12.993 53928.07562541 17.31 303.211045  -2.611679 15.552
 49    12.979 53928.07562605 17.32 303.210325  -2.608379 15.552
 49    13.090 53928.07562670 17.12 303.209595  -2.605069 15.552
 49    13.117 53928.07562734 16.89 303.208865  -2.601769 15.552
 49    13.111 53928.07562799 17.13 303.208145  -2.598459 15.552
 49    13.035 53928.07562863 18.41 303.207415  -2.595159 15.552
 49    12.731 53928.07562928 20.69 303.206685  -2.591859 15.552
 49    12.945 53928.07562992 21.59 303.205960  -2.588553 24.847
 49    13.146 53928.07563056 27.08 303.205230  -2.585243 24.847
 49    13.352 53928.07563121 31.98 303.204500  -2.581943 24.847
 50    11.468 53963.07560390 25.95 303.218763  -2.630683 17.822
 50    11.195 53963.07560454 21.08 303.218043  -2.627373 17.822
 50    10.792 53963.07560519 21.23 303.217313  -2.624073 17.822
 50    10.395 53963.07560583 19.00 303.216583  -2.620763 17.822
 50     9.783 53963.07560648 18.85 303.215863  -2.617463 17.822
 50     8.856 53963.07560712 18.95 303.215133  -2.614153 17.822
 50    10.360 53963.07560777 17.84 303.214403  -2.610853 17.822
 50    11.169 53963.07560841 17.08 303.213673  -2.607543 17.822
 50    11.312 53963.07560905 16.18 303.212953  -2.604243 17.822
 50    11.330 53963.07560970 16.39 303.212223  -2.600933 17.822
 50    11.413 53963.07561034 15.24 303.211493  -2.597633 17.822
 50    11.385 53963.07561099 15.34 303.210773  -2.594323 17.822
 50    11.395 53963.07561163 16.16 303.210043  -2.591023 17.822
 50    11.648 53963.07561228 18.85 303.209313  -2.587713 17.822
 50    12.042 53963.07561292 23.11 303.208592  -2.584415 33.807
 51     8.336 53998.07555057 30.91 303.229579  -2.634690  5.427
 51     8.061 53998.07555121 31.47 303.228849  -2.631380  5.427
 51     8.162 53998.07555185 29.12 303.228119  -2.628080  5.427
 51     8.083 53998.07555250 28.16 303.227389  -2.624770  5.427
 51     8.194 53998.07555314 27.13 303.226669  -2.621470  5.427
 51     8.180 53998.07555379 26.94 303.225939  -2.618160  5.427
 51     8.281 53998.07555443 26.39 303.225209  -2.614860  5.427
 51     8.182 53998.07555508 26.78 303.224479  -2.611550  5.427
 51     8.269 53998.07555572 25.77 303.223759  -2.608250  5.427
 51     8.221 53998.07555637 26.11 303.223029  -2.604940  5.427
 51     8.297 53998.07555701 25.85 303.222299  -2.601640  5.427
 51     8.297 53998.07555766 25.58 303.221569  -2.598340  5.427
 51     8.227 53998.07555830 25.06 303.220839  -2.595030  5.427
 51     8.245 53998.07555895 25.18 303.220119  -2.591730  5.427
 51     9.327 53998.07555959 25.56 303.219385  -2.588416 21.919
 51    10.072 53998.07556024 26.51 303.218665  -2.585116 21.919
 52     5.351 54033.07559970 25.83 303.229366  -2.635097  6.285
 52     5.371 54033.07560035 24.80 303.228646  -2.631797  6.285
 52     5.054 54033.07560099 21.19 303.227916  -2.628487  6.285
 52     4.825 54033.07560163 20.18 303.227186  -2.625187  6.285
 52     3.999 54033.07560228 20.23 303.226456  -2.621877  6.285
 52     5.161 54033.07560292 17.81 303.225736  -2.618577  6.285
 52     5.502 54033.07560357 16.64 303.225006  -2.615267  6.285
 52     5.323 54033.07560421 16.36 303.224276  -2.611967  6.285
 52     5.447 54033.07560486 15.03 303.223546  -2.608657  6.285
 52     5.470 54033.07560550 14.56 303.222826  -2.605357  6.285
 52     5.595 54033.07560615 15.63 303.222096  -2.602047  6.285
 52     6.550 54033.07560679 16.63 303.221366  -2.598747  6.285
 52     7.832 54033.07560744 16.36 303.220646  -2.595437  6.285
 52     8.863 54033.07560808 16.87 303.219916  -2.592137  6.285
 52     9.592 54033.07560873 18.53 303.219186  -2.588827  6.285
 52     9.874 54033.07560937 24.25 303.218459  -2.585530 29.644
 54     8.780 54103.07555228 23.07 303.225753  -2.633325  9.633
 54     8.504 54103.07555292 21.96 303.225023  -2.630015  9.633
 54     8.573 54103.07555357 18.86 303.224293  -2.626715  9.633
 54     8.728 54103.07555421 17.80 303.223573  -2.623405  9.633
 54     8.740 54103.07555486 18.31 303.222843  -2.620105  9.633
 54     8.755 54103.07555550 18.05 303.222113  -2.616795  9.633
 54     8.734 54103.07555615 17.99 303.221393  -2.613495  9.633
 54     8.733 54103.07555679 18.15 303.220663  -2.610185  9.633
 54     8.721 54103.07555744 17.61 303.219933  -2.606885  9.633
 54     8.668 54103.07555808 18.28 303.219213  -2.603575  9.633
 54     8.720 54103.07555872 18.49 303.218483  -2.600275  9.633
 54     8.724 54103.07555937 18.34 303.217753  -2.596965  9.633
 54     8.653 54103.07556001 19.58 303.217023  -2.593665  9.633
 54     8.827 54103.07556066 19.91 303.216303  -2.590355  9.633
 54     9.258 54103.07556130 19.95 303.215573  -2.587055  9.633
 54    10.038 54103.07556195 28.83 303.214843  -2.583745  9.633
 55    10.390 54138.07552291 33.32 303.226379  -2.634994 15.103
 55    10.350 54138.07552356 28.02 303.225649  -2.631684 15.103
 55    10.216 54138.07552420 25.14 303.224919  -2.628384 15.103
 55     9.890 54138.07552485 23.37 303.224189  -2.625074 15.103
 55     9.423 54138.07552549 24.89 303.223469  -2.621774 15.103
 55     8.928 54138.07552614 23.16 303.222739  -2.618464 15.103
 55     7.973 54138.07552678 22.74 303.222009  -2.615164 15.103
 55     7.430 54138.07552742 22.19 303.221279  -2.611854 15.103
 55     9.590 54138.07552807 20.40 303.220559  -2.608554 15.103
 55     9.841 54138.07552871 20.44 303.219829  -2.605244 15.103
 55     9.983 54138.07552936 20.08 303.219099  -2.601944 15.103
 55    10.166 54138.07553000 19.74 303.218369  -2.598634 15.103
 55    10.279 54138.07553065 19.53 303.217649  -2.595334 15.103
 55    10.170 54138.07553129 19.41 303.216919  -2.592024 15.103
 55    10.372 54138.07553194 20.20 303.216191  -2.588718 32.037
 55    10.605 54138.07553258 24.35 303.215461  -2.585418 32.037
 55    10.599 54138.07553323 37.71 303.214731  -2.582118 32.037
 56    11.245 54173.07553044 29.21 303.225320  -2.632735 17.886
 56    11.102 54173.07553109 22.46 303.224600  -2.629435 17.886
 56    10.642 54173.07553173 20.07 303.223870  -2.626125 17.886
 56    11.120 54173.07553238 19.30 303.223140  -2.622825 17.886
 56    10.742 54173.07553302 18.39 303.222420  -2.619515 17.886
 56    10.328 54173.07553367 16.41 303.221690  -2.616215 17.886
 56    10.481 54173.07553431 15.92 303.220960  -2.612905 17.886
 56    10.681 54173.07553496 15.19 303.220230  -2.609605 17.886
 56    10.940 54173.07553560 15.20 303.219510  -2.606295 17.886
 56    11.225 54173.07553625 15.34 303.218780  -2.602995 17.886
 56    11.340 54173.07553689 15.14 303.218050  -2.599685 17.886
 56    11.449 54173.07553753 16.09 303.217329  -2.596388 27.281
 56    11.692 54173.07553818 16.46 303.216599  -2.593078 27.281
 56    10.949 54173.07553882 19.20 303.215869  -2.589778 27.281
 56    11.107 54173.07553947 24.23 303.215149  -2.586468 27.281
 56    11.415 54173.07554011 34.89 303.214419  -2.583168 27.281
 57    12.264 54208.07552845 32.08 303.225259  -2.634043 17.824
 57    12.133 54208.07552910 29.04 303.224529  -2.630733 17.824
 57    11.907 54208.07552974 25.48 303.223799  -2.627433 17.824
 57    11.463 54208.07553039 23.79 303.223069  -2.624123 17.824
 57    10.882 54208.07553103 22.58 303.222349  -2.620823 17.824
 57    10.405 54208.07553168 20.84 303.221619  -2.617513 17.824
 57     9.398 54208.07553232 20.00 303.220889  -2.614213 17.824
 57    10.076 54208.07553296 19.64 303.220159  -2.610903 17.824
 57     9.958 54208.07553361 18.65 303.219439  -2.607603 17.824
 57    11.683 54208.07553425 17.74 303.218709  -2.604303 17.824
 57    11.747 54208.07553490 17.22 303.217981  -2.600999 28.915
 57    11.617 54208.07553554 17.70 303.217251  -2.597689 28.915
 57    11.892 54208.07553619 17.05 303.216521  -2.594389 28.915
 57    11.931 54208.07553683 18.67 303.215801  -2.591079 28.915
 57    12.165 54208.07553748 23.30 303.215071  -2.587779 28.915
 57    12.291 54208.07553812 28.90 303.214341  -2.584469 28.915
 59    13.296 54278.07557410 36.02 303.226696  -2.635004 19.117
 59    13.041 54278.07557475 34.07 303.225966  -2.631694 19.117
 59    12.952 54278.07557539 31.90 303.225236  -2.628394 19.117
 59    12.709 54278.07557604 28.97 303.224506  -2.625084 19.117
 59    12.051 54278.07557668 27.03 303.223786  -2.621784 19.117
 59    11.129 54278.07557733 26.13 303.223056  -2.618474 19.117
 59    10.582 54278.07557797 25.22 303.222326  -2.615174 19.117
 59     9.885 54278.07557862 25.55 303.221596  -2.611864 19.117
 59    12.645 54278.07557926 23.83 303.220876  -2.608564 19.117
 59    12.748 54278.07557991 22.88 303.220146  -2.605254 19.117
 59    12.857 54278.07558055 23.78 303.219420  -2.601956 28.327
 59    12.984 54278.07558119 24.56 303.218690  -2.598646 28.327
 59    13.050 54278.07558184 25.81 303.217960  -2.595346 28.327
 59    13.279 54278.07558248 25.46 303.217240  -2.592036 28.327
 59    13.342 54278.07558313 28.80 303.216510  -2.588736 28.327
 59    13.400 54278.07558377 32.08 303.215780  -2.585426 28.327
 60    12.501 54313.07557409 35.52 303.227939  -2.634444 12.093
 60    12.372 54313.07557474 33.97 303.227219  -2.631144 12.093
 60    12.144 54313.07557538 31.92 303.226489  -2.627834 12.093
 60    12.245 54313.07557603 32.24 303.225759  -2.624534 12.093
 60    12.521 54313.07557667 31.10 303.225039  -2.621224 12.093
 60    12.491 54313.07557732 30.84 303.224309  -2.617924 12.093
 60    12.509 54313.07557796 30.80 303.223579  -2.614614 12.093
 60    12.374 54313.07557861 30.70 303.222849  -2.611314 12.093
 60    12.388 54313.07557925 31.08 303.222129  -2.608004 12.093
 60    12.393 54313.07557989 31.17 303.221399  -2.604704 12.093
 60    12.380 54313.07558054 30.93 303.220669  -2.601394 12.093
 60    12.402 54313.07558118 29.98 303.219946  -2.598098 20.471
 60    12.474 54313.07558183 29.84 303.219216  -2.594788 20.471
 60    12.459 54313.07558247 29.84 303.218486  -2.591488 20.471
 60    12.503 54313.07558312 29.20 303.217766  -2.588178 20.471
 60    12.567 54313.07558376 29.78 303.217036  -2.584878 20.471
 61    10.388 54348.07554575 20.15 303.226617  -2.633010 14.452
 61    10.248 54348.07554640 18.35 303.225897  -2.629710 14.452
 61    10.023 54348.07554704 18.25 303.225167  -2.626400 14.452
 61     9.578 54348.07554769 19.52 303.224437  -2.623100 14.452
 61     9.178 54348.07554833 18.72 303.223717  -2.619790 14.452
 61     9.847 54348.07554898 18.25 303.222987  -2.616490 14.452
 61     9.970 54348.07554962 16.48 303.222257  -2.613180 14.452
 61    10.000 54348.07555026 16.72 303.221527  -2.609880 14.452
 61    10.174 54348.07555091 15.76 303.220807  -2.606570 14.452
 61    10.199 54348.07555155 15.50 303.220077  -2.603270 14.452
 61    10.275 54348.07555220 15.51 303.219347  -2.599960 14.452
 61    10.240 54348.07555284 15.56 303.218629  -2.596654 23.835
 61    10.206 54348.07555349 16.76 303.217899  -2.593354 23.835
 61    10.322 54348.07555413 19.80 303.217169  -2.590054 23.835
 61    11.476 54348.07555478 22.89 303.216449  -2.586744 23.835
 61    10.747 54348.07555542 36.90 303.215719  -2.583444 23.835
 62     6.878 54383.07551185 32.58 303.227234  -2.633218  7.202
 62     6.643 54383.07551249 27.44 303.226504  -2.629908  7.202
 62     6.690 54383.07551314 27.24 303.225784  -2.626608  7.202
 62     6.792 54383.07551378 25.39 303.225054  -2.623298  7.202
 62     6.664 54383.07551443 25.02 303.224324  -2.619998  7.202
 62     6.581 54383.07551507 24.85 303.223594  -2.616688  7.202
 62     6.251 54383.07551572 25.47 303.222874  -2.613388  7.202
 62     5.870 54383.07551636 26.33 303.222144  -2.610078  7.202
 62     5.507 54383.07551701 26.25 303.221414  -2.606778  7.202
 62     5.519 54383.07551765 26.01 303.220684  -2.603468  7.202
 62     6.449 54383.07551829 24.48 303.219964  -2.600168  7.202
 62     6.633 54383.07551894 24.76 303.219234  -2.596858  7.202
 62     6.723 54383.07551958 25.60 303.218506  -2.593552 18.073
 62     6.915 54383.07552023 26.42 303.217776  -2.590252 18.073
 62     8.699 54383.07552087 25.90 303.217046  -2.586952 18.073
 62     8.661 54383.07552152 37.06 303.216326  -2.583642 18.073
 63     9.314 54418.07549508 22.19 303.225782  -2.632392 10.996
 63     8.909 54418.07549573 24.16 303.225052  -2.629092 10.996
 63     8.511 54418.07549637 18.66 303.224322  -2.625782 10.996
 63     6.383 54418.07549701 17.71 303.223602  -2.622482 10.996
 63     6.180 54418.07549766 17.00 303.222872  -2.619172 10.996
 63     6.219 54418.07549830 15.25 303.222142  -2.615872 10.996
 63     5.901 54418.07549895 17.00 303.221422  -2.612562 10.996
 63     6.311 54418.07549959 14.56 303.220692  -2.609262 10.996
 63     6.283 54418.07550024 14.51 303.219962  -2.605952 10.996
 63     6.276 54418.07550088 15.22 303.219232  -2.602652 10.996
 63     6.601 54418.07550153 15.86 303.218512  -2.599342 10.996
 63     7.345 54418.07550217 16.03 303.217782  -2.596042 10.996
 63     8.659 54418.07550282 15.75 303.217052  -2.592732 10.996
 63     9.409 54418.07550346 16.78 303.216331  -2.589435 22.377
 63    10.411 54418.07550411 19.42 303.215601  -2.586125 22.377
 63    10.586 54418.07550475 35.06 303.214871  -2.582825 22.377
 64     8.126 54453.07548169 32.27 303.226958  -2.633863  7.673
 64     7.884 54453.07548234 28.65 303.226228  -2.630553  7.673
 64     8.008 54453.07548298 25.77 303.225508  -2.627253  7.673
 64     7.972 54453.07548363 25.45 303.224778  -2.623943  7.673
 64     7.810 54453.07548427 24.93 303.224048  -2.620643  7.673
 64     7.837 54453.07548492 23.72 303.223318  -2.617333  7.673
 64     7.674 54453.07548556 24.34 303.222598  -2.614033  7.673
 64     7.657 54453.07548621 24.07 303.221868  -2.610723  7.673
 64     7.757 54453.07548685 23.47 303.221138  -2.607423  7.673
 64     7.777 54453.07548750 23.07 303.220408  -2.604113  7.673
 64     7.981 54453.07548814 22.46 303.219688  -2.600813  7.673
 64     8.021 54453.07548879 22.17 303.218958  -2.597513  7.673
 64     8.071 54453.07548943 22.84 303.218227  -2.594197 12.471
 64     8.081 54453.07549008 23.08 303.217497  -2.590897 12.471
 64     8.353 54453.07549072 22.76 303.216777  -2.587597 12.471
 64     8.507 54453.07549136 26.29 303.216047  -2.584287 12.471
 65    10.077 54488.07549300 30.74 303.227820  -2.633427 11.858
 65     9.937 54488.07549364 24.85 303.227090  -2.630127 11.858
 65     9.497 54488.07549429 25.17 303.226370  -2.626817 11.858
 65     9.123 54488.07549493 23.90 303.225640  -2.623517 11.858
 65     9.628 54488.07549558 21.61 303.224910  -2.620207 11.858
 65     9.689 54488.07549622 20.72 303.224190  -2.616907 11.858
 65     9.921 54488.07549686 19.35 303.223460  -2.613597 11.858
 65     9.815 54488.07549751 19.11 303.222730  -2.610297 11.858
 65     9.832 54488.07549815 17.85 303.222010  -2.606987 11.858
 65    10.027 54488.07549880 16.87 303.221280  -2.603687 11.858
 65    10.114 54488.07549944 17.72 303.220550  -2.600377 11.858
 65    10.012 54488.07550009 17.77 303.219820  -2.597077 11.858
 65     9.988 54488.07550073 18.79 303.219100  -2.593767 11.858
 65    10.074 54488.07550138 21.01 303.218370  -2.590467 11.858
 65    10.265 54488.07550202 25.43 303.217640  -2.587157 11.858
 65    10.417 54488.07550267 34.12 303.216917  -2.583860 31.790
 66    11.804 54523.07549451 36.03 303.228309  -2.634709 23.416
 66    11.733 54523.07549516 32.69 303.227579  -2.631399 23.416
 66    11.432 54523.07549580 31.58 303.226859  -2.628099 23.416
 66    11.021 54523.07549644 26.57 303.226129  -2.624789 23.416
 66    10.267 54523.07549709 25.99 303.225399  -2.621489 23.416
 66     9.744 54523.07549773 24.54 303.224679  -2.618179 23.416
 66     8.393 54523.07549838 25.17 303.223949  -2.614879 23.416
 66     7.591 54523.07549902 24.06 303.223219  -2.611579 23.416
 66    10.843 54523.07549967 21.95 303.222492  -2.608274 21.503
 66    11.436 54523.07550031 20.60 303.221762  -2.604964 21.503
 66    11.454 54523.07550096 21.54 303.221032  -2.601664 21.503
 66    11.510 54523.07550160 21.95 303.220312  -2.598354 21.503
 66    11.436 54523.07550225 21.77 303.219582  -2.595054 21.503
 66    11.467 54523.07550289 21.81 303.218852  -2.591744 21.503
 66    11.814 54523.07550354 22.67 303.218122  -2.588444 21.503
 66    11.941 54523.07550418 31.06 303.217402  -2.585134 21.503
 67    12.883 54558.07550268 36.39 303.226339  -2.634475 24.295
 67    12.544 54558.07550333 33.58 303.225609  -2.631175 24.295
 67    12.374 54558.07550397 28.38 303.224889  -2.627865 24.295
 67    12.169 54558.07550462 25.23 303.224159  -2.624565 24.295
 67    11.414 54558.07550526 23.11 303.223429  -2.621255 24.295
 67    10.452 54558.07550590 22.71 303.222699  -2.617955 24.295
 67     9.833 54558.07550655 20.34 303.221979  -2.614645 24.295
 67     8.580 54558.07550719 19.87 303.221249  -2.611345 24.295
 67     7.565 54558.07550784 19.24 303.220519  -2.608045 24.295
 67    10.045 54558.07550848 17.93 303.219798  -2.604730 28.367
 67    12.044 54558.07550913 18.06 303.219068  -2.601430 28.367
 67    12.331 54558.07550977 17.89 303.218338  -2.598130 28.367
 67    12.514 54558.07551042 18.10 303.217618  -2.594820 28.367
 67    12.518 54558.07551106 22.96 303.216888  -2.591520 28.367
 67    12.902 54558.07551171 24.89 303.216158  -2.588210 28.367
 67    13.147 54558.07551235 30.18 303.215428  -2.584910 28.367
 68    13.187 54593.07549156 37.68 303.225630  -2.633116 20.719
 68    12.944 54593.07549220 32.28 303.224910  -2.629816 20.719
 68    12.487 54593.07549284 30.24 303.224180  -2.626506 20.719
 68    12.054 54593.07549349 27.83 303.223450  -2.623206 20.719
 68    10.916 54593.07549413 27.77 303.222720  -2.619896 20.719
 68    10.170 54593.07549478 27.00 303.222000  -2.616596 20.719
 68     9.199 54593.07549542 25.71 303.221270  -2.613286 20.719
 68     8.169 54593.07549607 24.96 303.220544  -2.609990 24.572
 68     8.803 54593.07549671 24.18 303.219814  -2.606680 24.572
 68    10.376 54593.07549736 23.76 303.219084  -2.603380 24.572
 68    11.545 54593.07549800 23.49 303.218364  -2.600070 24.572
 68    12.221 54593.07549865 24.17 303.217634  -2.596770 24.572
 68    12.801 54593.07549929 25.65 303.216904  -2.593460 24.572
 68    13.268 54593.07549994 27.82 303.216184  -2.590160 24.572
 68    13.555 54593.07550058 29.74 303.215454  -2.586850 24.572
 68    13.760 54593.07550123 33.58 303.214724  -2.583550 24.572
 69    13.609 54628.07550662 26.04 303.225520  -2.632058 21.963
 69    13.516 54628.07550726 24.29 303.224790  -2.628758 21.963
 69    13.292 54628.07550791 23.03 303.224060  -2.625448 21.963
 69    13.442 54628.07550855 20.03 303.223330  -2.622148 21.963
 69    13.300 54628.07550920 21.27 303.222610  -2.618838 21.963
 69    13.476 54628.07550984 20.94 303.221880  -2.615538 21.963
 69    13.340 54628.07551049 21.14 303.221150  -2.612228 21.963
 69    12.973 54628.07551113 22.01 303.220426  -2.608931 26.675
 69    12.195 54628.07551178 22.03 303.219696  -2.605621 26.675
 69    13.292 54628.07551242 21.31 303.218966  -2.602321 26.675
 69    12.939 54628.07551307 23.68 303.218246  -2.599011 26.675
 69    13.045 54628.07551371 25.20 303.217516  -2.595711 26.675
 69    13.496 54628.07551436 26.80 303.216786  -2.592401 26.675
 69    13.683 54628.07551500 31.43 303.216066  -2.589101 26.675
 69    13.933 54628.07551564 31.25 303.215336  -2.585791 26.675
 69    14.172 54628.07551629 41.88 303.214606  -2.582491 26.675
 70    13.252 54663.07551347 40.42 303.224329  -2.633841 18.646
 70    13.060 54663.07551411 37.94 303.223609  -2.630531 18.646
 70    12.862 54663.07551476 35.38 303.222879  -2.627231 18.646
 70    12.518 54663.07551540 34.30 303.222149  -2.623921 18.646
 70    12.721 54663.07551605 31.66 303.221419  -2.620621 18.646
 70    12.864 54663.07551669 29.77 303.220699  -2.617311 18.646
 70    12.980 54663.07551734 28.24 303.219969  -2.614011 18.646
 70    12.891 54663.07551798 27.59 303.219239  -2.610711 18.646
 70    12.788 54663.07551862 26.92 303.218514  -2.607396 21.375
 70    12.505 54663.07551927 26.16 303.217784  -2.604096 21.375
 70    12.642 54663.07551991 26.02 303.217064  -2.600796 21.375
 70    12.779 54663.07552056 26.22 303.216334  -2.597486 21.375
 70    13.184 54663.07552120 25.61 303.215604  -2.594186 21.375
 70    13.161 54663.07552185 25.89 303.214874  -2.590876 21.375
 70    13.313 54663.07552249 26.14 303.214154  -2.587576 21.375
 70    13.499 54663.07552314 33.94 303.213424  -2.584266 21.375
 71    11.588 54698.07548768 28.69 303.227510  -2.632928 14.061
 71    11.512 54698.07548833 27.08 303.226780  -2.629628 14.061
 71    11.474 54698.07548897 27.57 303.226060  -2.626318 14.061
 71    11.568 54698.07548962 27.50 303.225330  -2.623018 14.061
 71    11.433 54698.07549026 27.84 303.224600  -2.619708 14.061
 71    11.634 54698.07549091 26.94 303.223870  -2.616408 14.061
 71    11.434 54698.07549155 26.44 303.223150  -2.613098 14.061
 71    11.398 54698.07549220 26.21 303.222420  -2.609798 14.061
 71    11.226 54698.07549284 25.74 303.221690  -2.606498 14.061
 71    11.285 54698.07549349 25.25 303.220970  -2.603192 21.259
 71    11.288 54698.07549413 24.98 303.220240  -2.599882 21.259
 71    11.514 54698.07549477 25.16 303.219510  -2.596582 21.259
 71    11.638 54698.07549542 25.12 303.218790  -2.593272 21.259
 71    11.712 54698.07549606 25.10 303.218060  -2.589972 21.259
 71    11.797 54698.07549671 25.96 303.217330  -2.586662 21.259
 71    11.855 54698.07549735 36.69 303.216600  -2.583362 21.259
 72     8.594 54733.07547105 37.12 303.226203  -2.633132 11.471
 72     8.462 54733.07547169 33.42 303.225483  -2.629832 11.471
 72     8.324 54733.07547234 31.56 303.224753  -2.626522 11.471
 72     8.167 54733.07547298 31.54 303.224023  -2.623222 11.471
 72     8.220 54733.07547362 30.17 303.223293  -2.619912 11.471
 72     8.040 54733.07547427 31.04 303.222573  -2.616612 11.471
 72     8.021 54733.07547491 31.10 303.221843  -2.613302 11.471
 72     8.109 54733.07547556 30.42 303.221114  -2.610005 12.393
 72     8.000 54733.07547620 30.13 303.220384  -2.606695 12.393
 72     8.051 54733.07547685 29.78 303.219654  -2.603395 12.393
 72     8.303 54733.07547749 28.87 303.218934  -2.600085 12.393
 72     8.363 54733.07547814 29.47 303.218204  -2.596785 12.393
 72     8.525 54733.07547878 29.25 303.217474  -2.593475 12.393
 72     8.624 54733.07547943 30.60 303.216754  -2.590175 12.393
 72     8.778 54733.07548007 29.35 303.216024  -2.586865 12.393
 72    11.653 54733.07548072 31.45 303.215294  -2.583565 12.393
 73     6.583 54768.07546654 27.50 303.227310  -2.633957  9.461
 73     6.461 54768.07546719 23.96 303.226580  -2.630657  9.461
 73     6.030 54768.07546783 24.36 303.225860  -2.627347  9.461
 73     6.394 54768.07546848 21.16 303.225130  -2.624047  9.461
 73     6.332 54768.07546912 20.96 303.224400  -2.620737  9.461
 73     6.074 54768.07546977 21.44 303.223670  -2.617437  9.461
 73     4.843 54768.07547041 22.44 303.222950  -2.614127  9.461
 73     5.396 54768.07547105 22.84 303.222220  -2.610827  9.461
 73     5.769 54768.07547170 22.57 303.221490  -2.607517  9.461
 73     5.995 54768.07547234 22.73 303.220767  -2.604220 19.242
 73     6.070 54768.07547299 23.67 303.220037  -2.600910 19.242
 73     6.437 54768.07547363 23.73 303.219307  -2.597610 19.242
 73     6.738 54768.07547428 23.88 303.218587  -2.594300 19.242
 73     6.965 54768.07547492 23.69 303.217857  -2.591000 19.242
 73     8.093 54768.07547557 24.30 303.217127  -2.587690 19.242
 73     8.351 54768.07547621 32.70 303.216397  -2.584390 19.242
 74     7.695 54803.07546392 29.79 303.225729  -2.634969 15.825
 74     9.120 54803.07546456 25.09 303.224999  -2.631659 15.825
 74     7.128 54803.07546521 23.36 303.224279  -2.628359 15.825
 74     8.221 54803.07546585 19.61 303.223549  -2.625049 15.825
 74     7.544 54803.07546650 19.15 303.222819  -2.621749 15.825
 74     7.127 54803.07546714 20.15 303.222089  -2.618439 15.825
 74     6.611 54803.07546778 20.00 303.221369  -2.615139 15.825
 74     6.262 54803.07546843 21.36 303.220639  -2.611839 15.825
 74     6.660 54803.07546907 20.75 303.219911  -2.608525 15.519
 74     7.425 54803.07546972 21.29 303.219181  -2.605225 15.519
 74     7.748 54803.07547036 20.87 303.218461  -2.601925 15.519
 74     7.942 54803.07547101 20.88 303.217731  -2.598615 15.519
 74     8.426 54803.07547165 21.74 303.217001  -2.595315 15.519
 74     9.091 54803.07547230 20.94 303.216271  -2.592005 15.519
 74     7.566 54803.07547294 22.13 303.215551  -2.588705 15.519
 74    10.517 54803.07547359 23.70 303.214821  -2.585395 15.519
 74    10.647 54803.07547423 34.36 303.214091  -2.582095 15.519
 75     9.331 54838.07546039 27.72 303.226494  -2.632638 13.529
 75     9.257 54838.07546104 25.34 303.225764  -2.629328 13.529
 75     9.292 54838.07546168 23.04 303.225044  -2.626028 13.529
 75     9.396 54838.07546233 23.72 303.224314  -2.622718 13.529
 75     9.518 54838.07546297 21.67 303.223584  -2.619418 13.529
 75     9.638 54838.07546361 21.47 303.222854  -2.616108 13.529
 75     9.617 54838.07546426 21.56 303.222134  -2.612808 13.529
 75     9.579 54838.07546490 20.58 303.221404  -2.609498 13.529
 75     9.523 54838.07546555 21.49 303.220679  -2.606192 13.948
 75     9.555 54838.07546619 21.42 303.219949  -2.602892 13.948
 75     9.624 54838.07546684 20.68 303.219219  -2.599592 13.948
 75     9.587 54838.07546748 20.77 303.218499  -2.596282 13.948
 75     9.597 54838.07546813 21.17 303.217769  -2.592982 13.948
 75     9.521 54838.07546877 22.46 303.217039  -2.589672 13.948
 75     9.914 54838.07546942 21.94 303.216319  -2.586372 13.948
 75     9.986 54838.07547006 35.02 303.215589  -2.583062 13.948
 76    11.566 54873.07546377 28.65 303.226105  -2.633794 18.696
 76    11.320 54873.07546441 28.59 303.225385  -2.630494 18.696
 76    11.196 54873.07546505 24.80 303.224655  -2.627184 18.696
 76    10.796 54873.07546570 25.41 303.223925  -2.623884 18.696
 76     9.949 54873.07546634 24.30 303.223195  -2.620574 18.696
 76     9.574 54873.07546699 21.79 303.222475  -2.617274 18.696
 76     8.561 54873.07546763 21.53 303.221745  -2.613964 18.696
 76    10.974 54873.07546828 19.58 303.221017  -2.610667 19.067
 76    11.141 54873.07546892 18.88 303.220287  -2.607357 19.067
 76    11.275 54873.07546957 17.83 303.219557  -2.604057 19.067
 76    11.375 54873.07547021 17.71 303.218837  -2.600747 19.067
 76    11.404 54873.07547086 17.79 303.218107  -2.597447 19.067
 76    11.339 54873.07547150 17.63 303.217377  -2.594137 19.067
 76    11.230 54873.07547215 18.50 303.216657  -2.590837 19.067
 76    11.561 54873.07547279 20.21 303.215927  -2.587527 19.067
 76    11.703 54873.07547344 26.66 303.215197  -2.584227 19.067
 77    13.153 54908.07546676 37.48 303.224664  -2.633796 20.311
 77    12.976 54908.07546741 34.64 303.223934  -2.630496 20.311
 77    12.739 54908.07546805 32.27 303.223214  -2.627186 20.311
 77    12.232 54908.07546870 31.67 303.222484  -2.623886 20.311
 77    11.652 54908.07546934 29.62 303.221754  -2.620576 20.311
 77    11.105 54908.07546998 27.53 303.221024  -2.617276 20.311
 77    12.433 54908.07547063 27.00 303.220304  -2.613966 20.311
 77    12.805 54908.07547127 25.01 303.219574  -2.610666 20.311
 77    12.724 54908.07547192 24.51 303.218844  -2.607366 20.311
 77    12.940 54908.07547256 22.29 303.218125  -2.604051 25.955
 77    12.899 54908.07547321 22.81 303.217395  -2.600751 25.955
 77    12.981 54908.07547385 22.84 303.216665  -2.597441 25.955
 77    13.184 54908.07547450 22.12 303.215945  -2.594141 25.955
 77    13.093 54908.07547514 22.99 303.215215  -2.590841 25.955
 77    13.185 54908.07547579 25.08 303.214485  -2.587531 25.955
 77    13.317 54908.07547643 32.87 303.213755  -2.584231 25.955
 78    14.087 54943.07545678 36.61 303.225086  -2.633320 22.265
 78    13.765 54943.07545743 34.43 303.224366  -2.630020 22.265
 78    13.476 54943.07545807 30.79 303.223636  -2.626710 22.265
 78    12.923 54943.07545872 30.84 303.222906  -2.623410 22.265
 78    12.179 54943.07545936 27.76 303.222186  -2.620100 22.265
 78    11.384 54943.07546001 27.04 303.221456  -2.616800 22.265
 78    10.221 54943.07546065 26.40 303.220726  -2.613500 22.265
 78     9.018 54943.07546130 26.29 303.219998  -2.610186 25.576
 78     9.586 54943.07546194 25.02 303.219268  -2.606886 25.576
 78    10.915 54943.07546258 23.42 303.218548  -2.603576 25.576
 78    11.714 54943.07546323 24.92 303.217818  -2.600276 25.576
 78    12.570 54943.07546387 26.31 303.217088  -2.596966 25.576
 78    13.072 54943.07546452 29.33 303.216358  -2.593666 25.576
 78    13.689 54943.07546516 30.31 303.215638  -2.590366 25.576
 78    13.921 54943.07546581 33.84 303.214908  -2.587056 25.576
 78    14.072 54943.07546645 36.55 303.214178  -2.583756 25.576
 79    14.656 54978.07548443 37.80 303.225148  -2.633913 24.542
 79    14.493 54978.07548507 35.97 303.224418  -2.630613 24.542
 79    13.942 54978.07548572 34.06 303.223688  -2.627303 24.542
 79    13.515 54978.07548636 32.52 303.222958  -2.624003 24.542
 79    12.751 54978.07548701 31.86 303.222238  -2.620693 24.542
 79    11.870 54978.07548765 31.49 303.221508  -2.617393 24.542
 79    10.957 54978.07548830 28.09 303.220778  -2.614083 24.542
 79     9.797 54978.07548894 28.05 303.220053  -2.610786 23.447
 79     9.507 54978.07548959 26.65 303.219323  -2.607476 23.447
 79    10.781 54978.07549023 25.32 303.218593  -2.604176 23.447
 79    12.213 54978.07549088 23.83 303.217873  -2.600866 23.447
 79    13.017 54978.07549152 24.40 303.217143  -2.597566 23.447
 79    13.784 54978.07549217 25.33 303.216413  -2.594256 23.447
 79    14.192 54978.07549281 27.81 303.215693  -2.590956 23.447
 79    14.348 54978.07549346 30.28 303.214963  -2.587646 23.447
 79    14.567 54978.07549410 32.76 303.214233  -2.584346 23.447
 80    14.330 55013.07549072 25.95 303.225593  -2.632513 22.521
 80    13.939 55013.07549136 23.86 303.224863  -2.629203 22.521
 80    13.416 55013.07549201 22.33 303.224143  -2.625903 22.521
 80    12.527 55013.07549265 22.10 303.223413  -2.622593 22.521
 80    11.535 55013.07549330 20.98 303.222683  -2.619293 22.521
 80    11.575 55013.07549394 19.71 303.221963  -2.615983 22.521
 80    10.205 55013.07549459 19.46 303.221233  -2.612683 22.521
 80     9.764 55013.07549523 19.42 303.220503  -2.609383 22.521
 80    13.329 55013.07549588 19.02 303.219779  -2.606077 25.740
 80    11.619 55013.07549652 21.21 303.219049  -2.602767 25.740
 80    12.609 55013.07549717 22.35 303.218319  -2.599467 25.740
 80    13.354 55013.07549781 24.34 303.217599  -2.596157 25.740
 80    13.946 55013.07549845 25.04 303.216869  -2.592857 25.740
 80    14.143 55013.07549910 28.66 303.216139  -2.589547 25.740
 80    14.543 55013.07549974 31.01 303.215409  -2.586247 25.740
 80    14.696 55013.07550039 33.91 303.214689  -2.582937 25.740
 81    13.585 55048.07548333 35.28 303.226843  -2.633155 22.646
 81    13.305 55048.07548397 32.47 303.226113  -2.629845 22.646
 81    12.930 55048.07548462 31.55 303.225393  -2.626545 22.646
 81    12.192 55048.07548526 30.73 303.224663  -2.623235 22.646
 81    11.435 55048.07548591 26.80 303.223933  -2.619935 22.646
 81    10.439 55048.07548655 27.07 303.223213  -2.616625 22.646
 81     9.519 55048.07548719 25.76 303.222483  -2.613325 22.646
 81     8.588 55048.07548784 24.82 303.221753  -2.610025 22.646
 81     9.264 55048.07548848 23.78 303.221028  -2.606710 29.101
 81    10.895 55048.07548913 22.55 303.220298  -2.603410 29.101
 81    12.216 55048.07548977 22.14 303.219568  -2.600110 29.101
 81    12.671 55048.07549042 24.08 303.218848  -2.596800 29.101
 81    13.062 55048.07549106 25.15 303.218118  -2.593500 29.101
 81    13.372 55048.07549171 28.27 303.217388  -2.590190 29.101
 81    13.695 55048.07549235 30.22 303.216658  -2.586890 29.101
 81    13.904 55048.07549300 36.25 303.215938  -2.583580 29.101
 82    11.785 55083.07545375 26.88 303.226372  -2.633989 18.524
 82    11.685 55083.07545439 23.11 303.225642  -2.630689 18.524
 82    11.389 55083.07545504 21.47 303.224922  -2.627379 18.524
 82    11.062 55083.07545568 19.24 303.224192  -2.624079 18.524
 82    10.553 55083.07545633 17.69 303.223462  -2.620769 18.524
 82    10.780 55083.07545697 17.40 303.222732  -2.617469 18.524
 82    11.313 55083.07545762 16.42 303.222012  -2.614159 18.524
 82    11.201 55083.07545826 16.01 303.221282  -2.610859 18.524
 82    11.402 55083.07545891 15.71 303.220552  -2.607549 18.524
 82    11.406 55083.07545955 15.77 303.219834  -2.604252 27.113
 82    11.491 55083.07546020 15.52 303.219104  -2.600942 27.113
 82    11.511 55083.07546084 15.62 303.218374  -2.597642 27.113
 82    11.421 55083.07546149 16.01 303.217654  -2.594332 27.113
 82    11.520 55083.07546213 16.83 303.216924  -2.591032 27.113
 82    11.814 55083.07546278 22.57 303.216194  -2.587722 27.113
 82    12.004 55083.07546342 31.89 303.215464  -2.584422 27.113
 83    10.708 55118.07541490 17.40 303.227620  -2.633381 13.160
 83     9.913 55118.07541555 17.52 303.226890  -2.630071 13.160
 83     9.225 55118.07541619 16.79 303.226170  -2.626771 13.160
 83     8.720 55118.07541684 15.85 303.225440  -2.623461 13.160
 83     7.556 55118.07541748 15.66 303.224710  -2.620161 13.160
 83     7.235 55118.07541813 15.46 303.223980  -2.616851 13.160
 83     7.379 55118.07541877 14.05 303.223260  -2.613551 13.160
 83     7.266 55118.07541942 14.62 303.222530  -2.610241 13.160
 83     7.297 55118.07542006 14.27 303.221802  -2.606935 18.271
 83     7.404 55118.07542071 13.62 303.221072  -2.603635 18.271
 83     7.471 55118.07542135 14.31 303.220352  -2.600335 18.271
 83     7.902 55118.07542200 15.52 303.219622  -2.597025 18.271
 83     8.727 55118.07542264 15.60 303.218892  -2.593725 18.271
 83     9.376 55118.07542329 19.06 303.218162  -2.590415 18.271
 83     9.922 55118.07542393 21.01 303.217442  -2.587115 18.271
 83    10.041 55118.07542457 30.39 303.216712  -2.583805 18.271
 84     5.917 55153.07541163 25.92 303.225529  -2.633602 10.162
 84     9.279 55153.07541227 21.98 303.224799  -2.630302 10.162
 84     8.511 55153.07541292 19.98 303.224079  -2.626992 10.162
 84     5.389 55153.07541356 20.45 303.223349  -2.623692 10.162
 84     4.566 55153.07541421 21.28 303.222619  -2.620382 10.162
 84     3.541 55153.07541485 22.49 303.221889  -2.617082 10.162
 84     3.448 55153.07541550 23.58 303.221169  -2.613772 10.162
 84     4.349 55153.07541614 23.73 303.220439  -2.610472 10.162
 84     4.735 55153.07541679 24.78 303.219709  -2.607162 10.162
 84     5.394 55153.07541743 24.41 303.218987  -2.603866 14.946
 84     5.665 55153.07541808 25.38 303.218257  -2.600556 14.946
 84     5.801 55153.07541872 26.70 303.217527  -2.597256 14.946
 84     5.941 55153.07541937 27.20 303.216807  -2.593946 14.946
 84     6.058 55153.07542001 28.18 303.216077  -2.590646 14.946
 84     6.091 55153.07542066 27.01 303.215347  -2.587336 14.946
 84    11.039 55153.07542130 27.49 303.214617  -2.584036 14.946
 85     9.153 55188.07540320 21.69 303.225495  -2.632864 14.340
 85     9.397 55188.07540385 20.62 303.224775  -2.629564 14.340
 85     9.353 55188.07540449 16.67 303.224045  -2.626254 14.340
 85     8.065 55188.07540514 15.84 303.223315  -2.622954 14.340
 85     7.788 55188.07540578 15.46 303.222585  -2.619644 14.340
 85     7.145 55188.07540643 15.24 303.221865  -2.616344 14.340
 85     7.016 55188.07540707 15.50 303.221135  -2.613034 14.340
 85     6.939 55188.07540772 15.20 303.220407  -2.609739 17.538
 85     7.070 55188.07540836 14.99 303.219677  -2.606429 17.538
 85     7.520 55188.07540901 15.06 303.218957  -2.603129 17.538
 85     7.581 55188.07540965 14.51 303.218227  -2.599819 17.538
 85     8.568 55188.07541029 15.75 303.217497  -2.596519 17.538
 85     8.233 55188.07541094 15.13 303.216767  -2.593209 17.538
 85     9.985 55188.07541158 16.15 303.216047  -2.589909 17.538
 85    10.795 55188.07541223 16.50 303.215317  -2.586599 17.538
 85    10.948 55188.07541287 31.36 303.214587  -2.583299 17.538
 86     9.295 55223.07541114 26.90 303.225657  -2.632757  9.839
 86     9.209 55223.07541178 27.23 303.224937  -2.629447  9.839
 86     9.275 55223.07541243 26.85 303.224207  -2.626147  9.839
 86     9.300 55223.07541307 26.50 303.223477  -2.622837  9.839
 86     9.335 55223.07541372 26.02 303.222747  -2.619537  9.839
 86     9.414 55223.07541436 26.25 303.222027  -2.616227  9.839
 86     9.238 55223.07541501 26.70 303.221297  -2.612927  9.839
 86     9.163 55223.07541565 26.87 303.220567  -2.609617  9.839
 86     9.171 55223.07541630 26.59 303.219844  -2.606320 11.423
 86     9.215 55223.07541694 26.41 303.219114  -2.603010 11.423
 86     9.195 55223.07541758 26.38 303.218384  -2.599710 11.423
 86     9.361 55223.07541823 26.22 303.217664  -2.596400 11.423
 86     9.343 55223.07541887 26.30 303.216934  -2.593100 11.423
 86     9.430 55223.07541952 26.34 303.216204  -2.589790 11.423
 86     9.480 55223.07542016 26.24 303.215474  -2.586490 11.423
 86    10.939 55223.07542081 31.53 303.214754  -2.583180 11.423
 87    10.660 55258.07539827 35.04 303.227574  -2.634644 13.433
 87    10.462 55258.07539892 30.05 303.226844  -2.631334 13.433
 87    10.283 55258.07539956 28.61 303.226124  -2.628034 13.433
 87    10.498 55258.07540021 25.71 303.225394  -2.624724 13.433
 87    10.595 55258.07540085 24.92 303.224664  -2.621424 13.433
 87    10.622 55258.07540150 24.99 303.223934  -2.618114 13.433
 87    10.559 55258.07540214 24.81 303.223214  -2.614814 13.433
 87    10.536 55258.07540279 24.25 303.222484  -2.611514 13.433
 87    10.557 55258.07540343 23.90 303.221758  -2.608199 18.389
 87    10.646 55258.07540408 23.95 303.221028  -2.604899 18.389
 87    10.647 55258.07540472 24.35 303.220308  -2.601599 18.389
 87    10.703 55258.07540537 23.64 303.219578  -2.598289 18.389
 87    10.702 55258.07540601 23.98 303.218848  -2.594989 18.389
 87    10.687 55258.07540666 24.12 303.218118  -2.591679 18.389
 87    10.723 55258.07540730 24.48 303.217398  -2.588379 18.389
 87    10.847 55258.07540794 29.49 303.216668  -2.585069 18.389
 88    11.662 55293.07539855 28.32 303.225670  -2.632729 17.176
 88    11.384 55293.07539920 26.28 303.224940  -2.629429 17.176
 88    10.941 55293.07539984 25.43 303.224210  -2.626119 17.176
 88    10.795 55293.07540049 21.97 303.223490  -2.622819 17.176
 88    10.213 55293.07540113 22.50 303.222760  -2.619509 17.176
 88     9.392 55293.07540178 23.50 303.222030  -2.616209 17.176
 88     8.412 55293.07540242 24.94 303.221310  -2.612899 17.176
 88     9.323 55293.07540306 24.51 303.220580  -2.609599 17.176
 88    10.036 55293.07540371 23.83 303.219850  -2.606289 17.176
 88    11.043 55293.07540435 24.68 303.219130  -2.602994 25.815
 88    11.191 55293.07540500 26.33 303.218400  -2.599684 25.815
 88    11.581 55293.07540564 26.02 303.217670  -2.596384 25.815
 88    11.876 55293.07540629 29.57 303.216950  -2.593074 25.815
 88    11.997 55293.07540693 31.64 303.216220  -2.589774 25.815
 88    11.921 55293.07540758 32.52 303.215490  -2.586464 25.815
 88    11.862 55293.07540822 41.40 303.214760  -2.583164 25.815
 89    13.309 55328.07538276 40.44 303.224248  -2.634336 15.712
 89    12.988 55328.07538341 34.65 303.223518  -2.631026 15.712
 89    12.729 55328.07538405 33.28 303.222798  -2.627726 15.712
 89    12.606 55328.07538470 30.16 303.222068  -2.624416 15.712
 89    12.476 55328.07538534 28.99 303.221338  -2.621116 15.712
 89    12.827 55328.07538599 27.57 303.220618  -2.617806 15.712
 89    13.003 55328.07538663 26.26 303.219888  -2.614506 15.712
 89    13.047 55328.07538728 25.89 303.219158  -2.611196 15.712
 89    13.077 55328.07538792 24.84 303.218433  -2.607900 21.728
 89    13.109 55328.07538857 23.68 303.217703  -2.604590 21.728
 89    13.093 55328.07538921 23.84 303.216973  -2.601290 21.728
 89    13.105 55328.07538986 23.73 303.216253  -2.597980 21.728
 89    13.057 55328.07539050 23.35 303.215523  -2.594680 21.728
 89    13.044 55328.07539115 23.88 303.214793  -2.591370 21.728
 89    13.142 55328.07539179 24.77 303.214063  -2.588070 21.728
 89    13.249 55328.07539244 30.26 303.213343  -2.584760 21.728
 90    12.941 55363.07537803 32.78 303.226020  -2.632710 19.559
 90    12.899 55363.07537868 30.65 303.225290  -2.629400 19.559
 90    12.548 55363.07537932 26.25 303.224570  -2.626100 19.559
 90    12.103 55363.07537997 24.16 303.223840  -2.622790 19.559
 90    11.358 55363.07538061 22.48 303.223110  -2.619490 19.559
 90    10.388 55363.07538126 22.09 303.222390  -2.616180 19.559
 90     9.331 55363.07538190 20.65 303.221660  -2.612880 19.559
 90    12.557 55363.07538255 17.90 303.220930  -2.609570 19.559
 90    11.977 55363.07538319 18.22 303.220208  -2.606273 25.530
 90    12.770 55363.07538384 16.71 303.219478  -2.602963 25.530
 90    12.892 55363.07538448 16.51 303.218748  -2.599663 25.530
 90    12.239 55363.07538513 18.64 303.218028  -2.596353 25.530
 90    12.604 55363.07538577 19.75 303.217298  -2.593053 25.530
 90    12.975 55363.07538642 23.62 303.216568  -2.589743 25.530
 90    13.197 55363.07538706 27.02 303.215838  -2.586443 25.530
 90    13.417 55363.07538771 39.25 303.215118  -2.583133 25.530
 91    12.437 55398.07538612 29.81 303.226391  -2.634900 17.156
 91    12.287 55398.07538676 27.12 303.225661  -2.631590 17.156
 91    12.209 55398.07538741 22.79 303.224941  -2.628290 17.156
 91    12.294 55398.07538805 21.30 303.224211  -2.624980 17.156
 91    12.284 55398.07538870 20.41 303.223481  -2.621680 17.156
 91    12.133 55398.07538934 20.56 303.222751  -2.618370 17.156
 91    12.043 55398.07538999 21.29 303.222031  -2.615070 17.156
 91    11.893 55398.07539063 21.94 303.221301  -2.611770 17.156
 91    11.968 55398.07539128 21.87 303.220573  -2.608456 24.578
 91    11.984 55398.07539192 22.03 303.219843  -2.605156 24.578
 91    12.084 55398.07539257 21.51 303.219113  -2.601856 24.578
 91    12.066 55398.07539321 21.82 303.218393  -2.598546 24.578
 91    12.109 55398.07539385 22.66 303.217663  -2.595246 24.578
 91    12.056 55398.07539450 23.67 303.216933  -2.591936 24.578
 91    12.407 55398.07539514 23.93 303.216203  -2.588636 24.578
 91    12.580 55398.07539579 25.45 303.215483  -2.585326 24.578
 92    10.299 55433.07539319 32.91 303.228621  -2.635892 15.840
 92    10.195 55433.07539383 24.96 303.227891  -2.632592 15.840
 92     9.972 55433.07539448 24.40 303.227171  -2.629282 15.840
 92     9.581 55433.07539512 22.63 303.226441  -2.625982 15.840
 92     8.926 55433.07539576 22.50 303.225711  -2.622672 15.840
 92     7.869 55433.07539641 22.86 303.224981  -2.619372 15.840
 92     7.190 55433.07539705 21.71 303.224261  -2.616062 15.840
 92     6.394 55433.07539770 21.97 303.223531  -2.612762 15.840
 92     9.835 55433.07539834 19.36 303.222801  -2.609462 15.840
 92    10.007 55433.07539899 17.89 303.222077  -2.606156 20.748
 92     9.994 55433.07539963 18.08 303.221347  -2.602846 20.748
 92    10.026 55433.07540028 17.65 303.220617  -2.599546 20.748
 92     9.689 55433.07540092 21.23 303.219897  -2.596236 20.748
 92    10.150 55433.07540157 20.23 303.219167  -2.592936 20.748
 92    10.369 55433.07540221 20.65 303.218437  -2.589626 20.748
 92    10.550 55433.07540286 23.67 303.217707  -2.586326 20.748
 92    10.539 55433.07540350 37.44 303.216987  -2.583016 20.748
 93     5.593 55468.07535133 19.48 303.227108  -2.632601  8.286
 93     8.811 55468.07535198 19.95 303.226378  -2.629301  8.286
 93     8.760 55468.07535262 19.75 303.225658  -2.625991  8.286
 93     7.740 55468.07535327 16.93 303.224928  -2.622691  8.286
 93     5.788 55468.07535391 16.33 303.224198  -2.619381  8.286
 93     5.535 55468.07535455 17.02 303.223478  -2.616081  8.286
 93     5.321 55468.07535520 16.77 303.222748  -2.612771  8.286
 93     5.520 55468.07535584 15.55 303.222018  -2.609471  8.286
 93     5.421 55468.07535649 15.94 303.221298  -2.606161  8.286
 93     5.535 55468.07535713 16.59 303.220561  -2.602862 18.806
 93     5.968 55468.07535778 17.30 303.219841  -2.599552 18.806
 93     7.348 55468.07535842 17.31 303.219111  -2.596252 18.806
 93     8.559 55468.07535907 18.73 303.218391  -2.592942 18.806
 93     9.194 55468.07535971 19.56 303.217661  -2.589642 18.806
 93     7.889 55468.07536036 28.76 303.216931  -2.586332 18.806
 93     8.106 55468.07536100 35.50 303.216201  -2.583032 18.806
