#    0.000   0.000   0.000 ;Mean Elev.(m), Avg Gradient(m/km), RMS Gradient(m/km) - SRTM1     
#    0.000   0.000   0.000 ;Mean Elev.(m), Avg Gradient(m/km), RMS Gradient(m/km) - ASTER GDEM
#    4.490  -0.352   3.339 ;Mean Elev.(m), Avg Gradient(m/km), RMS Gradient(m/km) - GMTED2010 
  7 302.042165  -2.814946    15.786    15.814 13 52475.57656133 34.778
  8 302.052766  -2.812470    14.315    14.272 14 52510.57651655 21.508
 10 302.046154  -2.813528     7.854     7.431 13 52580.57655860 37.636
 11 302.043595  -2.814927     7.340     6.979 13 52615.57652791 25.693
 12 302.052749  -2.811943    11.131    11.139 13 52650.57650489 16.649
 13 302.052275  -2.812282    11.764    11.753 13 52685.57649230 18.266
 15 302.034590  -2.818280    13.724    13.662 13 52755.57656855 24.649
 16 302.047684  -2.813944    15.467    15.587 13 52790.57651606 26.801
 17 302.050018  -2.813514    15.610    15.655 13 52825.57658556 31.036
 18 302.052282  -2.811512    14.663    14.635 13 52860.57663093 22.349
 19 302.045061  -2.814521    11.965    12.261 13 52895.57666226 21.379
 20 302.044664  -2.814123     9.660     9.054 13 52930.57661091 18.695
 21 302.050633  -2.812936     9.080     8.799 13 52965.57660402 32.553
 23 302.044517  -2.815542    11.538    11.542 13 53035.57658664 19.636
 24 302.047332  -2.814480    11.974    11.998 13 53070.57660649 15.779
 25 302.044377  -2.814530    13.069    12.957 13 53105.57658763 25.942
 26 302.048998  -2.812307    14.270    14.416 13 53140.57661219 25.164
 27 302.047659  -2.813086    14.571    14.624 13 53175.57664499 23.525
 28 302.045524  -2.813872    13.880    13.923 13 53210.57666363 23.717
 29 302.049357  -2.812918    12.771    12.726 14 53245.57663118 26.748
 30 302.045410  -2.813820    10.311    10.194 13 53280.57661502 28.222
 31 302.048072  -2.812851     9.493     9.430 13 53315.57663026 28.650
 32 302.051915  -2.811647     9.418     9.423 14 53350.57659565 44.616
 33 302.047354  -2.812508    10.650    10.714 13 53385.57657734 18.120
 34 302.056344  -2.809794    11.698    11.691 14 53420.57658104 17.603
 35 302.051090  -2.811734    14.541    14.601 14 53455.57658703 29.642
 36 302.039435  -2.816503    15.039    15.132 12 53490.57667313 21.710
 37 302.051787  -2.812302    14.663    14.915 14 53525.57665598 27.367
 38 302.040133  -2.816661    14.458    14.467 13 53560.57668530 24.325
 39 302.054328  -2.809919    12.413    12.447 14 53595.57662189 22.270
 40 302.041718  -2.815032     8.293     8.066 13 53630.57661689 27.992
 41 302.043147  -2.815745     6.529     6.255 13 53665.57664049 30.798
 42 302.050684  -2.812592     8.142     8.077 14 53700.57659286 24.464
 43 302.053577  -2.811430     9.970    10.048 13 53735.57651454 27.954
 44 302.053978  -2.811698    12.606    12.585 14 53770.57650435 23.083
 45 302.052283  -2.812362    13.926    14.242 14 53805.57649719 25.722
 47 302.050097  -2.811797    14.955    15.113 13 53875.57656407 23.875
 48 302.041460  -2.816188    16.595    16.658 12 53910.57661242 38.669
 49 302.038268  -2.816003    14.932    14.960 13 53945.57663232 36.751
 50 302.046089  -2.814494    11.958    11.929 13 53980.57657850 20.317
 51 302.049753  -2.812273     9.340     9.417 13 54015.57659718 31.269
 52 302.056092  -2.809755     8.533     8.664 14 54050.57659841 24.987
 53 302.048678  -2.813684     9.651     9.683 13 54085.57659132 27.260
 54 302.048686  -2.813188    11.387    11.556 13 54120.57651751 19.962
 55 302.047013  -2.813899    12.653    12.671 14 54155.57654961 23.700
 56 302.048668  -2.812882    12.615    12.622 13 54190.57651473 21.693
 57 302.046921  -2.814629    15.116    15.169 13 54225.57656009 33.817
 58 302.048405  -2.813781    14.582    14.694 13 54260.57658038 25.573
 59 302.048937  -2.813044    15.294    15.347 14 54295.57658466 29.602
 60 302.050450  -2.812236    14.047    14.063 13 54330.57657655 27.861
 61 302.048744  -2.812914    10.083    10.014 13 54365.57652091 35.113
 62 302.049567  -2.813409     8.906     8.907 13 54400.57651876 26.824
 63 302.048527  -2.813762     8.959     8.813 13 54435.57647618 29.781
 64 302.050527  -2.812699    10.825    10.905 14 54470.57650245 25.012
 65 302.049049  -2.812383    12.923    12.884 13 54505.57648946 22.158
 66 302.050205  -2.811630    14.502    14.496 13 54540.57651694 24.362
 67 302.049274  -2.813451    14.268    14.548 13 54575.57649037 31.689
 68 302.048992  -2.812093    14.896    15.087 13 54610.57650912 32.416
 69 302.047486  -2.814611    16.307    16.281 13 54645.57651731 34.918
 70 302.047861  -2.813460    14.787    14.692 14 54680.57651798 23.115
 71 302.050213  -2.812431    12.214    12.347 14 54715.57646803 24.497
 72 302.047300  -2.813857     9.461     9.644 13 54750.57648959 33.927
 73 302.048920  -2.813133     8.574     8.578 13 54785.57645747 42.778
 74 302.048848  -2.812842    10.316    10.395 14 54820.57648194 29.533
 75 302.049552  -2.812503    12.577    12.491 13 54855.57645378 28.158
 76 302.046425  -2.814004    13.823    13.970 13 54890.57648676 23.263
 77 302.047204  -2.813520    15.853    15.912 13 54925.57645230 32.269
 78 302.046847  -2.814528    15.752    15.926 13 54960.57648421 29.008
 79 302.045314  -2.815210    16.244    16.681 13 54995.57650652 29.374
 80 302.047822  -2.813525    16.845    16.852 13 55030.57649571 31.629
 81 302.049240  -2.813897    14.777    14.800 13 55065.57648589 22.108
 82 302.046922  -2.814783    12.086    12.157 13 55100.57642917 23.324
 83 302.048116  -2.813103     9.981    10.060 14 55135.57643167 29.688
 84 302.049340  -2.813360     8.556     8.501 14 55170.57639442 22.186
 85 302.047852  -2.813701    10.674    10.691 14 55205.57642504 31.022
 86 302.047927  -2.812193    11.963    12.080 13 55240.57640085 23.516
 87 302.048072  -2.812691    13.006    13.069 13 55275.57641839 23.652
 88 302.049367  -2.812713    14.797    14.760 13 55310.57638409 25.021
 89 302.049392  -2.813227    14.709    14.688 13 55345.57638768 33.177
 90 302.048653  -2.812909    15.136    15.263 14 55380.57638075 29.873
 91 302.048611  -2.813420    13.632    13.607 13 55415.57640686 19.157
 92 302.049733  -2.812792    10.354    10.414 14 55450.57639225 30.591
 93 302.050109  -2.812405     8.127     7.971 14 55485.57631703 23.569
