#    0.000   0.000   0.000 ;Mean Elev.(m), Avg Gradient(m/km), RMS Gradient(m/km) - SRTM1     
#    0.000   0.000   0.000 ;Mean Elev.(m), Avg Gradient(m/km), RMS Gradient(m/km) - ASTER GDEM
#    1.088  -0.129   3.021 ;Mean Elev.(m), Avg Gradient(m/km), RMS Gradient(m/km) - GMTED2010 
  7 303.587600  -2.328621    12.001    12.092 43 52472.57247185 22.686
  8 303.595632  -2.310322    11.210    11.196 34 52507.57244152 19.695
  9 303.604735  -2.301003   331.821   331.740 29 52542.57242210 15.433
 10 303.587441  -2.328860     6.505     5.800 42 52577.57247878 15.056
 11 303.589757  -2.326140     7.064     6.953 42 52612.57244240 18.894
 12 303.597035  -2.308913     8.144     7.994 33 52647.57242278 20.621
 13 303.605289  -2.303283     9.134     9.028 30 52682.57239378 16.764
 14 303.589303  -2.326607     9.998     9.961 42 52717.57245696 30.224
 15 303.577916  -2.337966    10.986    11.154 41 52752.57248422 23.337
 16 303.590664  -2.325188    11.573    11.878 43 52787.57242658 24.907
 17 303.595259  -2.310888    12.349    12.320 34 52822.57249608 30.749
 18 303.598832  -2.307658    10.977    11.085 33 52857.57254229 20.225
 19 303.588241  -2.327849    10.180    10.171 43 52892.57257841 17.703
 20 303.589783  -2.326606     7.302     7.161 42 52927.57252976 21.986
 21 303.603669  -2.303518     7.360     6.934 31 52962.57249789 14.201
 22 303.588039  -2.327883     6.909     6.740 42 52997.57254374 12.865
 23 303.590627  -2.325717     8.688     8.737 43 53032.57250031 21.025
 24 303.598578  -2.307444     9.722     9.821 33 53067.57250829 32.958
 25 303.588740  -2.328231    10.695    10.747 42 53102.57250383 21.748
 26 303.600590  -2.305097    10.875    11.198 31 53137.57251046 24.377
 27 303.589942  -2.326602    11.258    11.403 42 53172.57256103 20.496
 28 303.590163  -2.326311    11.180    11.184 42 53207.57257596 32.797
 29 303.599128  -2.308116     9.908     9.891 32 53242.57253974 19.431
 30 303.595169  -2.311148     8.403     8.077 35 53277.57251458 16.225
 31 303.589654  -2.326015     7.308     6.987 42 53312.57255141 11.887
 32 303.597826  -2.308367     6.106     6.598 33 53347.57251366 45.320
 33 303.596804  -2.309331     7.864     7.975 34 53382.57247859 13.783
 34 303.604459  -2.303165     9.061     8.995 30 53417.57249140 16.976
 35 303.597746  -2.308546    10.433    10.494 33 53452.57249359 26.955
 36 303.582644  -2.333563    10.816    10.771 41 53487.57258364 25.670
 37 303.598557  -2.309203    11.660    11.793 33 53522.57256901 25.940
 38 303.583373  -2.332922    11.172    11.376 42 53557.57259961 23.412
 39 303.605056  -2.302934    10.148    10.137 30 53592.57253026 27.186
 40 303.584222  -2.331397     6.814     6.534 42 53627.57252677 29.506
 41 303.588802  -2.327693     5.409     4.384 43 53662.57255126 13.599
 42 303.596541  -2.308734     6.332     5.919 33 53697.57251204 22.020
 43 303.600981  -2.306684     7.933     7.499 33 53732.57243407 22.118
 44 303.603076  -2.303504     9.149     9.067 31 53767.57241010 19.414
 45 303.600655  -2.307637    11.683    11.672 32 53802.57241029 27.779
 46 303.594788  -2.311838    11.604    11.679 34 53837.57242363 25.244
 47 303.595778  -2.310812    12.598    12.655 35 53872.57247520 26.098
 48 303.587276  -2.329353    12.234    12.537 42 53907.57251979 25.015
 49 303.580448  -2.335860    11.371    11.534 42 53942.57254775 21.539
 50 303.590370  -2.325237     9.852     9.846 42 53977.57249858 26.707
 51 303.597068  -2.310005     7.397     7.075 33 54012.57250225 13.223
 52 303.603907  -2.302768     6.994     6.838 31 54047.57251169 12.265
 54 303.596746  -2.308958     8.615     8.532 33 54117.57243642 21.349
 55 303.593994  -2.312684     9.883     9.916 34 54152.57245912 24.059
 56 303.596499  -2.309681    10.394    10.390 33 54187.57243044 21.917
 57 303.594206  -2.311833    11.259    11.427 35 54222.57246811 26.915
 58 303.595597  -2.311750    11.877    11.951 34 54257.57249041 27.172
 59 303.597386  -2.309225    11.535    11.579 33 54292.57249280 22.852
 60 303.598682  -2.307539    10.753    10.748 32 54327.57248811 18.315
 61 303.596780  -2.310280     8.493     8.166 33 54362.57243787 15.734
 62 303.598078  -2.308024     7.080     6.556 33 54397.57242831 14.965
 63 303.598616  -2.307279     6.685     6.739 33 54432.57238723 44.549
 64 303.598701  -2.307174     8.413     8.190 33 54467.57240984 18.242
 65 303.597393  -2.308811     9.763     9.527 33 54502.57240286 23.299
 66 303.598073  -2.308028    10.514    10.963 33 54537.57242539 25.660
 67 303.597973  -2.308222    12.147    12.287 33 54572.57240362 27.442
 68 303.595974  -2.309848    12.755    12.927 34 54607.57241911 36.100
 69 303.595645  -2.310067    12.618    12.741 34 54642.57242808 28.460
 70 303.594715  -2.311172    11.955    11.970 35 54677.57242983 26.180
 71 303.598906  -2.308044     9.813     9.719 33 54712.57238299 17.773
 72 303.595007  -2.311031     7.189     6.757 35 54747.57239918 28.611
 73 303.597739  -2.308531     6.419     6.075 33 54782.57236993 21.079
 74 303.596658  -2.308490     7.983     7.595 33 54817.57239082 13.855
 75 303.597304  -2.309329     8.958     8.960 33 54852.57236750 25.280
 76 303.594209  -2.311383    10.955    11.474 34 54887.57239647 23.295
 77 303.594552  -2.311364    11.885    11.912 34 54922.57236783 27.406
 78 303.594463  -2.312116    12.865    12.844 34 54957.57239223 29.626
 79 303.589618  -2.327117    12.713    12.866 42 54992.57241854 28.161
 80 303.596835  -2.309341    12.524    12.677 34 55027.57240531 25.492
 81 303.596872  -2.309510    11.580    11.607 33 55062.57239763 20.322
 82 303.595665  -2.310047     9.738     9.639 34 55097.57234587 17.258
 83 303.595603  -2.309915     6.072     5.768 34 55132.57234183 25.125
 84 303.598469  -2.307926     6.380     5.573 33 55167.57230743 11.701
 85 303.595225  -2.310635     8.049     7.669 34 55202.57233417 18.083
 86 303.595736  -2.309975     8.498     8.682 34 55237.57231572 28.464
 87 303.595561  -2.311679     9.956     9.891 34 55272.57232819 21.977
 88 303.597869  -2.308914    10.962    10.954 33 55307.57229685 26.328
 89 303.597307  -2.308679    11.180    11.643 33 55342.57229726 26.527
 90 303.597031  -2.308979    11.612    11.528 34 55377.57229121 27.188
 91 303.597057  -2.309120    10.323    10.474 34 55412.57231472 21.562
 92 303.597881  -2.307381     8.038     7.926 33 55447.57230508 27.562
 93 303.598230  -2.308199     4.233     4.287 33 55482.57223532 33.837
