#    0.000   0.000   0.000 ;Mean Elev.(m), Avg Gradient(m/km), RMS Gradient(m/km) - SRTM1     
#    0.000   0.000   0.000 ;Mean Elev.(m), Avg Gradient(m/km), RMS Gradient(m/km) - ASTER GDEM
#    4.618  -0.378   3.890 ;Mean Elev.(m), Avg Gradient(m/km), RMS Gradient(m/km) - GMTED2010 
  7 302.452353  -2.409512    14.348    14.467 11 52477.07759052 25.340
  8 302.462371  -2.396139    13.463    13.226  8 52512.07753866 24.362
  9 302.455847  -2.400642    10.639    10.819 10 52547.07757040 25.279
 10 302.457037  -2.401180     7.241     6.734 10 52582.07758260 24.144
 11 302.453089  -2.406694     8.763     8.626 11 52617.07755345 20.268
 12 302.462304  -2.395471    10.732    10.020  9 52652.07753076 21.029
 13 302.457985  -2.399683    11.698    11.100  9 52687.07752537 17.227
 14 302.455887  -2.403347    11.668    11.648  9 52722.07757294 19.577
 15 302.446954  -2.415787    12.514    13.207 15 52757.07759306 26.972
 17 302.459673  -2.399671    14.292    14.372  9 52827.07761551 29.221
 18 302.460942  -2.397952    13.948    13.891  9 52862.07766113 38.273
 19 302.454639  -2.404935    11.971    11.937 10 52897.07768986 27.503
 20 302.453934  -2.407493     8.616     8.336 10 52932.07763621 16.525
 21 302.457724  -2.398945     7.771     7.678  9 52967.07763964 26.036
 22 302.450882  -2.409122     8.553     8.224 12 53002.07766461 16.132
 23 302.453490  -2.406696    10.653    10.742 11 53037.07761453 17.954
 24 302.455799  -2.405708    11.240    11.278  9 53072.07763867 20.039
 25 302.453455  -2.407179    12.238    12.298 10 53107.07761497 23.825
 26 302.455652  -2.400013    13.703    13.863 10 53142.07764839 34.628
 27 302.456767  -2.399981    13.450    13.678 10 53177.07767406 33.762
 28 302.454839  -2.406018    12.174    12.617  9 53212.07769264 25.822
 29 302.456638  -2.400531    11.221    11.109  9 53247.07766201 28.523
 30 302.454390  -2.406673     9.206     9.260 10 53282.07764908 22.445
 31 302.457825  -2.399304     7.476     7.530 10 53317.07765630 30.557
 32 302.460060  -2.399145     9.252     8.406  9 53352.07762182 21.310
 33 302.455634  -2.401376    10.069    10.032 10 53387.07761164 21.155
 34 302.462050  -2.395857    11.465    11.157  8 53422.07761443 26.514
 35 302.459778  -2.397916    13.264    13.196  9 53457.07761944 26.009
 36 302.450480  -2.409991    13.507    13.696 13 53492.07770278 27.310
 37 302.459717  -2.398111    14.542    14.596  9 53527.07768588 29.235
 38 302.450992  -2.409315    12.953    12.905 12 53562.07771274 27.987
 39 302.459430  -2.396663    11.989    11.262  9 53597.07765409 27.415
 40 302.453093  -2.407674     7.510     7.130 11 53632.07764724 19.923
 41 302.452990  -2.407600     4.787     4.282 10 53667.07766964 20.864
 42 302.459555  -2.398840     9.663     8.071  9 53702.07761842 15.702
 43 302.460147  -2.397031    10.416     9.275  9 53737.07752878 29.872
 44 302.461217  -2.396535    12.335    12.215  9 53772.07753717 30.965
 45 302.459201  -2.398556    13.512    13.782 10 53807.07752613 28.857
 47 302.458569  -2.399463    15.675    15.695  9 53877.07759462 34.611
 48 302.451579  -2.409082    14.038    13.551 12 53912.07764387 27.793
 49 302.449463  -2.412055    14.182    14.194 14 53947.07765963 35.443
 50 302.455273  -2.403652    10.250    10.507  9 53982.07760412 21.308
 51 302.457766  -2.398901     7.119     7.098  9 54017.07763063 24.487
 52 302.463363  -2.395592     6.839     6.905  8 54052.07762755 24.830
 53 302.457108  -2.399255     9.907     9.692 10 54087.07761868 27.063
 54 302.455797  -2.399904     9.797    10.182 10 54122.07754325 30.555
 55 302.455676  -2.401187    12.169    12.096 10 54157.07757990 25.773
 56 302.456094  -2.399835    12.469    12.550 10 54192.07754192 36.859
 57 302.455747  -2.400793    14.141    14.228 10 54227.07759150 36.269
 58 302.456820  -2.401569    14.469    14.579 10 54262.07761113 29.866
 59 302.456753  -2.399314    14.107    14.283 10 54297.07761590 31.213
 60 302.457500  -2.398855    12.918    12.898  9 54332.07760650 27.251
 61 302.455939  -2.399171     9.132     8.970 10 54367.07754840 25.662
 62 302.457205  -2.399879     6.398     6.571  9 54402.07754891 22.385
 63 302.455842  -2.400813     8.729     8.236 10 54437.07750578 19.718
 64 302.458544  -2.399071    10.449    10.507 10 54472.07753399 33.527
 65 302.456338  -2.399359    12.174    12.279 10 54507.07751791 29.448
 66 302.457720  -2.399831    14.043    14.131 10 54542.07754833 27.640
 67 302.456248  -2.400121    14.225    14.387 10 54577.07752008 34.163
 68 302.456970  -2.400114    14.764    14.936 10 54612.07754016 31.892
 69 302.456066  -2.401096    14.938    15.007 10 54647.07754665 33.588
 70 302.456365  -2.401430    13.323    13.403 10 54682.07754746 29.605
 71 302.457000  -2.399982    11.010    11.340 10 54717.07749636 24.992
 72 302.456084  -2.400220     7.533     7.492 10 54752.07751964 27.579
 73 302.456169  -2.399347     7.572     7.486 10 54787.07748577 27.136
 74 302.457114  -2.400048     9.879     9.838 10 54822.07751355 22.647
 75 302.457002  -2.399826    11.177    11.702 10 54857.07748231 25.848
 76 302.455821  -2.404228    13.016    13.186  9 54892.07751562 23.957
 77 302.455446  -2.403856    14.352    14.337  9 54927.07747939 27.374
 78 302.456152  -2.404356    15.539    15.521  8 54962.07751530 29.403
 79 302.455021  -2.406048    15.488    15.485  9 54997.07753594 28.067
 80 302.456003  -2.402185    15.177    15.422 10 55032.07752584 31.454
 81 302.457144  -2.400955    13.768    13.787 10 55067.07751544 27.826
 82 302.455464  -2.404433    11.079    11.028  8 55102.07745487 16.010
 83 302.456976  -2.401343     7.370     6.859 10 55137.07746103 23.230
 84 302.456408  -2.399516     7.525     5.988 10 55172.07742331 26.098
 85 302.456425  -2.400115     9.850     9.970 10 55207.07745573 34.023
 86 302.455699  -2.401584    10.561    10.219 10 55242.07742795 27.413
 87 302.456236  -2.401733    11.301    11.713 10 55277.07744879 22.722
 88 302.456087  -2.399502    13.620    13.801 10 55312.07741393 31.853
 89 302.457001  -2.400139    14.490    14.378  9 55347.07741966 27.478
 90 302.456448  -2.401510    13.883    14.019 10 55382.07741042 24.436
 91 302.456809  -2.399776    13.095    13.162 10 55417.07743866 38.537
 92 302.457008  -2.399884     9.303     8.987 10 55452.07742127 23.391
 93 302.457259  -2.399386     6.747     5.284 10 55487.07734363 26.425
