#    0.000   0.000   0.000 ;Mean Elev.(m), Avg Gradient(m/km), RMS Gradient(m/km) - SRTM1     
#    0.000   0.000   0.000 ;Mean Elev.(m), Avg Gradient(m/km), RMS Gradient(m/km) - ASTER GDEM
#    1.697  -0.450   5.405 ;Mean Elev.(m), Avg Gradient(m/km), RMS Gradient(m/km) - GMTED2010 
  8 308.075420  -1.552619     3.549     3.548  6 52498.56032178 17.270
 10 308.075966  -1.551029     2.262     2.229  5 52568.56033615 12.446
 11 308.070441  -1.554663     2.435     2.377  5 52603.56032837 13.552
 12 308.070666  -1.555213     1.900     1.897  5 52638.56030453 16.498
 13 308.072990  -1.553098     3.010     3.086  5 52673.56030272 17.106
 14 308.073529  -1.552132     2.734     2.751  5 52708.56031281 15.738
 15 308.066896  -1.557755     3.190     3.130  4 52743.56034391 21.323
 17 308.069846  -1.555455     2.818     2.794  5 52813.56036311 15.627
 18 308.072872  -1.553480     3.057     3.017  5 52848.56041615 24.632
 19 308.070156  -1.554468     3.238     3.213  5 52883.56045232 17.816
 20 308.074919  -1.552909     1.985     1.926  5 52918.56040858 12.337
 21 308.079276  -1.550034     2.240     2.268  6 52953.56037063 13.313
 22 308.084318  -1.546601     2.464     2.457  6 52988.56037871 12.410
 23 308.080724  -1.549832     2.019     2.020  6 53023.56036644 11.776
 24 308.082890  -1.546798     3.542     3.498  6 53058.56036132 24.093
 25 308.065247  -1.558578     2.909     2.891  4 53093.56040166 18.261
 26 308.078918  -1.550315     3.262     3.231  6 53128.56037074 17.901
 28 308.074409  -1.552259     2.508     2.470  5 53198.56043865 14.264
 29 308.083292  -1.547200     3.033     3.029  7 53233.56041004 17.521
 30 308.072918  -1.554491     2.930     2.866  5 53268.56037930 14.949
 31 308.064094  -1.559254     1.870     1.846  5 53303.56043925 21.450
 32 308.072793  -1.554199     2.325     2.327  5 53338.56040739 11.432
 33 308.076771  -1.550989     1.722     1.648  5 53373.56033978 16.159
 34 308.076503  -1.551807     2.284     2.226  6 53408.56038027 17.155
 35 308.074354  -1.552092     3.572     3.530  5 53443.56036451 22.322
 36 308.066801  -1.557681     2.959     2.927  5 53478.56044094 25.130
 37 308.073258  -1.553909     3.290     3.176  5 53513.56044920 19.968
 38 308.067901  -1.556307     3.299     3.306  5 53548.56046853 24.077
 39 308.074808  -1.552235     2.277     2.210  6 53583.56043333 17.184
 40 308.070447  -1.555610     2.498     2.431  5 53618.56039012 15.153
 41 308.073040  -1.553832     1.763     1.670  5 53653.56041249 17.422
 42 308.069808  -1.555603    -3.158    -3.192  5 53688.56041160 17.698
 43 308.076765  -1.551846     2.585     2.600  6 53723.56033549 13.593
 44 308.081989  -1.548861     2.249     2.241  6 53758.56027315 13.384
 45 308.078541  -1.549416     3.529     3.534  6 53793.56029473 48.110
 46 308.078488  -1.549677     3.596     3.514  5 53828.56026597 20.677
 47 308.070179  -1.555270     3.667     3.667  5 53863.56034999 52.773
 48 308.074124  -1.552098     3.884     3.760  5 53898.56037295 33.356
 49 308.062052  -1.561291     3.078     3.076  4 53933.56042084 17.611
 50 308.067213  -1.557397     2.592     2.599  5 53968.56039226 17.036
 51 308.076888  -1.550793     2.596     2.595  5 54003.56036051 12.832
 52 308.076976  -1.551644     1.240     1.250  6 54038.56039597 13.188
 53 308.075302  -1.551504     1.967     1.899  6 54073.56039048 12.409
 54 308.072900  -1.553271     2.778     2.750  5 54108.56033748 17.385
 55 308.073564  -1.552755     2.149     2.195  5 54143.56032704 14.894
 56 308.072797  -1.554167     3.398     3.330  5 54178.56032176 20.251
 58 308.073393  -1.552368     3.142     3.049  5 54248.56036232 19.451
 59 308.074726  -1.552229     3.482     3.433  6 54283.56037124 32.606
 60 308.075650  -1.552452     2.659     2.541  5 54318.56036886 19.580
 61 308.075077  -1.552026     2.185     2.043  5 54353.56033304 18.768
 62 308.075045  -1.552321     2.484     2.426  6 54388.56030902 13.380
 63 308.073670  -1.553594     1.329     1.323  5 54423.56028354 13.766
 64 308.074996  -1.552234     2.345     2.352  5 54458.56028369 14.976
 65 308.075156  -1.551969     2.956     2.945  6 54493.56028711 16.774
 66 308.076176  -1.551787     2.725     2.728  5 54528.56029630 23.238
 67 308.073948  -1.552739     3.918     3.951  6 54563.56029415 21.484
 68 308.074035  -1.552285     3.482     3.478  5 54598.56029178 38.544
 69 308.072468  -1.553280     3.666     3.657  5 54633.56030531 49.634
 70 308.072656  -1.553283     3.599     3.651  5 54668.56031012 26.212
 71 308.076004  -1.550959     2.147     2.140  5 54703.56027438 17.936
 72 308.074325  -1.551837     2.238     2.192  5 54738.56027196 14.738
 73 308.075539  -1.551135     2.419     2.416  5 54773.56025610 13.999
 74 308.073288  -1.552628     1.569     1.572  5 54808.56026531 14.025
 75 308.074232  -1.552961     2.891     2.892  6 54843.56025385 17.624
 76 308.072336  -1.553276     2.836     2.791  5 54878.56026892 17.664
 77 308.071840  -1.554955     3.329     3.241  5 54913.56025840 20.167
 78 308.071834  -1.555370     3.932     3.804  5 54948.56026073 23.134
 79 308.072146  -1.553055     3.988     3.978  5 54983.56028608 42.500
 80 308.074562  -1.552820     3.507     3.411  6 55018.56028337 21.980
 81 308.075511  -1.551522     3.565     3.556  6 55053.56027847 20.556
 82 308.073507  -1.552376     2.208     2.168  5 55088.56024070 19.625
 83 308.075291  -1.551514     2.314     2.290  6 55123.56021557 14.772
 84 308.072979  -1.553012     1.958     1.928  5 55158.56020165 13.153
 85 308.073416  -1.553427     1.827     1.861  6 55193.56020554 14.762
 86 308.073034  -1.552402     3.380     3.328  5 55228.56020373 19.208
 87 308.074772  -1.552170     2.627     2.596  6 55263.56020067 16.566
 88 308.074938  -1.551528     3.446     3.439  5 55298.56018604 48.848
 89 308.072496  -1.554031     4.056     4.061  5 55333.56017925 43.358
 90 308.074743  -1.552207     2.842     2.876  5 55368.56017062 34.886
 91 308.074769  -1.551980     3.092     3.028  5 55403.56018613 17.839
 92 308.075904  -1.551431     2.752     2.788  6 55438.56018819 18.143
 93 308.074894  -1.552765     1.370     1.356  5 55473.56013654 14.466
