#    0.000   0.000   0.000 ;Mean Elev.(m), Avg Gradient(m/km), RMS Gradient(m/km) - SRTM1     
#    0.000   0.000   0.000 ;Mean Elev.(m), Avg Gradient(m/km), RMS Gradient(m/km) - ASTER GDEM
#    3.072  -0.731   6.684 ;Mean Elev.(m), Avg Gradient(m/km), RMS Gradient(m/km) - GMTED2010 
  7 303.221293  -2.610218    12.815    13.115 16 52458.07553636 28.729
  8 303.228518  -2.609486    12.009    12.349 16 52493.07551355 30.523
 10 303.225330  -2.610988     8.740     7.962 16 52563.07553384 18.226
 12 303.220163  -2.610110     8.610     8.349 16 52633.07550088 17.747
 13 303.218748  -2.608078     8.985     9.002 16 52668.07551769 24.021
 14 303.227085  -2.608970    10.202    10.055 16 52703.07549444 24.057
 16 303.224231  -2.609152    11.359    12.047 16 52773.07549331 27.657
 17 303.218589  -2.609495    12.435    12.610 16 52808.07555709 26.411
 18 303.220399  -2.607258    12.382    12.366 16 52843.07561531 30.877
 19 303.219047  -2.608378    10.626    10.914 16 52878.07565333 24.218
 20 303.227598  -2.611000     8.955     8.947 16 52913.07561073 28.094
 21 303.226233  -2.609063     7.313     6.763 16 52948.07556882 22.901
 23 303.220672  -2.608062     8.177     8.033 16 53018.07559609 21.846
 24 303.224706  -2.609364     9.641     9.642 16 53053.07557764 21.639
 25 303.211927  -2.606124    10.798    10.673 15 53088.07561524 21.914
 26 303.220706  -2.608671    10.979    11.756 17 53123.07558480 28.870
 27 303.213794  -2.607170    11.446    11.942 16 53158.07564301 27.473
 28 303.225242  -2.610518    11.680    11.833 16 53193.07563577 24.330
 30 303.217934  -2.609426     9.376     9.201 16 53263.07560568 28.183
 31 303.211205  -2.607270     7.335     7.191 15 53298.07564587 22.570
 33 303.223629  -2.610573     8.197     8.038 16 53368.07555962 20.530
 35 303.222068  -2.609489    10.565    10.677 16 53438.07557801 24.007
 36 303.216728  -2.607294    11.023    10.730 16 53473.07563441 26.380
 37 303.219102  -2.609825    13.415    13.398 16 53508.07566000 31.925
 38 303.216684  -2.608119    12.437    12.558 15 53543.07567053 21.429
 39 303.219007  -2.608605    11.445    11.427 16 53578.07565404 27.620
 40 303.217420  -2.607040     8.726     8.465 16 53613.07560723 24.767
 41 303.222604  -2.607973     6.939     6.240 16 53648.07561244 22.917
 42 303.214798  -2.606428     5.281     4.978 16 53683.07562779 32.092
 43 303.224263  -2.610007     7.277     7.231 16 53718.07555401 31.038
 44 303.228209  -2.610457     9.711     9.660 16 53753.07547460 31.902
 45 303.225361  -2.610523    11.416    11.420 16 53788.07550474 25.531
 46 303.225455  -2.610935    11.152    11.524 16 53823.07545958 28.169
 47 303.216679  -2.607085    12.455    12.689 16 53858.07555285 29.181
 48 303.225118  -2.610211    12.986    13.255 16 53893.07556663 28.203
 49 303.209958  -2.606726    12.960    12.991 16 53928.07562637 24.263
 50 303.213678  -2.607548    10.970    11.171 15 53963.07560841 19.931
 51 303.224119  -2.609902     8.402     8.245 16 53998.07555540 27.511
 52 303.223914  -2.610312     6.238     6.115 16 54033.07560454 20.384
 54 303.220298  -2.608535     8.822     8.730 16 54103.07555711 21.123
 55 303.220555  -2.608554     9.777     9.960 17 54138.07552807 28.136
 56 303.219871  -2.607952    11.029    10.969 16 54173.07553528 24.946
 57 303.219800  -2.609256    11.363    11.574 16 54208.07553329 24.827
 59 303.221237  -2.610215    12.497    12.755 16 54278.07557894 29.591
 60 303.222490  -2.609661    12.420    12.419 16 54313.07557893 31.520
 61 303.221170  -2.608225    10.179    10.153 16 54348.07555059 25.697
 62 303.221779  -2.608430     6.717     6.689 16 54383.07551668 28.865
 63 303.220327  -2.607608     7.706     7.265 16 54418.07549992 24.233
 64 303.221503  -2.609075     7.970     7.917 16 54453.07548653 25.738
 65 303.222368  -2.608642     9.901     9.846 16 54488.07549783 25.636
 66 303.222855  -2.609922    10.868    11.296 16 54523.07549935 28.512
 67 303.220885  -2.609693    11.457    12.002 16 54558.07550752 28.019
 68 303.220179  -2.608333    11.591    11.173 16 54593.07549639 30.048
 69 303.220062  -2.607274    13.356    13.404 16 54628.07551145 31.180
 70 303.218878  -2.609053    12.939    12.957 16 54663.07551830 33.064
 71 303.222056  -2.608146    11.522    11.565 16 54698.07549252 28.531
 72 303.220750  -2.608348     8.515     8.346 16 54733.07547588 31.537
 73 303.221855  -2.609174     6.408     6.419 16 54768.07547138 25.196
 74 303.219911  -2.608530     7.984     7.671 17 54803.07546907 25.407
 75 303.221041  -2.607850     9.559     9.543 16 54838.07546523 25.792
 76 303.220653  -2.609011    10.935    11.109 16 54873.07546860 23.655
 77 303.219211  -2.609012    12.714    12.828 16 54908.07547160 30.369
 78 303.219635  -2.608537    12.287    12.724 16 54943.07546162 31.359
 79 303.219689  -2.609129    12.774    13.235 16 54978.07548926 31.717
 80 303.220140  -2.607726    12.846    13.236 16 55013.07549555 26.281
 81 303.221390  -2.608367    11.942    11.524 16 55048.07548816 30.140
 82 303.220920  -2.609206    11.396    11.373 16 55083.07545858 22.837
 83 303.222166  -2.608593     8.509     8.050 16 55118.07541974 20.447
 84 303.220075  -2.608819     5.983     5.465 16 55153.07541646 25.094
 85 303.220044  -2.608081     8.472     8.149 16 55188.07540804 21.182
 86 303.220205  -2.607968     9.398     9.328 16 55223.07541597 27.082
 87 303.222121  -2.609856    10.608    10.596 16 55258.07540311 27.583
 88 303.220217  -2.607946    10.852    11.195 16 55293.07540339 31.368
 89 303.218795  -2.609548    12.991    13.033 16 55328.07538760 31.415
 90 303.220569  -2.607921    12.262    12.593 16 55363.07538287 29.336
 91 303.220936  -2.610113    12.177    12.132 16 55398.07539095 23.907
 92 303.222803  -2.609457     9.505     9.875 17 55433.07539834 27.611
 93 303.221656  -2.607817     6.943     6.715 16 55468.07535617 25.090
