#    0.000   0.000   0.000 ;Mean Elev.(m), Avg Gradient(m/km), RMS Gradient(m/km) - SRTM1     
#    0.000   0.000   0.000 ;Mean Elev.(m), Avg Gradient(m/km), RMS Gradient(m/km) - ASTER GDEM
#    9.029  -1.312   5.301 ;Mean Elev.(m), Avg Gradient(m/km), RMS Gradient(m/km) - GMTED2010 
 11    18.011 52588.08538540 30.23 299.777777  -3.279528 28.333
 11    17.737 52588.08538604 24.54 299.777047  -3.276218 28.333
 11    17.123 52588.08538669 19.80 299.776327  -3.272918 28.333
 11    16.889 52588.08538733 19.05 299.775593  -3.269606 20.238
 11    16.675 52588.08538798 16.92 299.774873  -3.266306 20.238
 11    15.589 52588.08538862 22.96 299.774143  -3.263006 20.238
 12    17.850 52623.08534203 39.08 299.775803  -3.278259 22.255
 12    17.434 52623.08534267 20.73 299.775083  -3.274959 22.255
 12    14.372 52623.08534332 20.16 299.774353  -3.271649 22.255
 12    15.011 52623.08534396 18.40 299.773623  -3.268349 22.255
 12    15.374 52623.08534461 19.70 299.772893  -3.265039 22.255
 12    15.515 52623.08534525 18.80 299.772173  -3.261739 22.255
 13    17.738 52658.08535665 27.38 299.777971  -3.279661 29.198
 13    17.660 52658.08535729 19.90 299.777241  -3.276361 29.198
 13    16.949 52658.08535794 20.60 299.776511  -3.273061 29.198
 13    16.819 52658.08535858 19.09 299.775781  -3.269751 29.198
 13    16.800 52658.08535922 19.04 299.775061  -3.266451 29.198
 13    16.748 52658.08535987 19.35 299.774324  -3.263139 18.140
 15    17.941 52728.08537880 27.50 299.777928  -3.278066 27.314
 15    17.926 52728.08537945 20.28 299.777191  -3.274762 11.126
 15    17.923 52728.08538009 18.78 299.776471  -3.271462 11.126
 15    18.023 52728.08538074 18.56 299.775741  -3.268162 11.126
 15    18.141 52728.08538138 18.47 299.775011  -3.264852 11.126
 15    18.210 52728.08538202 20.40 299.774281  -3.261552 11.126
 16    20.426 52763.08539347 34.24 299.763995  -3.270728 34.465
 16    20.291 52763.08539411 33.20 299.763265  -3.267418 34.465
 16    20.381 52763.08539476 34.42 299.762535  -3.264118 34.465
 16    20.440 52763.08539540 37.93 299.761815  -3.260808 34.465
 16    20.514 52763.08539605 45.74 299.761085  -3.257508 34.465
 17    21.947 52798.08536093 42.30 299.782379  -3.283585 33.205
 17    21.956 52798.08536157 39.27 299.781649  -3.280275 33.205
 17    22.016 52798.08536222 39.19 299.780919  -3.276975 33.205
 17    21.869 52798.08536286 37.38 299.780189  -3.273675 33.205
 17    21.779 52798.08536351 34.52 299.779466  -3.270363  7.277
 17    21.752 52798.08536415 34.73 299.778736  -3.267063  7.277
 17    21.956 52798.08536480 32.37 299.778006  -3.263763  7.277
 18    22.303 52833.08543208 40.60 299.781416  -3.281662 34.933
 18    21.997 52833.08543272 32.91 299.780696  -3.278362 34.933
 18    21.881 52833.08543337 31.54 299.779966  -3.275062 34.933
 18    21.812 52833.08543401 29.57 299.779236  -3.271752 34.933
 18    22.067 52833.08543465 26.17 299.778506  -3.268452 34.933
 18    22.141 52833.08543530 27.18 299.777784  -3.265141 11.291
 19    21.079 52868.08547386 43.56 299.783663  -3.284907 36.743
 19    21.068 52868.08547450 32.32 299.782933  -3.281597 36.743
 19    20.937 52868.08547515 26.30 299.782203  -3.278297 36.743
 19    20.571 52868.08547579 25.16 299.781473  -3.274987 36.743
 19    20.698 52868.08547644 23.54 299.780743  -3.271687 36.743
 19    20.972 52868.08547708 24.49 299.780023  -3.268387 36.743
 19    21.067 52868.08547773 25.52 299.779286  -3.265075 15.695
 20    18.155 52903.08549156 40.06 299.774171  -3.276709 31.466
 20    17.565 52903.08549220 25.03 299.773451  -3.273409 31.466
 20    17.368 52903.08549285 24.17 299.772721  -3.270099 31.466
 20    17.361 52903.08549349 24.83 299.771991  -3.266799 31.466
 20    17.519 52903.08549414 23.26 299.771261  -3.263489 31.466
 20    17.575 52903.08549478 24.49 299.770531  -3.260189 31.466
 21    17.802 52938.08542945 20.22 299.773492  -3.275175 25.847
 21    17.344 52938.08543010 18.38 299.772762  -3.271865 25.847
 21    13.144 52938.08543074 17.05 299.772042  -3.268565 25.847
 21    14.878 52938.08543139 16.74 299.771312  -3.265265 25.847
 21    15.450 52938.08543203 17.25 299.770582  -3.261955 25.847
 21    15.546 52938.08543268 21.18 299.769862  -3.258645 25.847
 22    17.577 52973.08546346 25.36 299.772657  -3.273639 31.001
 22    13.620 52973.08546411 25.38 299.771927  -3.270339 31.001
 22    13.697 52973.08546475 26.10 299.771197  -3.267029 31.001
 22    13.711 52973.08546540 26.46 299.770477  -3.263729 31.001
 22    13.887 52973.08546604 26.05 299.769739  -3.260417 14.384
 23    17.570 53008.08547308 18.41 299.768237  -3.270192 32.665
 23    13.835 53008.08547372 16.92 299.767507  -3.266882 32.665
 23    14.082 53008.08547437 18.13 299.766777  -3.263572 32.665
 23    18.492 53008.08547501 18.31 299.766047  -3.260272 32.665
 24    17.641 53043.08542937 25.03 299.771861  -3.274009 34.795
 24    16.013 53043.08543002 24.18 299.771131  -3.270699 34.795
 24    16.338 53043.08543066 25.41 299.770401  -3.267399 34.795
 24    16.614 53043.08543131 25.56 299.769671  -3.264099 34.795
 24    16.790 53043.08543195 24.91 299.768949  -3.260786 24.314
 25    17.291 53078.08546304 24.18 299.768719  -3.270671 31.553
 25    16.363 53078.08546369 22.25 299.767989  -3.267371 31.553
 25    16.481 53078.08546433 23.23 299.767269  -3.264071 31.553
 25    16.815 53078.08546498 23.45 299.766536  -3.260758 29.100
 25    19.205 53078.08546562 21.80 299.765816  -3.257458 29.100
 26    19.159 53113.08543337 27.72 299.768105  -3.271292 39.828
 26    18.730 53113.08543402 27.92 299.767375  -3.267982 39.828
 26    19.001 53113.08543466 26.60 299.766645  -3.264682 39.828
 26    19.290 53113.08543531 29.58 299.765923  -3.261371 30.779
 26    19.417 53113.08543595 33.16 299.765193  -3.258071 30.779
 27    20.778 53148.08547776 41.84 299.770241  -3.274285 38.651
 27    20.541 53148.08547840 24.90 299.769511  -3.270985 38.651
 27    20.334 53148.08547905 19.70 299.768791  -3.267685 38.651
 27    20.348 53148.08547969 19.97 299.768054  -3.264372 40.269
 27    20.608 53148.08548034 19.81 299.767334  -3.261072 40.269
 27    20.866 53148.08548098 28.23 299.766604  -3.257772 40.269
 28    20.838 53183.08547512 40.25 299.782040  -3.283859 35.621
 28    20.858 53183.08547577 37.86 299.781310  -3.280559 35.621
 28    20.752 53183.08547641 26.85 299.780580  -3.277249 35.621
 28    20.640 53183.08547706 24.80 299.779860  -3.273949 35.621
 28    20.690 53183.08547770 23.90 299.779130  -3.270639 35.621
 28    20.814 53183.08547835 24.06 299.778400  -3.267339 35.621
 28    21.084 53183.08547899 26.37 299.777670  -3.264029 35.621
 29    20.045 53218.08550075 41.13 299.774022  -3.276686 33.302
 29    19.941 53218.08550139 29.84 299.773292  -3.273376 33.302
 29    19.806 53218.08550204 30.81 299.772562  -3.270076 33.302
 29    19.993 53218.08550268 29.71 299.771832  -3.266766 33.302
 29    20.043 53218.08550333 28.48 299.771102  -3.263466 33.302
 29    20.236 53218.08550397 28.95 299.770382  -3.260156 33.302
 30    18.478 53253.08547921 28.21 299.769730  -3.273146 32.137
 30    17.540 53253.08547986 27.24 299.769000  -3.269836 32.137
 30    17.739 53253.08548050 26.41 299.768270  -3.266536 32.137
 30    18.024 53253.08548115 27.26 299.767540  -3.263226 32.137
 30    18.077 53253.08548179 26.68 299.766820  -3.259926 32.137
 31    18.045 53288.08548039 25.35 299.767208  -3.271526 38.449
 31    14.304 53288.08548103 24.21 299.766478  -3.268226 38.449
 31    14.582 53288.08548168 24.34 299.765756  -3.264914 28.192
 31    14.786 53288.08548232 23.57 299.765026  -3.261614 28.192
 31    14.975 53288.08548297 28.28 299.764296  -3.258304 28.192
 32    17.651 53323.08545353 16.93 299.783267  -3.283061 16.353
 32    17.914 53323.08545417 18.08 299.782537  -3.279761 16.353
 32    17.172 53323.08545482 18.32 299.781807  -3.276451 16.353
 32    14.781 53323.08545546 19.44 299.781077  -3.273151 16.353
 32   -62.520 53323.08545611 28.30 299.780357  -3.269851 16.353
 32    15.058 53323.08545675 19.60 299.779627  -3.266541 16.353
 33    15.028 53358.08541834 32.91 299.781364  -3.282506 22.925
 33    17.246 53358.08541899 20.02 299.780634  -3.279196 22.925
 33    16.739 53358.08541963 19.10 299.779914  -3.275896 22.925
 33    16.261 53358.08542028 17.84 299.779184  -3.272596 22.925
 33    15.867 53358.08542092 17.15 299.778454  -3.269286 22.925
 33    15.283 53358.08542157 18.21 299.777724  -3.265986 22.925
 33    15.791 53358.08542221 21.34 299.777004  -3.262676 22.925
 34    17.582 53393.08543523 42.04 299.774114  -3.277356 32.533
 34    17.593 53393.08543587 18.03 299.773394  -3.274046 32.533
 34    15.956 53393.08543651 20.65 299.772664  -3.270746 32.533
 34    16.042 53393.08543716 18.21 299.771934  -3.267436 32.533
 34    16.118 53393.08543780 19.55 299.771204  -3.264136 32.533
 34    19.340 53393.08543845 16.89 299.770483  -3.260824 13.334
 35    17.644 53428.08542885 33.75 299.779564  -3.281120 30.770
 35    17.660 53428.08542950 38.92 299.778844  -3.277820 30.770
 35    17.657 53428.08543014 33.32 299.778114  -3.274510 30.770
 35    17.661 53428.08543079 36.57 299.777384  -3.271210 30.770
 35    17.563 53428.08543143 33.31 299.776654  -3.267900 30.770
 35    17.724 53428.08543208 34.85 299.775924  -3.264600 30.770
 35    17.803 53428.08543272 43.34 299.775204  -3.261300 30.770
 36    20.149 53463.08544773 39.94 299.778953  -3.279942 40.533
 36    19.979 53463.08544837 27.62 299.778223  -3.276632 40.533
 36    19.812 53463.08544902 21.78 299.777493  -3.273332 40.533
 36    19.525 53463.08544966 19.30 299.776771  -3.270021 19.438
 36    19.767 53463.08545031 20.60 299.776041  -3.266721 19.438
 36    20.033 53463.08545095 20.71 299.775311  -3.263411 19.438
 37    21.463 53498.08552140 28.57 299.765766  -3.269435 33.541
 37    21.351 53498.08552205 28.10 299.765036  -3.266125 33.541
 37    21.406 53498.08552269 28.11 299.764306  -3.262825 33.541
 37    21.497 53498.08552334 30.14 299.763586  -3.259525 33.541
 38    22.159 53533.08550151 45.70 299.778694  -3.280100 34.281
 38    22.044 53533.08550216 35.99 299.777964  -3.276800 34.281
 38    22.044 53533.08550280 34.03 299.777234  -3.273500 34.281
 38    22.118 53533.08550345 33.72 299.776504  -3.270190 34.281
 38    22.136 53533.08550409 33.80 299.775784  -3.266890 34.281
 38    22.239 53533.08550474 35.99 299.775050  -3.263577 20.367
 39    20.602 53568.08552173 38.86 299.767696  -3.272530 37.624
 39    20.458 53568.08552237 21.41 299.766966  -3.269230 37.624
 39    20.278 53568.08552302 22.15 299.766236  -3.265920 37.624
 39    20.429 53568.08552366 22.93 299.765516  -3.262620 37.624
 39    20.831 53568.08552431 26.19 299.764786  -3.259310 37.624
 40    17.624 53603.08546584 30.02 299.776228  -3.277106 19.886
 40    16.336 53603.08546649 31.98 299.775498  -3.273796 19.886
 40    16.302 53603.08546713 33.13 299.774768  -3.270496 19.886
 40    16.343 53603.08546778 33.24 299.774038  -3.267186 19.886
 40    16.392 53603.08546842 32.30 299.773318  -3.263886 19.886
 40    16.537 53603.08546907 30.97 299.772588  -3.260586 19.886
 41    17.426 53638.08546503 23.00 299.770879  -3.272988 33.320
 41    10.498 53638.08546568 23.18 299.770149  -3.269678 33.320
 41    10.794 53638.08546632 23.53 299.769419  -3.266378 33.320
 41    10.900 53638.08546697 23.09 299.768689  -3.263078 33.320
 41    11.082 53638.08546761 22.64 299.767969  -3.259766 21.538
 42    17.657 53673.08548550 24.58 299.768601  -3.272517 30.285
 42     8.735 53673.08548615 26.51 299.767871  -3.269217 30.285
 42     9.079 53673.08548679 26.66 299.767141  -3.265907 30.285
 42     9.152 53673.08548744 24.81 299.766421  -3.262607 30.285
 42     9.192 53673.08548808 23.75 299.765694  -3.259295 21.701
 43    13.449 53708.08541476 38.78 299.781619  -3.281699 23.560
 43    13.448 53708.08541540 34.74 299.780889  -3.278389 23.560
 43    13.383 53708.08541605 29.88 299.780169  -3.275089 23.560
 43    13.408 53708.08541669 29.26 299.779439  -3.271789 23.560
 43    13.393 53708.08541733 29.17 299.778709  -3.268479 23.560
 43    13.638 53708.08541798 29.85 299.777979  -3.265179 23.560
 44    15.284 53743.08532654 26.15 299.778386  -3.278440 18.046
 44    15.370 53743.08532718 26.55 299.777666  -3.275130 18.046
 44    15.498 53743.08532783 26.34 299.776936  -3.271830 18.046
 44    15.583 53743.08532847 25.44 299.776206  -3.268520 18.046
 44    15.568 53743.08532912 26.86 299.775476  -3.265220 18.046
 44    15.844 53743.08532976 26.94 299.774756  -3.261910 18.046
 45    18.411 53778.08535274 31.28 299.781182  -3.281594 29.157
 45    18.236 53778.08535339 25.03 299.780462  -3.278294 29.157
 45    18.151 53778.08535403 24.07 299.779732  -3.274984 29.157
 45    18.235 53778.08535468 24.52 299.779002  -3.271684 29.157
 45    18.279 53778.08535532 25.32 299.778272  -3.268374 29.157
 45    18.523 53778.08535597 25.36 299.777542  -3.265074 29.157
 46    20.192 53813.08532871 36.70 299.777778  -3.278476 26.594
 46    20.091 53813.08532935 28.31 299.777048  -3.275166 26.594
 46    20.029 53813.08533000 26.51 299.776328  -3.271866 26.594
 46    20.080 53813.08533064 25.11 299.775598  -3.268556 26.594
 46    20.166 53813.08533129 26.18 299.774868  -3.265256 26.594
 46    20.337 53813.08533193 24.88 299.774138  -3.261946 26.594
 47    21.032 53848.08538545 46.54 299.771635  -3.275410 34.128
 47    20.956 53848.08538609 28.95 299.770905  -3.272100 34.128
 47    20.800 53848.08538674 27.40 299.770175  -3.268800 34.128
 47    20.960 53848.08538738 27.26 299.769455  -3.265500 34.128
 47    21.051 53848.08538803 26.74 299.768725  -3.262190 34.128
 47    20.971 53848.08538867 29.07 299.767995  -3.258880 34.128
 49    21.927 53918.08546812 28.27 299.765501  -3.271095 33.981
 49    21.852 53918.08546877 24.16 299.764771  -3.267795 33.981
 49    21.682 53918.08546941 26.45 299.764051  -3.264495 33.981
 49    22.102 53918.08547006 26.40 299.763321  -3.261185 33.981
 49    22.241 53918.08547070 32.95 299.762591  -3.257885 33.981
 50    20.089 53953.08547141 33.93 299.764375  -3.270813 32.296
 50    19.962 53953.08547206 27.58 299.763645  -3.267503 32.296
 50    19.964 53953.08547270 27.52 299.762925  -3.264203 32.296
 50    19.991 53953.08547334 27.18 299.762195  -3.260903 32.296
 50    20.289 53953.08547399 28.72 299.761465  -3.257593 32.296
 52    17.457 54023.08544918 38.08 299.776487  -3.279108 28.644
 52    17.362 54023.08544982 20.56 299.775757  -3.275798 28.644
 52    16.689 54023.08545047 16.39 299.775027  -3.272498 28.644
 52    16.766 54023.08545111 13.59 299.774297  -3.269188 28.644
 52    16.671 54023.08545176 13.51 299.773567  -3.265888 28.644
 52    16.810 54023.08545240 13.68 299.772847  -3.262578 28.644
 53    16.888 54058.08544007 22.99 299.784087  -3.283960 18.161
 53    16.926 54058.08544071 21.67 299.783357  -3.280660 18.161
 53    16.680 54058.08544136 20.42 299.782627  -3.277350 18.161
 53    16.330 54058.08544200 18.90 299.781907  -3.274050 18.161
 53    14.006 54058.08544264 20.52 299.781177  -3.270740 18.161
 53    18.310 54058.08544329 18.32 299.780447  -3.267440 18.161
 54    17.333 54093.08542233 24.06 299.775008  -3.275934 17.881
 54    15.074 54093.08542298 23.74 299.774288  -3.272634 17.881
 54    15.230 54093.08542362 23.62 299.773558  -3.269324 17.881
 54    15.415 54093.08542427 23.03 299.772828  -3.266024 17.881
 54    15.410 54093.08542491 23.21 299.772098  -3.262714 17.881
 54    15.580 54093.08542556 24.25 299.771378  -3.259414 17.881
 55    17.284 54128.08535942 29.42 299.776969  -3.277987 29.276
 55    16.953 54128.08536006 29.20 299.776239  -3.274687 29.276
 55    17.119 54128.08536071 28.62 299.775509  -3.271377 29.276
 55    17.311 54128.08536135 28.94 299.774779  -3.268077 29.276
 55    17.573 54128.08536199 30.75 299.774049  -3.264767 29.276
 55    17.584 54128.08536264 45.95 299.773329  -3.261467 29.276
 56    17.694 54163.08539253 22.92 299.773259  -3.274554 37.020
 56    17.069 54163.08539317 19.28 299.772529  -3.271254 37.020
 56    17.268 54163.08539382 17.64 299.771799  -3.267944 37.020
 56    17.865 54163.08539446 16.17 299.771069  -3.264644 37.020
 56    18.625 54163.08539511 16.43 299.770349  -3.261344 37.020
 57    18.898 54198.08536160 46.90 299.775760  -3.277448 35.174
 57    18.881 54198.08536225 42.25 299.775030  -3.274138 35.174
 57    18.880 54198.08536289 43.99 299.774300  -3.270838 35.174
 57    18.858 54198.08536354 40.22 299.773570  -3.267528 35.174
 57    19.003 54198.08536418 41.88 299.772840  -3.264228 35.174
 57    19.074 54198.08536483 47.58 299.772120  -3.260917 11.337
 58    20.927 54233.08540562 39.21 299.775965  -3.277010 34.082
 58    20.810 54233.08540626 30.26 299.775235  -3.273700 34.082
 58    20.788 54233.08540691 29.91 299.774505  -3.270400 34.082
 58    20.914 54233.08540755 30.53 299.773775  -3.267090 34.082
 58    21.028 54233.08540820 28.01 299.773055  -3.263790 34.082
 58    21.085 54233.08540884 29.52 299.772317  -3.260479 10.882
 59    22.217 54268.08542473 40.01 299.775996  -3.277278 36.259
 59    22.051 54268.08542538 30.11 299.775266  -3.273978 36.259
 59    21.966 54268.08542602 29.87 299.774536  -3.270668 36.259
 59    21.941 54268.08542667 29.73 299.773806  -3.267368 36.259
 59    22.124 54268.08542731 30.42 299.773086  -3.264058 36.259
 59    22.261 54268.08542796 32.46 299.772350  -3.260754 15.520
 60    21.674 54303.08542805 45.17 299.776571  -3.277878 30.682
 60    21.312 54303.08542869 32.72 299.775841  -3.274568 30.682
 60    21.319 54303.08542934 32.06 299.775111  -3.271268 30.682
 60    21.476 54303.08542998 33.10 299.774381  -3.267958 30.682
 60    21.575 54303.08543062 32.82 299.773651  -3.264658 30.682
 60    21.651 54303.08543127 33.81 299.772931  -3.261358 30.682
 61    18.918 54338.08541374 36.50 299.775802  -3.276667 30.908
 61    18.706 54338.08541438 28.70 299.775072  -3.273357 30.908
 61    18.716 54338.08541503 28.61 299.774342  -3.270057 30.908
 61    18.759 54338.08541567 28.97 299.773612  -3.266757 30.908
 61    18.940 54338.08541631 29.18 299.772882  -3.263447 30.908
 61    19.075 54338.08541696 29.13 299.772162  -3.260147 30.908
 62    17.542 54373.08536132 26.85 299.776555  -3.277464 27.628
 62    12.935 54373.08536197 25.45 299.775835  -3.274164 27.628
 62    13.125 54373.08536261 25.75 299.775105  -3.270854 27.628
 62    13.187 54373.08536326 24.72 299.774375  -3.267554 27.628
 62    13.344 54373.08536390 26.76 299.773645  -3.264254 27.628
 62    13.451 54373.08536455 28.48 299.772915  -3.260944 27.628
 63    17.473 54408.08535896 33.60 299.774723  -3.277370 28.418
 63    16.908 54408.08535960 23.96 299.773993  -3.274060 28.418
 63    10.690 54408.08536025 23.56 299.773263  -3.270760 28.418
 63    11.906 54408.08536089 16.85 299.772543  -3.267450 28.418
 63    12.968 54408.08536153 16.09 299.771813  -3.264150 28.418
 63    13.239 54408.08536218 15.95 299.771083  -3.260840 28.418
 64    17.109 54443.08532176 23.62 299.776841  -3.277319 24.447
 64    16.554 54443.08532240 19.95 299.776111  -3.274019 24.447
 64    14.278 54443.08532305 21.02 299.775381  -3.270719 24.447
 64    14.462 54443.08532369 20.35 299.774661  -3.267409 24.447
 64    14.639 54443.08532434 20.10 299.773931  -3.264109 24.447
 64    14.740 54443.08532498 19.40 299.773201  -3.260799 24.447
 65    16.577 54478.08534791 25.58 299.776972  -3.278949 15.544
 65    16.634 54478.08534855 26.41 299.776252  -3.275649 15.544
 65    16.610 54478.08534920 27.69 299.775522  -3.272339 15.544
 65    16.655 54478.08534984 28.62 299.774792  -3.269039 15.544
 65    16.695 54478.08535049 29.16 299.774062  -3.265729 15.544
 65    16.753 54478.08535113 28.52 299.773332  -3.262429 15.544
 66    18.647 54513.08533667 31.78 299.777218  -3.278189 40.026
 66    18.350 54513.08533731 23.84 299.776488  -3.274879 40.026
 66    18.033 54513.08533796 22.74 299.775758  -3.271579 40.026
 66    18.158 54513.08533860 19.88 299.775036  -3.268268 18.690
 66    18.593 54513.08533925 20.18 299.774306  -3.264968 18.690
 66    18.703 54513.08533989 21.09 299.773576  -3.261658 18.690
 67    20.225 54548.08536181 44.56 299.775429  -3.277828 37.261
 67    20.074 54548.08536246 28.64 299.774699  -3.274518 37.261
 67    19.835 54548.08536310 23.90 299.773979  -3.271218 37.261
 67    19.888 54548.08536374 25.62 299.773249  -3.267918 37.261
 67    20.134 54548.08536439 24.54 299.772517  -3.264606 13.717
 67    20.238 54548.08536503 24.68 299.771787  -3.261306 13.717
 68    21.078 54583.08533274 48.09 299.776901  -3.278697 38.304
 68    20.886 54583.08533338 29.04 299.776171  -3.275387 38.304
 68    20.762 54583.08533403 25.86 299.775451  -3.272087 38.304
 68    20.836 54583.08533467 25.07 299.774714  -3.268776 14.208
 68    21.060 54583.08533532 23.86 299.773994  -3.265476 14.208
 68    21.118 54583.08533596 24.08 299.773264  -3.262166 14.208
 69    22.295 54618.08535351 47.08 299.776054  -3.277789 37.542
 69    21.992 54618.08535415 30.36 299.775324  -3.274479 37.542
 69    21.926 54618.08535480 29.21 299.774604  -3.271179 37.542
 69    21.981 54618.08535544 29.72 299.773867  -3.267865 15.666
 69    22.177 54618.08535609 28.45 299.773147  -3.264565 15.666
 69    22.180 54618.08535673 29.40 299.772417  -3.261265 15.666
 70    22.253 54653.08536537 47.05 299.773763  -3.276621 45.233
 70    22.216 54653.08536602 28.55 299.773033  -3.273311 45.233
 70    22.089 54653.08536666 26.63 299.772313  -3.270011 45.233
 70    21.936 54653.08536731 26.30 299.771577  -3.266699 24.261
 70    22.131 54653.08536795 25.27 299.770857  -3.263399 24.261
 70    22.286 54653.08536860 28.19 299.770127  -3.260099 24.261
 71    20.469 54688.08535462 48.53 299.775043  -3.277882 36.021
 71    20.292 54688.08535527 30.73 299.774313  -3.274582 36.021
 71    20.101 54688.08535591 23.59 299.773583  -3.271272 36.021
 71    20.026 54688.08535655 21.89 299.772853  -3.267972 36.021
 71    20.266 54688.08535720 19.56 299.772133  -3.264672 36.021
 71    20.456 54688.08535784 20.72 299.771401  -3.261359 19.460
 72    17.834 54723.08531257 36.19 299.777353  -3.279724 38.694
 72    17.451 54723.08531322 24.96 299.776623  -3.276414 38.694
 72    10.445 54723.08531386 23.68 299.775893  -3.273114 38.694
 72    15.878 54723.08531450 18.91 299.775171  -3.269801 19.362
 72    16.393 54723.08531515 17.56 299.774441  -3.266501 19.362
 72    16.174 54723.08531579 17.10 299.773711  -3.263201 19.362
 72    17.020 54723.08531644 16.62 299.772981  -3.259891 19.362
 73    17.195 54758.08533018 31.72 299.774776  -3.277471 20.922
 73    12.570 54758.08533082 24.70 299.774046  -3.274171 20.922
 73    12.733 54758.08533147 22.50 299.773326  -3.270861 20.922
 73    12.873 54758.08533211 20.17 299.772596  -3.267561 20.922
 73    13.016 54758.08533276 19.12 299.771866  -3.264251 20.922
 73    13.082 54758.08533340 19.64 299.771136  -3.260951 20.922
 74    18.586 54793.08530553 34.05 299.775089  -3.277775 26.616
 74    13.025 54793.08530618 24.45 299.774359  -3.274465 26.616
 74    13.547 54793.08530682 20.71 299.773629  -3.271165 26.616
 74    13.616 54793.08530747 22.29 299.772907  -3.267854 11.747
 74    13.771 54793.08530811 21.97 299.772177  -3.264554 11.747
 74    13.772 54793.08530876 20.89 299.771447  -3.261244 11.747
 75    10.122 54828.08532833 23.89 299.775876  -3.278156 31.082
 75    15.530 54828.08532898 17.56 299.775146  -3.274856 31.082
 75    16.719 54828.08532962 15.85 299.774416  -3.271546 31.082
 75    16.507 54828.08533027 16.03 299.773696  -3.268246 31.082
 75    16.143 54828.08533091 16.74 299.772959  -3.264934 17.293
 75    18.237 54828.08533155 15.91 299.772239  -3.261634 17.293
 76    18.307 54863.08530043 27.73 299.776357  -3.276817 39.815
 76    18.129 54863.08530108 25.85 299.775627  -3.273517 39.815
 76    18.181 54863.08530172 27.71 299.774906  -3.270204 17.796
 76    18.396 54863.08530236 28.24 299.774176  -3.266904 17.796
 76    18.692 54863.08530301 28.86 299.773446  -3.263604 17.796
 76    18.737 54863.08530365 31.70 299.772716  -3.260294 17.796
 77    20.371 54898.08532869 27.94 299.773303  -3.274234 41.795
 77    20.314 54898.08532933 24.40 299.772573  -3.270924 41.795
 77    20.117 54898.08532998 20.86 299.771853  -3.267624 41.795
 77    20.373 54898.08533062 20.38 299.771119  -3.264311 21.821
 77    20.426 54898.08533127 21.99 299.770399  -3.261011 21.821
 78    22.064 54933.08529514 42.22 299.774777  -3.276194 41.366
 78    21.840 54933.08529578 27.52 299.774047  -3.272884 41.366
 78    21.458 54933.08529643 23.60 299.773317  -3.269584 41.366
 78    21.312 54933.08529707 20.90 299.772597  -3.266274 23.687
 78    21.659 54933.08529772 22.70 299.771867  -3.262974 23.687
 78    21.689 54933.08529836 24.91 299.771137  -3.259664 23.687
 79    23.126 54968.08533021 33.26 299.775095  -3.276337 41.237
 79    22.860 54968.08533085 29.28 299.774365  -3.273027 41.237
 79    22.673 54968.08533150 27.30 299.773645  -3.269727 41.237
 79    23.008 54968.08533214 29.64 299.772909  -3.266424 23.191
 79    23.173 54968.08533279 30.54 299.772189  -3.263114 23.191
 79    23.207 54968.08533343 31.82 299.771459  -3.259814 23.191
 80    23.410 55003.08535047 40.36 299.771513  -3.273024 42.634
 80    23.258 55003.08535111 37.67 299.770793  -3.269724 42.634
 80    22.935 55003.08535176 35.79 299.770057  -3.266410 30.672
 80    23.291 55003.08535240 34.00 299.769337  -3.263110 30.672
 80    23.773 55003.08535305 30.03 299.768607  -3.259810 30.672
 81    23.085 55038.08533581 31.94 299.776883  -3.278311 39.539
 81    23.002 55038.08533646 27.57 299.776153  -3.275011 39.539
 81    22.594 55038.08533710 28.28 299.775423  -3.271701 39.539
 81    22.688 55038.08533775 25.32 299.774703  -3.268401 39.539
 81    23.102 55038.08533839 24.32 299.773967  -3.265089 22.413
 81    23.435 55038.08533904 31.39 299.773247  -3.261789 22.413
 82    20.936 55073.08532221 42.81 299.774679  -3.276735 38.952
 82    20.847 55073.08532286 28.29 299.773949  -3.273425 38.952
 82    20.756 55073.08532350 24.15 299.773219  -3.270125 38.952
 82    20.826 55073.08532415 22.48 299.772499  -3.266825 38.952
 82    20.915 55073.08532479 23.47 299.771767  -3.263511 20.766
 82    21.008 55073.08532544 25.00 299.771037  -3.260211 20.766
 83    17.756 55108.08526850 33.45 299.775383  -3.277419 33.347
 83    17.075 55108.08526914 23.78 299.774653  -3.274119 33.347
 83    14.639 55108.08526979 23.94 299.773923  -3.270819 33.347
 83    15.108 55108.08527043 22.09 299.773202  -3.267506 12.684
 83    15.300 55108.08527108 22.45 299.772472  -3.264206 12.684
 83    15.546 55108.08527172 25.07 299.771742  -3.260906 12.684
 84    16.867 55143.08527330 25.81 299.773522  -3.274466 28.909
 84    11.792 55143.08527395 23.08 299.772792  -3.271156 28.909
 84    11.840 55143.08527459 23.66 299.772072  -3.267856 28.909
 84    11.947 55143.08527524 22.56 299.771338  -3.264544 14.892
 84    12.179 55143.08527588 21.53 299.770608  -3.261244 14.892
 85    17.331 55178.08524000 26.05 299.777459  -3.279871 27.386
 85    10.435 55178.08524065 23.25 299.776729  -3.276561 27.386
 85     9.920 55178.08524129 20.97 299.775999  -3.273261 27.386
 85    11.029 55178.08524194 19.13 299.775276  -3.269951 18.968
 85    13.566 55178.08524258 17.80 299.774546  -3.266651 18.968
 85    17.541 55178.08524323 16.86 299.773816  -3.263341 18.968
 85    18.288 55178.08524387 15.52 299.773086  -3.260041 18.968
 86    17.560 55213.08526764 26.16 299.775254  -3.277986 17.352
 86    16.695 55213.08526829 25.99 299.774524  -3.274676 17.352
 86    15.754 55213.08526893 26.77 299.773794  -3.271376 17.352
 86    15.761 55213.08526958 27.82 299.773074  -3.268076 17.352
 86    15.749 55213.08527022 27.83 299.772339  -3.264772  8.468
 86    15.941 55213.08527087 27.02 299.771619  -3.261462  8.468
 87    17.170 55248.08524092 28.16 299.776771  -3.278055 27.348
 87    16.961 55248.08524157 28.65 299.776041  -3.274755 27.348
 87    17.002 55248.08524221 29.87 299.775311  -3.271445 27.348
 87    16.919 55248.08524286 30.37 299.774581  -3.268145 27.348
 87    17.094 55248.08524350 29.86 299.773852  -3.264833 10.567
 87    17.166 55248.08524415 29.23 299.773132  -3.261533 10.567
 88    18.334 55283.08526123 35.12 299.774171  -3.276890 36.082
 88    17.997 55283.08526188 22.54 299.773441  -3.273590 36.082
 88    11.642 55283.08526252 24.53 299.772721  -3.270280 36.082
 88    17.620 55283.08526317 19.08 299.771991  -3.266980 36.082
 88    18.348 55283.08526381 16.38 299.771259  -3.263669 16.185
 88    18.809 55283.08526445 16.44 299.770529  -3.260369 16.185
 89    20.689 55318.08523212 33.89 299.773401  -3.275178 40.361
 89    20.664 55318.08523276 28.87 299.772681  -3.271878 40.361
 89    20.558 55318.08523340 27.21 299.771946  -3.268566 13.748
 89    20.614 55318.08523405 28.24 299.771226  -3.265266 13.748
 89    20.687 55318.08523469 27.03 299.770496  -3.261966 13.748
 89    20.917 55318.08523534 29.01 299.769766  -3.258656 13.748
 90    21.862 55353.08523459 42.17 299.774652  -3.276138 37.054
 90    21.819 55353.08523523 34.15 299.773932  -3.272838 37.054
 90    21.759 55353.08523588 33.31 299.773202  -3.269538 37.054
 90    21.861 55353.08523652 34.03 299.772468  -3.266234 14.688
 90    22.025 55353.08523717 35.09 299.771748  -3.262924 14.688
 90    22.037 55353.08523781 39.28 299.771018  -3.259624 14.688
 91    21.401 55388.08523122 40.78 299.774301  -3.277019 40.213
 91    21.214 55388.08523187 30.59 299.773571  -3.273709 40.213
 91    21.282 55388.08523251 29.70 299.772841  -3.270409 40.213
 91    21.279 55388.08523316 31.09 299.772120  -3.267098 16.455
 91    21.351 55388.08523380 29.12 299.771390  -3.263798 16.455
 91    21.604 55388.08523445 32.23 299.770660  -3.260488 16.455
 92    18.792 55423.08525177 38.03 299.776338  -3.277889 22.061
 92    18.531 55423.08525241 27.42 299.775608  -3.274579 22.061
 92    18.503 55423.08525306 27.80 299.774888  -3.271279 22.061
 92    18.598 55423.08525370 27.17 299.774158  -3.267969 22.061
 92    18.766 55423.08525435 28.14 299.773428  -3.264669 22.061
 92    18.867 55423.08525499 28.69 299.772698  -3.261359 22.061
 93    17.720 55458.08522412 28.52 299.775926  -3.278336 29.503
 93    16.845 55458.08522476 24.91 299.775196  -3.275036 29.503
 93     9.693 55458.08522541 21.84 299.774466  -3.271726 29.503
 93    11.435 55458.08522605 20.45 299.773736  -3.268426 29.503
 93    13.115 55458.08522670 18.92 299.773016  -3.265116 29.503
 93    15.795 55458.08522734 16.38 299.772284  -3.261821 15.914
