#    0.000   0.000   0.000 ;Mean Elev.(m), Avg Gradient(m/km), RMS Gradient(m/km) - SRTM1     
#    0.000   0.000   0.000 ;Mean Elev.(m), Avg Gradient(m/km), RMS Gradient(m/km) - ASTER GDEM
#    0.647  -0.655   4.225 ;Mean Elev.(m), Avg Gradient(m/km), RMS Gradient(m/km) - GMTED2010 
  7     1.812 52446.05986187 16.24 308.656441  -1.235756  8.919
  7     1.682 52446.05986252 11.88 308.655711  -1.232446  8.919
  7     1.319 52446.05986316 11.45 308.654991  -1.229146  8.919
  7     1.314 52446.05986380 10.83 308.654261  -1.225836  8.919
  7     1.252 52446.05986445  9.83 308.653531  -1.222535 10.122
  7     1.254 52446.05986509 10.11 308.652801  -1.219225 10.122
  7     1.291 52446.05986574 10.22 308.652081  -1.215925 10.122
  7     1.423 52446.05986638 11.00 308.651351  -1.212615 10.122
  7     1.476 52446.05986703 10.99 308.650631  -1.209315 10.122
  7     1.851 52446.05986767 12.63 308.649901  -1.206005 10.122
  8     2.518 52481.05985325 20.14 308.662334  -1.234657  8.166
  8     2.457 52481.05985389 18.61 308.661614  -1.231357  8.166
  8     2.232 52481.05985454 18.09 308.660884  -1.228047  8.166
  8     2.216 52481.05985518 18.17 308.660164  -1.224747  8.166
  8     2.057 52481.05985583 17.67 308.659434  -1.221437  8.166
  8     2.020 52481.05985647 17.98 308.658706  -1.218135  7.981
  8     1.928 52481.05985712 17.79 308.657976  -1.214825  7.981
  8     2.001 52481.05985776 17.39 308.657256  -1.211525  7.981
  8     2.056 52481.05985841 17.59 308.656526  -1.208215  7.981
  8     2.352 52481.05985905 17.63 308.655806  -1.204915  7.981
  9     1.708 52516.05980454 20.88 308.670616  -1.232586 17.150
  9     1.553 52516.05980519 16.69 308.669886  -1.229276 17.150
  9     1.678 52516.05980583 15.54 308.669162  -1.225974  6.396
  9     1.821 52516.05980648 14.57 308.668432  -1.222664  6.396
  9     2.036 52516.05980712 13.70 308.667712  -1.219364  6.396
  9     2.097 52516.05980777 12.40 308.666982  -1.216054  6.396
  9     2.049 52516.05980841 11.98 308.666252  -1.212754  6.396
  9     2.024 52516.05980906 12.45 308.665532  -1.209444  6.396
  9     2.159 52516.05980970 11.95 308.664802  -1.206144  6.396
  9     2.207 52516.05981034 11.31 308.664072  -1.202834  6.396
  9     2.290 52516.05981099 11.89 308.663352  -1.199534  6.396
 10     1.383 52551.05985173 13.22 308.661854  -1.234638  4.475
 10     1.008 52551.05985238 13.65 308.661124  -1.231328  4.475
 10     0.899 52551.05985302 12.94 308.660394  -1.228028  4.475
 10    -1.930 52551.05985367 17.99 308.659674  -1.224718  4.475
 10     0.325 52551.05985431 16.04 308.658944  -1.221418  4.475
 10     0.179 52551.05985495 15.20 308.658214  -1.218108  4.475
 10     0.277 52551.05985560 15.79 308.657494  -1.214808  4.475
 10    -4.598 52551.05985624 19.32 308.656764  -1.211498  4.475
 10     0.809 52551.05985689 14.46 308.656034  -1.208198  4.475
 10     1.078 52551.05985753 13.23 308.655304  -1.204888  4.475
 11     1.443 52586.05982390 23.92 308.674541  -1.232477 13.347
 11     1.160 52586.05982454 22.54 308.673821  -1.229177 13.347
 11     1.038 52586.05982518 20.20 308.673091  -1.225867 13.347
 11     1.501 52586.05982583 15.97 308.672363  -1.222565  2.853
 11     1.367 52586.05982647 15.67 308.671633  -1.219255  2.853
 11     1.657 52586.05982712 15.14 308.670913  -1.215955  2.853
 11     1.643 52586.05982776 14.51 308.670183  -1.212645  2.853
 11     1.772 52586.05982841 13.70 308.669453  -1.209345  2.853
 11     1.811 52586.05982905 12.89 308.668733  -1.206035  2.853
 11     1.942 52586.05982970 12.55 308.668003  -1.202735  2.853
 11     1.875 52586.05983034 11.94 308.667283  -1.199425  2.853
 12    -0.128 52621.05980370 21.37 308.665029  -1.234336 11.755
 12    -0.631 52621.05980434 19.07 308.664309  -1.231026 11.755
 12    -1.050 52621.05980499 17.81 308.663579  -1.227726 11.755
 12     0.333 52621.05980563 15.56 308.662849  -1.224416 11.755
 12     0.619 52621.05980627 14.12 308.662129  -1.221116 11.755
 12     0.484 52621.05980692 14.67 308.661399  -1.217806 11.755
 12     0.503 52621.05980756 14.19 308.660675  -1.214503  2.444
 12     0.580 52621.05980821 13.52 308.659945  -1.211193  2.444
 12     0.768 52621.05980885 13.24 308.659225  -1.207893  2.444
 12     1.010 52621.05980950 12.30 308.658495  -1.204583  2.444
 12     1.486 52621.05981014 12.04 308.657765  -1.201283  2.444
 15     1.117 52726.05983364 20.08 308.667972  -1.232802  8.322
 15     1.279 52726.05983429 16.82 308.667242  -1.229492  8.322
 15     1.260 52726.05983493 17.00 308.666512  -1.226192  8.322
 15     1.098 52726.05983557 16.58 308.665792  -1.222882  8.322
 15     1.223 52726.05983622 16.57 308.665062  -1.219582  8.322
 15     1.039 52726.05983686 16.85 308.664332  -1.216272  8.322
 15     1.030 52726.05983751 15.70 308.663612  -1.212972  8.322
 15     1.092 52726.05983815 15.50 308.662882  -1.209662  8.322
 15     1.478 52726.05983880 14.92 308.662162  -1.206362  8.322
 15     1.974 52726.05983944 14.70 308.661432  -1.203052  8.322
 15     2.442 52726.05984009 14.74 308.660702  -1.199749  7.949
 16     2.400 52761.05984984 19.77 308.656218  -1.235364 13.253
 16     2.192 52761.05985049 18.99 308.655488  -1.232064 13.253
 16     2.235 52761.05985113 15.07 308.654758  -1.228754 13.253
 16     2.367 52761.05985178 14.25 308.654038  -1.225454 13.253
 16     2.348 52761.05985242 13.51 308.653308  -1.222144 13.253
 16     2.315 52761.05985307 13.58 308.652585  -1.218842  8.904
 16     2.340 52761.05985371 13.94 308.651855  -1.215532  8.904
 16     2.449 52761.05985436 14.04 308.651135  -1.212232  8.904
 16     2.511 52761.05985500 13.90 308.650405  -1.208922  8.904
 16     2.697 52761.05985564 14.26 308.649675  -1.205622  8.904
 17     2.154 52796.05980826 30.52 308.672817  -1.234713 11.552
 17     1.708 52796.05980890 27.22 308.672097  -1.231403 11.552
 17     1.082 52796.05980955 23.16 308.671367  -1.228103 11.552
 17     1.461 52796.05981019 17.52 308.670637  -1.224793 11.552
 17     1.890 52796.05981083 16.75 308.669917  -1.221493 11.552
 17     2.236 52796.05981148 14.99 308.669187  -1.218183 11.552
 17     2.266 52796.05981212 14.49 308.668457  -1.214883 11.552
 17     2.347 52796.05981277 14.07 308.667737  -1.211573 11.552
 17     2.393 52796.05981341 14.08 308.667007  -1.208273 11.552
 17     2.484 52796.05981406 13.40 308.666277  -1.204963 11.552
 17     2.584 52796.05981470 13.85 308.665557  -1.201663 11.552
 17     2.567 52796.05981535 15.29 308.664827  -1.198353 11.552
 18     1.338 52831.05987459 25.45 308.674265  -1.234474 11.743
 18     1.072 52831.05987523 24.18 308.673539  -1.231173  6.793
 18     1.221 52831.05987588 23.06 308.672819  -1.227863  6.793
 18     1.105 52831.05987652 22.10 308.672089  -1.224563  6.793
 18     1.078 52831.05987717 21.23 308.671359  -1.221253  6.793
 18     0.753 52831.05987781 21.06 308.670639  -1.217953  6.793
 18     0.354 52831.05987846 20.67 308.669909  -1.214643  6.793
 18    -0.429 52831.05987910 22.81 308.669179  -1.211343  6.793
 18    -0.200 52831.05987975 20.93 308.668459  -1.208033  6.793
 18     1.283 52831.05988039 17.57 308.667729  -1.204733  6.793
 18     1.527 52831.05988103 18.52 308.666999  -1.201423  6.793
 18     2.286 52831.05988168 16.20 308.666279  -1.198123  6.793
 19     2.529 52866.05991834 19.93 308.676054  -1.233670 16.700
 19     2.380 52866.05991898 17.82 308.675324  -1.230360 16.700
 19     2.275 52866.05991963 16.83 308.674594  -1.227060 16.700
 19     2.062 52866.05992027 16.61 308.673874  -1.223750 16.700
 19     2.035 52866.05992092 15.76 308.673142  -1.220448  8.877
 19     2.106 52866.05992156 15.52 308.672422  -1.217138  8.877
 19     2.147 52866.05992221 15.12 308.671692  -1.213838  8.877
 19     2.139 52866.05992285 14.68 308.670962  -1.210528  8.877
 19     2.257 52866.05992350 13.90 308.670242  -1.207228  8.877
 19     2.298 52866.05992414 14.10 308.669512  -1.203918  8.877
 19     2.495 52866.05992479 15.08 308.668782  -1.200618  8.877
 19     2.651 52866.05992543 16.67 308.668062  -1.197308  8.877
 20     0.844 52901.05994728 15.95 308.665205  -1.233270 15.707
 20     1.043 52901.05994793 16.40 308.664478  -1.229968  7.115
 20     1.150 52901.05994857 15.12 308.663748  -1.226658  7.115
 20     1.295 52901.05994922 13.80 308.663028  -1.223358  7.115
 20     1.467 52901.05994986 12.25 308.662298  -1.220048  7.115
 20     1.438 52901.05995051 12.98 308.661568  -1.216748  7.115
 20     1.446 52901.05995115 11.60 308.660848  -1.213438  7.115
 20     1.464 52901.05995180 11.75 308.660118  -1.210138  7.115
 20     1.530 52901.05995244 11.71 308.659398  -1.206828  7.115
 20     1.790 52901.05995309 12.99 308.658668  -1.203528  7.115
 21     1.441 52936.05988866 13.56 308.664411  -1.232515  3.789
 21     0.684 52936.05988930 14.74 308.663688  -1.229212  6.598
 21     0.530 52936.05988995 15.19 308.662958  -1.225902  6.598
 21     0.372 52936.05989059 15.66 308.662238  -1.222602  6.598
 21     0.029 52936.05989124 16.76 308.661508  -1.219292  6.598
 21     0.456 52936.05989188 14.30 308.660778  -1.215992  6.598
 21     0.743 52936.05989253 12.37 308.660058  -1.212682  6.598
 21     0.718 52936.05989317 12.51 308.659328  -1.209382  6.598
 21     1.000 52936.05989382 12.26 308.658608  -1.206072  6.598
 21     1.691 52936.05989446 11.57 308.657878  -1.202772  6.598
 22     2.417 52971.05991133 18.03 308.666147  -1.235279  4.397
 22     2.155 52971.05991198 14.66 308.665427  -1.231969  4.397
 22     2.055 52971.05991262 14.36 308.664697  -1.228669  4.397
 22     2.048 52971.05991327 14.25 308.663967  -1.225359  4.397
 22     2.101 52971.05991391 14.07 308.663247  -1.222059  4.397
 22     2.173 52971.05991455 13.37 308.662517  -1.218749  4.397
 22     2.158 52971.05991520 13.35 308.661787  -1.215449  4.397
 22     2.241 52971.05991584 12.59 308.661067  -1.212139  4.397
 22     2.255 52971.05991649 12.35 308.660337  -1.208839  4.397
 22     2.398 52971.05991713 12.41 308.659607  -1.205529  4.397
 22     2.557 52971.05991778 11.99 308.658887  -1.202229  4.397
 23     0.625 53006.05992549 17.47 308.661001  -1.234987  9.812
 23     0.531 53006.05992614 18.42 308.660272  -1.231686  4.716
 23     0.478 53006.05992678 17.77 308.659542  -1.228376  4.716
 23     0.383 53006.05992743 17.43 308.658822  -1.225076  4.716
 23    -0.204 53006.05992807 19.61 308.658092  -1.221766  4.716
 23    -0.072 53006.05992872 19.22 308.657372  -1.218466  4.716
 23    -0.302 53006.05992936 19.11 308.656642  -1.215156  4.716
 23    -0.366 53006.05993001 19.54 308.655912  -1.211856  4.716
 23    -2.093 53006.05993065 18.73 308.655192  -1.208546  4.716
 23    -3.713 53006.05993130 19.01 308.654462  -1.205246  4.716
 24     2.009 53041.05987796 15.73 308.663671  -1.232696 10.051
 24     1.832 53041.05987860 15.02 308.662941  -1.229386 10.051
 24     1.726 53041.05987925 13.59 308.662211  -1.226086 10.051
 24     1.760 53041.05987989 13.50 308.661491  -1.222776 10.051
 24     1.800 53041.05988054 13.48 308.660761  -1.219476 10.051
 24     1.808 53041.05988118 12.60 308.660031  -1.216166 10.051
 24     1.847 53041.05988183 12.10 308.659311  -1.212866 10.051
 24     1.804 53041.05988247 12.16 308.658581  -1.209556 10.051
 24     1.841 53041.05988312 12.77 308.657851  -1.206256 10.051
 24     2.195 53041.05988376 12.54 308.657131  -1.202946 10.051
 25     1.754 53076.05991028 27.65 308.662739  -1.233259 14.319
 25     0.986 53076.05991093 27.35 308.662019  -1.229949 14.319
 25    -0.053 53076.05991157 26.25 308.661289  -1.226649 14.319
 25    -0.676 53076.05991222 22.18 308.660559  -1.223339 14.319
 25    -2.094 53076.05991286 21.42 308.659839  -1.220039 14.319
 25     1.112 53076.05991351 19.60 308.659109  -1.216729 14.319
 25     2.149 53076.05991415 19.02 308.658379  -1.213429 14.319
 25     2.466 53076.05991479 17.64 308.657659  -1.210119 14.319
 25     2.864 53076.05991544 15.77 308.656929  -1.206819 14.319
 25     2.864 53076.05991608 16.65 308.656209  -1.203509 14.319
 26 14378.877 53111.05988008 18.52 308.661078  -1.235075 14.224
 26 14378.774 53111.05988072 16.00 308.660348  -1.231765 14.224
 26 14378.517 53111.05988137 16.82 308.659628  -1.228465 14.224
 26 14378.522 53111.05988201 14.45 308.658898  -1.225155 14.224
 26 14378.568 53111.05988266 14.22 308.658168  -1.221855 14.224
 26 14378.597 53111.05988330 13.24 308.657448  -1.218545 14.224
 26 14378.613 53111.05988395 13.11 308.656712  -1.215245 11.394
 26 14378.702 53111.05988459 13.48 308.655992  -1.211935 11.394
 26 14378.788 53111.05988523 13.84 308.655262  -1.208635 11.394
 26 14379.201 53111.05988588 13.79 308.654532  -1.205325 11.394
 27     2.456 53146.05992341 17.21 308.663507  -1.233157 11.868
 27     2.370 53146.05992406 17.29 308.662777  -1.229857 11.868
 27     2.088 53146.05992470 16.45 308.662047  -1.226547 11.868
 27     2.153 53146.05992535 16.20 308.661327  -1.223247 11.868
 27     2.196 53146.05992599 15.49 308.660597  -1.219937 11.868
 27     2.122 53146.05992664 15.29 308.659867  -1.216637 11.868
 27     2.170 53146.05992728 15.35 308.659147  -1.213327 11.868
 27     2.215 53146.05992793 14.77 308.658417  -1.210027 11.868
 27     2.405 53146.05992857 14.97 308.657687  -1.206717 11.868
 27     2.624 53146.05992922 16.07 308.656967  -1.203417 11.868
 28     2.452 53181.05993110 41.62 308.670893  -1.234213 14.504
 28     2.490 53181.05993174 40.27 308.670163  -1.230913 14.504
 28     2.347 53181.05993239 40.73 308.669443  -1.227603 14.504
 28     2.376 53181.05993303 39.76 308.668713  -1.224303 14.504
 28     2.446 53181.05993368 37.68 308.667983  -1.220993 14.504
 28     2.384 53181.05993432 36.86 308.667263  -1.217693 14.504
 28     2.329 53181.05993497 36.12 308.666533  -1.214383 14.504
 28     2.206 53181.05993561 34.56 308.665803  -1.211083 14.504
 28     2.021 53181.05993626 33.29 308.665083  -1.207773 14.504
 28     2.181 53181.05993690 32.89 308.664353  -1.204473 14.504
 28     2.432 53181.05993755 32.38 308.663623  -1.201163 14.504
 29     0.700 53216.05995363 24.49 308.665360  -1.235319 11.821
 29     1.046 53216.05995427 20.23 308.664630  -1.232019 11.821
 29     1.169 53216.05995492 17.88 308.663910  -1.228709 11.821
 29     0.874 53216.05995556 17.82 308.663180  -1.225409 11.821
 29     1.085 53216.05995621 16.74 308.662450  -1.222099 11.821
 29     1.071 53216.05995685 16.03 308.661730  -1.218799 11.821
 29     0.992 53216.05995750 15.95 308.661000  -1.215489 11.821
 29     0.946 53216.05995814 16.36 308.660270  -1.212189 11.821
 29     1.249 53216.05995879 14.77 308.659550  -1.208879 11.821
 29     1.590 53216.05995943 13.94 308.658820  -1.205579 11.821
 29     2.174 53216.05996008 14.03 308.658090  -1.202269 11.821
 30     2.165 53251.05993277 23.39 308.662773  -1.232753 11.472
 30     1.271 53251.05993341 22.78 308.662043  -1.229443 11.472
 30     2.021 53251.05993406 19.57 308.661313  -1.226143 11.472
 30     2.211 53251.05993470 16.70 308.660593  -1.222833 11.472
 30     2.075 53251.05993535 17.74 308.659863  -1.219533 11.472
 30     2.275 53251.05993599 16.37 308.659143  -1.216223 11.472
 30     2.346 53251.05993664 16.00 308.658413  -1.212923 11.472
 30     2.438 53251.05993728 15.96 308.657683  -1.209613 11.472
 30     2.559 53251.05993793 15.38 308.656963  -1.206313 11.472
 30     2.803 53251.05993857 16.00 308.656233  -1.203003 11.472
 31     0.688 53286.05992527 14.19 308.660831  -1.233138  9.639
 31     0.329 53286.05992591 15.31 308.660101  -1.229838  9.639
 31     0.375 53286.05992656 14.21 308.659371  -1.226528  9.639
 31     0.277 53286.05992720 14.74 308.658651  -1.223228  9.639
 31     0.257 53286.05992785 14.51 308.657921  -1.219918  9.639
 31     0.350 53286.05992849 14.69 308.657191  -1.216618  9.639
 31     0.443 53286.05992913 12.79 308.656471  -1.213308  9.639
 31     0.639 53286.05992978 11.76 308.655741  -1.210008  9.639
 31     0.969 53286.05993042 12.89 308.655011  -1.206698  9.639
 31     1.703 53286.05993107 11.33 308.654291  -1.203398  9.639
 32     1.134 53321.05990139 16.78 308.675460  -1.232341  5.928
 32     1.208 53321.05990203 20.01 308.674730  -1.229031  5.928
 32     1.169 53321.05990268 20.21 308.674010  -1.225731  5.928
 32     1.015 53321.05990332 19.33 308.673280  -1.222421  5.928
 32     0.736 53321.05990397 19.45 308.672550  -1.219121  5.928
 32     0.638 53321.05990461 16.15 308.671830  -1.215811  5.928
 32     0.649 53321.05990526 13.78 308.671100  -1.212511  5.928
 32     0.840 53321.05990590 12.68 308.670370  -1.209201  5.928
 32     0.892 53321.05990655 11.70 308.669650  -1.205901  5.928
 32     0.946 53321.05990719 11.20 308.668920  -1.202591  5.928
 32     1.192 53321.05990784 11.23 308.668190  -1.199291  5.928
 33     2.287 53356.05987056 19.97 308.673429  -1.234414 11.409
 33     1.807 53356.05987121 18.48 308.672709  -1.231114 11.409
 33     1.886 53356.05987185 18.02 308.671979  -1.227804 11.409
 33     1.984 53356.05987250 17.39 308.671249  -1.224504 11.409
 33     2.039 53356.05987314 16.97 308.670529  -1.221194 11.409
 33     1.798 53356.05987378 17.28 308.669799  -1.217894 11.409
 33     1.890 53356.05987443 17.07 308.669069  -1.214584 11.409
 33     1.589 53356.05987507 18.39 308.668349  -1.211284 11.409
 33     1.798 53356.05987572 16.14 308.667619  -1.207974 11.409
 33     1.968 53356.05987636 15.06 308.666899  -1.204674 11.409
 33     2.227 53356.05987701 12.94 308.666169  -1.201364 11.409
 33     2.194 53356.05987765 13.00 308.665439  -1.198064 11.409
 34     0.583 53391.05988310 14.87 308.666057  -1.235243  9.884
 34     0.404 53391.05988375 14.48 308.665327  -1.231943  9.884
 34     0.525 53391.05988439 14.52 308.664607  -1.228633  9.884
 34     0.409 53391.05988504 14.89 308.663877  -1.225333  9.884
 34     0.484 53391.05988568 14.37 308.663147  -1.222023  9.884
 34     0.347 53391.05988633 14.34 308.662427  -1.218723  9.884
 34     0.334 53391.05988697 14.51 308.661697  -1.215413  9.884
 34     0.553 53391.05988762 13.00 308.660967  -1.212113  9.884
 34     0.642 53391.05988826 12.78 308.660247  -1.208803  9.884
 34     0.826 53391.05988891 12.31 308.659517  -1.205503  9.884
 34     1.716 53391.05988955 10.91 308.658787  -1.202193  9.884
 35     2.007 53426.05988002 18.58 308.671397  -1.232652 11.162
 35     1.815 53426.05988066 18.20 308.670667  -1.229352 11.162
 35     1.677 53426.05988131 17.02 308.669947  -1.226042 11.162
 35     1.678 53426.05988195 16.86 308.669217  -1.222742 11.162
 35     1.783 53426.05988260 16.04 308.668487  -1.219432 11.162
 35     1.744 53426.05988324 15.94 308.667767  -1.216132 11.162
 35     1.772 53426.05988389 15.20 308.667037  -1.212822 11.162
 35     1.773 53426.05988453 14.23 308.666307  -1.209522 11.162
 35     1.989 53426.05988518 13.52 308.665587  -1.206212 11.162
 35     2.151 53426.05988582 13.63 308.664857  -1.202912 11.162
 35     2.237 53426.05988646 13.34 308.664137  -1.199602 11.162
 36     2.507 53461.05988971 23.51 308.671776  -1.233865 11.009
 36     2.643 53461.05989035 21.53 308.671056  -1.230555 11.009
 36     2.757 53461.05989100 19.09 308.670326  -1.227255 11.009
 36     2.795 53461.05989164 19.26 308.669596  -1.223945 11.009
 36     2.794 53461.05989229 19.18 308.668876  -1.220645 11.009
 36     2.745 53461.05989293 18.51 308.668146  -1.217335 11.009
 36     2.722 53461.05989358 18.70 308.667416  -1.214035 11.009
 36     2.685 53461.05989422 18.59 308.666696  -1.210725 11.009
 36     2.691 53461.05989487 17.83 308.665966  -1.207425 11.009
 36     2.782 53461.05989551 17.83 308.665236  -1.204115 11.009
 36     2.815 53461.05989616 17.79 308.664516  -1.200815 11.009
 37     2.110 53496.05996992 20.39 308.659656  -1.236341 11.273
 37     1.665 53496.05997056 21.36 308.658926  -1.233041 11.273
 37     1.328 53496.05997121 20.73 308.658206  -1.229731 11.273
 37     1.418 53496.05997185 17.12 308.657475  -1.226431 10.663
 37     1.539 53496.05997250 15.02 308.656755  -1.223121 10.663
 37     1.692 53496.05997314 14.05 308.656025  -1.219821 10.663
 37     1.639 53496.05997379 14.08 308.655295  -1.216511 10.663
 37     1.814 53496.05997443 13.50 308.654575  -1.213211 10.663
 37     1.967 53496.05997507 13.44 308.653845  -1.209901 10.663
 37     2.540 53496.05997572 13.65 308.653115  -1.206601 10.663
 37     2.959 53496.05997636 16.47 308.652395  -1.203291 10.663
 38     2.496 53531.05994814 16.59 308.671340  -1.232323  7.977
 38     2.384 53531.05994878 14.85 308.670620  -1.229013  7.977
 38     2.044 53531.05994943 14.84 308.669890  -1.225713  7.977
 38     2.206 53531.05995007 14.28 308.669160  -1.222403  7.977
 38     2.121 53531.05995072 14.18 308.668440  -1.219103  7.977
 38     2.111 53531.05995136 14.38 308.667710  -1.215793  7.977
 38     2.247 53531.05995201 13.45 308.666980  -1.212493  7.977
 38     2.257 53531.05995265 13.68 308.666260  -1.209183  7.977
 38     2.293 53531.05995330 13.14 308.665530  -1.205883  7.977
 38     2.420 53531.05995394 14.47 308.664810  -1.202573  7.977
 38     2.653 53531.05995459 17.68 308.664080  -1.199273  7.977
 39     1.680 53566.05997422 16.41 308.660342  -1.233436  9.700
 39     1.614 53566.05997486 15.69 308.659612  -1.230136  9.700
 39     1.497 53566.05997551 15.33 308.658892  -1.226826  9.700
 39     1.510 53566.05997615 15.68 308.658162  -1.223526  9.700
 39     1.599 53566.05997680 15.10 308.657432  -1.220216  9.700
 39     1.593 53566.05997744 14.53 308.656712  -1.216916  9.700
 39     1.625 53566.05997809 15.34 308.655982  -1.213606  9.700
 39     1.775 53566.05997873 15.01 308.655252  -1.210306  9.700
 39     1.998 53566.05997937 14.64 308.654532  -1.206996  9.700
 39     2.269 53566.05998002 15.48 308.653802  -1.203696  9.700
 40     1.328 53601.05991742 17.77 308.668595  -1.232166  6.522
 40     1.314 53601.05991806 15.98 308.667865  -1.228866  6.522
 40     1.112 53601.05991871 15.69 308.667145  -1.225556  6.522
 40     1.143 53601.05991935 16.02 308.666415  -1.222256  6.522
 40     1.117 53601.05991999 14.31 308.665685  -1.218946  6.522
 40     1.170 53601.05992064 14.26 308.664965  -1.215646  6.522
 40     1.277 53601.05992128 13.93 308.664235  -1.212336  6.522
 40     1.352 53601.05992193 13.42 308.663505  -1.209036  6.522
 40     1.516 53601.05992257 13.42 308.662785  -1.205726  6.522
 40     1.952 53601.05992322 13.47 308.662055  -1.202426  6.522
 41     2.285 53636.05991438 15.55 308.663290  -1.234603  8.427
 41     2.186 53636.05991502 12.97 308.662560  -1.231303  8.427
 41     2.097 53636.05991567 12.36 308.661840  -1.227993  8.427
 41     2.085 53636.05991631 12.17 308.661110  -1.224693  8.427
 41     2.108 53636.05991696 11.60 308.660380  -1.221383  8.427
 41     2.230 53636.05991760 11.19 308.659660  -1.218083  8.427
 41     2.205 53636.05991825 11.52 308.658930  -1.214773  8.427
 41     2.125 53636.05991889 11.31 308.658200  -1.211473  8.427
 41     2.261 53636.05991954 11.29 308.657480  -1.208163  8.427
 41     2.441 53636.05992018 11.96 308.656750  -1.204863  8.427
 42     0.346 53671.05993509 23.84 308.661847  -1.235889  8.180
 42     0.136 53671.05993573 35.50 308.661117  -1.232589  8.180
 42    -0.018 53671.05993637 33.76 308.660397  -1.229279  8.180
 42    -0.463 53671.05993702 26.84 308.659666  -1.225977 16.215
 42    -1.201 53671.05993766 28.62 308.658936  -1.222667 16.215
 42    -1.919 53671.05993831 31.70 308.658216  -1.219367 16.215
 42    -2.961 53671.05993895 26.61 308.657486  -1.216057 16.215
 42    -3.951 53671.05993960 25.33 308.656766  -1.212757 16.215
 42    -5.830 53671.05994024 26.50 308.656036  -1.209447 16.215
 42    -6.840 53671.05994089 22.48 308.655306  -1.206147 16.215
 42    -8.781 53671.05994153 24.10 308.654586  -1.202837 16.215
 43     1.015 53706.05986759 17.49 308.673710  -1.232707 11.459
 43     1.081 53706.05986823 17.61 308.672980  -1.229407 11.459
 43     1.084 53706.05986888 19.62 308.672250  -1.226097 11.459
 43     0.949 53706.05986952 19.17 308.671530  -1.222797 11.459
 43     0.808 53706.05987017 16.75 308.670800  -1.219487 11.459
 43     0.723 53706.05987081 16.02 308.670074  -1.216185  2.964
 43     0.627 53706.05987146 16.05 308.669344  -1.212875  2.964
 43     0.929 53706.05987210 14.09 308.668624  -1.209575  2.964
 43     1.054 53706.05987275 12.55 308.667894  -1.206265  2.964
 43     1.188 53706.05987339 12.50 308.667174  -1.202965  2.964
 43     1.255 53706.05987404 11.88 308.666444  -1.199655  2.964
 44     1.597 53741.05978083 17.72 308.671011  -1.233247 15.251
 44     1.522 53741.05978148 18.37 308.670281  -1.229937 15.251
 44     1.400 53741.05978212 18.36 308.669561  -1.226637 15.251
 44     1.903 53741.05978277 15.50 308.668831  -1.223327 15.251
 44     1.996 53741.05978341 15.24 308.668112  -1.220024  6.894
 44     1.978 53741.05978406 14.64 308.667382  -1.216714  6.894
 44     1.899 53741.05978470 14.53 308.666662  -1.213414  6.894
 44     2.010 53741.05978535 14.18 308.665932  -1.210104  6.894
 44     2.040 53741.05978599 14.09 308.665202  -1.206804  6.894
 44     2.228 53741.05978664 14.44 308.664482  -1.203494  6.894
 44     2.388 53741.05978728 14.82 308.663752  -1.200194  6.894
 45     1.189 53776.05980358 17.15 308.672065  -1.231923 10.857
 45     1.183 53776.05980423 15.52 308.671345  -1.228613 10.857
 45     1.128 53776.05980487 15.24 308.670613  -1.225311  6.595
 45     1.169 53776.05980552 14.58 308.669893  -1.222001  6.595
 45     1.145 53776.05980616 14.18 308.669163  -1.218701  6.595
 45     1.170 53776.05980681 13.77 308.668433  -1.215391  6.595
 45     1.119 53776.05980745 14.12 308.667713  -1.212091  6.595
 45     1.155 53776.05980810 13.68 308.666983  -1.208781  6.595
 45     1.447 53776.05980874 13.06 308.666253  -1.205481  6.595
 45     1.756 53776.05980939 12.59 308.665533  -1.202171  6.595
 45     2.213 53776.05981003 12.88 308.664803  -1.198871  6.595
 46     2.743 53811.05978308 20.76 308.670055  -1.235131 14.165
 46     2.465 53811.05978372 16.34 308.669325  -1.231831 14.165
 46     2.333 53811.05978437 15.82 308.668605  -1.228521 14.165
 46     2.327 53811.05978501 15.70 308.667875  -1.225221 14.165
 46     2.386 53811.05978566 15.43 308.667155  -1.221911 14.165
 46     2.431 53811.05978630 14.39 308.666425  -1.218611 14.165
 46     2.454 53811.05978694 14.58 308.665695  -1.215301 14.165
 46     2.466 53811.05978759 14.04 308.664975  -1.212001 14.165
 46     2.606 53811.05978823 14.10 308.664245  -1.208691 14.165
 46     2.642 53811.05978888 14.86 308.663523  -1.205388 12.221
 46     2.806 53811.05978952 15.95 308.662793  -1.202078 12.221
 47     2.748 53846.05983147 17.71 308.663919  -1.232875 15.102
 47     2.425 53846.05983212 15.16 308.663199  -1.229575 15.102
 47     2.378 53846.05983276 14.29 308.662469  -1.226265 15.102
 47     2.437 53846.05983341 14.65 308.661739  -1.222965 15.102
 47     2.433 53846.05983405 14.18 308.661019  -1.219655 15.102
 47     2.507 53846.05983470 14.16 308.660285  -1.216353 10.442
 47     2.447 53846.05983534 14.00 308.659565  -1.213043 10.442
 47     2.545 53846.05983599 14.07 308.658835  -1.209743 10.442
 47     2.548 53846.05983663 15.00 308.658105  -1.206433 10.442
 47     2.663 53846.05983728 16.15 308.657385  -1.203133 10.442
 48     2.582 53881.05985585 27.39 308.671143  -1.232869 16.391
 48     2.246 53881.05985649 26.38 308.670413  -1.229569 16.391
 48     2.163 53881.05985713 26.09 308.669693  -1.226259 16.391
 48     2.322 53881.05985778 25.25 308.668961  -1.222958  6.168
 48     2.298 53881.05985842 24.29 308.668241  -1.219648  6.168
 48     2.221 53881.05985907 23.66 308.667511  -1.216348  6.168
 48     2.021 53881.05985971 23.27 308.666781  -1.213038  6.168
 48     1.795 53881.05986036 22.83 308.666061  -1.209738  6.168
 48     1.852 53881.05986100 22.92 308.665331  -1.206428  6.168
 48     2.176 53881.05986165 21.68 308.664601  -1.203128  6.168
 48     2.766 53881.05986229 21.51 308.663881  -1.199818  6.168
 49    -0.610 53916.05991515 11.51 308.659393  -1.234263  6.635
 49    -1.147 53916.05991579 10.45 308.658663  -1.230953  6.635
 49    -1.696 53916.05991644 10.05 308.657943  -1.227653  6.635
 49     1.714 53916.05991708  7.05 308.657213  -1.224343  6.635
 49     2.007 53916.05991773  6.70 308.656483  -1.221043  6.635
 49     2.261 53916.05991837  6.45 308.655763  -1.217733  6.635
 49     2.423 53916.05991902  6.67 308.655033  -1.214431 10.684
 49     2.484 53916.05991966  7.51 308.654303  -1.211121 10.684
 49     2.556 53916.05992031  8.49 308.653583  -1.207821 10.684
 49     2.589 53916.05992095 10.61 308.652853  -1.204511 10.684
 50     1.397 53951.05992266 24.33 308.657642  -1.233876 13.190
 50     1.050 53951.05992331 25.43 308.656912  -1.230576 13.190
 50     0.933 53951.05992395 21.95 308.656192  -1.227266 13.190
 50     0.525 53951.05992460 21.11 308.655462  -1.223966 13.190
 50    -0.247 53951.05992524 22.21 308.654732  -1.220656 13.190
 50    -0.146 53951.05992589 21.80 308.654012  -1.217356 13.190
 50    -0.012 53951.05992653 22.36 308.653282  -1.214046 13.190
 50     0.869 53951.05992718 20.91 308.652554  -1.210742  7.120
 50     1.138 53951.05992782 21.35 308.651824  -1.207432  7.120
 50     1.661 53951.05992847 20.45 308.651104  -1.204132  7.120
 52     1.964 54021.05989873 16.56 308.667707  -1.232627 13.460
 52     1.729 54021.05989938 16.44 308.666977  -1.229317 13.460
 52     1.572 54021.05990002 15.16 308.666257  -1.226017 13.460
 52     1.774 54021.05990067 15.10 308.665527  -1.222707 13.460
 52     1.897 54021.05990131 13.66 308.664797  -1.219407 13.460
 52     1.908 54021.05990196 13.40 308.664077  -1.216097 13.460
 52     1.907 54021.05990260 13.00 308.663343  -1.212795  6.337
 52     1.848 54021.05990325 12.55 308.662623  -1.209485  6.337
 52     2.091 54021.05990389 12.47 308.661893  -1.206185  6.337
 52     2.209 54021.05990454 13.21 308.661163  -1.202875  6.337
 53     0.068 54056.05988934 27.13 308.675546  -1.234469 10.830
 53     0.068 54056.05988998 27.12 308.674816  -1.231169 10.830
 53     0.324 54056.05989063 26.64 308.674086  -1.227859 10.830
 53     0.824 54056.05989127 25.48 308.673366  -1.224559 10.830
 53     0.771 54056.05989192 25.08 308.672636  -1.221249 10.830
 53     0.428 54056.05989256 23.25 308.671906  -1.217949 10.830
 53    -0.086 54056.05989321 22.78 308.671186  -1.214639 10.830
 53    -0.686 54056.05989385 21.77 308.670455  -1.211336  4.707
 53    -0.872 54056.05989450 20.49 308.669725  -1.208026  4.707
 53    -0.117 54056.05989514 18.88 308.669005  -1.204726  4.707
 53     0.101 54056.05989579 18.04 308.668275  -1.201416  4.707
 53     0.462 54056.05989643 16.97 308.667555  -1.198116  4.707
 54    -0.195 54091.05987535 22.99 308.667978  -1.232805 11.800
 54    -0.329 54091.05987599 22.48 308.667258  -1.229495 11.800
 54    -0.619 54091.05987664 22.20 308.666528  -1.226195 11.800
 54    -0.812 54091.05987728 21.30 308.665808  -1.222885 11.800
 54    -0.562 54091.05987793 19.99 308.665078  -1.219585 11.800
 54     1.033 54091.05987857 19.11 308.664348  -1.216275 11.800
 54     1.308 54091.05987922 18.02 308.663628  -1.212975 11.800
 54     1.470 54091.05987986 17.93 308.662898  -1.209665 11.800
 54     1.636 54091.05988051 17.63 308.662173  -1.206363  4.862
 54     1.858 54091.05988115 17.40 308.661443  -1.203053  4.862
 54     2.026 54091.05988180 18.24 308.660723  -1.199753  4.862
 55     2.003 54126.05980575 26.62 308.668552  -1.234422 16.019
 55     1.315 54126.05980639 23.24 308.667822  -1.231112 16.019
 55     0.727 54126.05980704 23.19 308.667102  -1.227812 16.019
 55     0.496 54126.05980768 19.42 308.666372  -1.224502 16.019
 55    -0.154 54126.05980833 18.83 308.665642  -1.221202 16.019
 55     1.347 54126.05980897 17.92 308.664922  -1.217892 16.019
 55     2.081 54126.05980962 16.91 308.664185  -1.214591  8.476
 55     1.927 54126.05981026 17.52 308.663465  -1.211281  8.476
 55     2.185 54126.05981091 15.10 308.662735  -1.207981  8.476
 55     2.394 54126.05981155 14.14 308.662015  -1.204671  8.476
 55     2.529 54126.05981220 14.69 308.661285  -1.201371  8.476
 56     1.744 54161.05984369 15.35 308.665729  -1.232399  6.090
 56     1.439 54161.05984434 15.63 308.664999  -1.229099  6.090
 56     1.304 54161.05984498 15.32 308.664269  -1.225789  6.090
 56     1.335 54161.05984562 15.34 308.663549  -1.222489  6.090
 56     1.503 54161.05984627 13.32 308.662819  -1.219179  6.090
 56     1.651 54161.05984691 12.71 308.662089  -1.215879  6.090
 56     1.719 54161.05984756 12.29 308.661369  -1.212569  6.090
 56     1.682 54161.05984820 12.15 308.660640  -1.209266  9.632
 56     1.916 54161.05984885 12.51 308.659920  -1.205956  9.632
 56     2.323 54161.05984949 13.28 308.659190  -1.202656  9.632
 57     2.368 54196.05980732 10.60 308.667918  -1.234448  5.632
 57     2.330 54196.05980796 10.17 308.667188  -1.231138  5.632
 57     2.498 54196.05980861  8.23 308.666468  -1.227838  5.632
 57     2.521 54196.05980925  7.29 308.665738  -1.224528  5.632
 57     2.594 54196.05980990  7.47 308.665008  -1.221228  5.632
 57     2.582 54196.05981054  8.03 308.664288  -1.217918  5.632
 57     2.621 54196.05981119  8.45 308.663554  -1.214618  8.802
 57     2.583 54196.05981183  8.57 308.662834  -1.211308  8.802
 57     2.572 54196.05981248  9.05 308.662104  -1.208008  8.802
 57     2.536 54196.05981312 10.64 308.661374  -1.204698  8.802
 57     2.773 54196.05981377 12.96 308.660654  -1.201398  8.802
 58     1.252 54231.05985623 21.47 308.667424  -1.233900 15.366
 58     1.288 54231.05985687 21.95 308.666694  -1.230590 15.366
 58     1.288 54231.05985752 20.90 308.665974  -1.227290 15.366
 58     1.036 54231.05985816 19.52 308.665244  -1.223980 15.366
 58     1.146 54231.05985881 17.71 308.664524  -1.220680 15.366
 58     1.313 54231.05985945 16.27 308.663794  -1.217370 15.366
 58     1.414 54231.05986010 15.92 308.663064  -1.214070  7.544
 58     1.341 54231.05986074 15.81 308.662334  -1.210760  7.544
 58     1.569 54231.05986138 15.36 308.661614  -1.207460  7.544
 58     1.937 54231.05986203 14.95 308.660884  -1.204150  7.544
 58     2.237 54231.05986267 14.94 308.660164  -1.200850  7.544
 59     2.082 54266.05987370 18.77 308.668199  -1.234787 10.941
 59     2.108 54266.05987435 14.99 308.667469  -1.231477 10.941
 59     1.713 54266.05987499 15.43 308.666749  -1.228177 10.941
 59     1.620 54266.05987564 15.06 308.666019  -1.224867 10.941
 59     1.308 54266.05987628 15.38 308.665289  -1.221567 10.941
 59     1.549 54266.05987693 14.94 308.664569  -1.218257 10.941
 59     1.810 54266.05987757 14.13 308.663839  -1.214954  9.489
 59     1.742 54266.05987822 13.89 308.663119  -1.211644  9.489
 59     1.888 54266.05987886 13.76 308.662389  -1.208344  9.489
 59     2.197 54266.05987951 12.63 308.661659  -1.205034  9.489
 59     2.458 54266.05988015 13.70 308.660939  -1.201734  9.489
 60     2.409 54301.05987873 16.60 308.668195  -1.232146 11.984
 60     2.219 54301.05987938 15.06 308.667465  -1.228836 11.984
 60     2.264 54301.05988002 14.47 308.666745  -1.225536 11.984
 60     2.300 54301.05988067 14.28 308.666015  -1.222226 11.984
 60     2.399 54301.05988131 14.01 308.665285  -1.218926 11.984
 60     2.398 54301.05988196 13.67 308.664565  -1.215616 11.984
 60     2.402 54301.05988260 13.27 308.663836  -1.212314 10.967
 60     2.444 54301.05988325 12.92 308.663106  -1.209004 10.967
 60     2.451 54301.05988389 13.93 308.662386  -1.205704 10.967
 60     2.624 54301.05988453 14.57 308.661656  -1.202394 10.967
 61     0.690 54336.05986646 18.68 308.667835  -1.233410 10.204
 61     0.281 54336.05986711 21.14 308.667105  -1.230110 10.204
 61     0.704 54336.05986775 15.79 308.666385  -1.226800 10.204
 61     0.192 54336.05986840 18.90 308.665655  -1.223500 10.204
 61    -0.237 54336.05986904 20.30 308.664925  -1.220190 10.204
 61     0.514 54336.05986969 16.50 308.664205  -1.216890 10.204
 61    -0.683 54336.05987033 18.52 308.663475  -1.213580 10.204
 61     0.777 54336.05987098 14.79 308.662748  -1.210278  9.266
 61     1.063 54336.05987162 14.27 308.662018  -1.206968  9.266
 61     1.411 54336.05987227 14.58 308.661298  -1.203668  9.266
 61     2.209 54336.05987291 14.78 308.660568  -1.200358  9.266
 62     2.183 54371.05981031 16.92 308.668648  -1.233994 10.970
 62     2.014 54371.05981095 13.96 308.667918  -1.230694 10.970
 62     1.640 54371.05981160 13.60 308.667198  -1.227384 10.970
 62     1.585 54371.05981224 13.22 308.666465  -1.224082  6.469
 62     1.655 54371.05981289 12.75 308.665745  -1.220772  6.469
 62     1.692 54371.05981353 12.48 308.665015  -1.217472  6.469
 62     1.690 54371.05981418 11.87 308.664285  -1.214162  6.469
 62     1.681 54371.05981482 11.44 308.663565  -1.210862  6.469
 62     1.715 54371.05981547 11.75 308.662835  -1.207552  6.469
 62     2.046 54371.05981611 11.79 308.662105  -1.204252  6.469
 62     2.347 54371.05981676 13.65 308.661385  -1.200942  6.469
 63    -0.008 54406.05981089 23.02 308.666826  -1.234058 10.032
 63    -0.385 54406.05981153 24.10 308.666096  -1.230758 10.032
 63    -0.494 54406.05981218 24.18 308.665376  -1.227448 10.032
 63    -0.618 54406.05981282 22.93 308.664646  -1.224148 10.032
 63    -0.787 54406.05981347 21.58 308.663916  -1.220838 10.032
 63    -0.478 54406.05981411 18.59 308.663196  -1.217538 10.032
 63     0.951 54406.05981476 17.55 308.662466  -1.214228 10.032
 63     0.960 54406.05981540 17.14 308.661746  -1.210928 10.032
 63     1.101 54406.05981605 15.89 308.661016  -1.207618 10.032
 63     1.371 54406.05981669 15.62 308.660289  -1.204315  3.255
 63     1.470 54406.05981734 14.59 308.659559  -1.201005  3.255
 64     0.175 54441.05976838 18.08 308.668916  -1.235098  8.380
 64     0.541 54441.05976902 18.44 308.668186  -1.231798  8.380
 64     0.531 54441.05976967 17.13 308.667466  -1.228488  8.380
 64     0.339 54441.05977031 20.78 308.666736  -1.225188  8.380
 64     0.070 54441.05977095 20.92 308.666006  -1.221878  8.380
 64    -0.373 54441.05977160 19.21 308.665276  -1.218578  8.380
 64    -0.968 54441.05977224 20.61 308.664556  -1.215268  8.380
 64    -1.719 54441.05977289 18.95 308.663826  -1.211968  8.380
 64    -2.759 54441.05977353 19.40 308.663096  -1.208658  8.380
 64     0.171 54441.05977418 16.45 308.662378  -1.205358  3.564
 64    -4.953 54441.05977482 17.91 308.661648  -1.202048  3.564
 65     1.872 54476.05979875 16.59 308.668633  -1.232835 12.140
 65     1.744 54476.05979940 17.27 308.667903  -1.229535 12.140
 65     1.776 54476.05980004 16.55 308.667173  -1.226225 12.140
 65     1.811 54476.05980069 15.76 308.666453  -1.222925 12.140
 65     1.886 54476.05980133 15.65 308.665723  -1.219615 12.140
 65     1.833 54476.05980198 15.69 308.664993  -1.216315 12.140
 65     1.845 54476.05980262 15.26 308.664273  -1.213005 12.140
 65     1.987 54476.05980327 14.09 308.663542  -1.209703  7.178
 65     2.003 54476.05980391 13.81 308.662822  -1.206393  7.178
 65     2.139 54476.05980456 13.75 308.662092  -1.203093  7.178
 65     2.286 54476.05980520 14.56 308.661362  -1.199783  7.178
 66     1.748 54511.05978418 20.24 308.668667  -1.235131  8.355
 66     1.725 54511.05978483 17.71 308.667937  -1.231821  8.355
 66     1.442 54511.05978547 17.53 308.667207  -1.228521  8.355
 66     1.466 54511.05978612 17.18 308.666487  -1.225211  8.355
 66     1.664 54511.05978676 16.39 308.665757  -1.221911  8.355
 66     1.653 54511.05978741 16.35 308.665027  -1.218601  8.355
 66     1.736 54511.05978805 16.56 308.664297  -1.215301  8.355
 66     1.630 54511.05978870 16.38 308.663577  -1.211991  8.355
 66     1.770 54511.05978934 15.13 308.662847  -1.208691  8.355
 66     1.922 54511.05978999 14.45 308.662117  -1.205381  8.355
 66     2.368 54511.05979063 14.73 308.661397  -1.202081  8.355
 67     2.414 54546.05981256 20.74 308.667883  -1.234748 16.281
 67     2.261 54546.05981320 19.13 308.667155  -1.231447  7.030
 67     2.058 54546.05981384 19.06 308.666425  -1.228137  7.030
 67     1.976 54546.05981449 18.39 308.665705  -1.224837  7.030
 67     2.111 54546.05981513 18.21 308.664975  -1.221527  7.030
 67     2.002 54546.05981578 17.65 308.664245  -1.218227  7.030
 67     1.946 54546.05981642 17.44 308.663525  -1.214917  7.030
 67     1.929 54546.05981707 17.06 308.662795  -1.211617  7.030
 67     1.999 54546.05981771 16.45 308.662075  -1.208307  7.030
 67     2.232 54546.05981836 16.32 308.661345  -1.205007  7.030
 67     2.534 54546.05981900 16.69 308.660615  -1.201697  7.030
 68     2.767 54581.05978075 28.21 308.668555  -1.232250  8.599
 68     2.732 54581.05978139 29.26 308.667825  -1.228950  8.599
 68     2.678 54581.05978204 28.34 308.667095  -1.225640  8.599
 68     2.671 54581.05978268 27.26 308.666375  -1.222340  8.599
 68     2.386 54581.05978333 27.64 308.665645  -1.219030  8.599
 68     2.239 54581.05978397 26.40 308.664915  -1.215730  8.599
 68     2.049 54581.05978462 25.44 308.664195  -1.212420  8.599
 68     1.811 54581.05978526 25.31 308.663465  -1.209120  8.599
 68     0.735 54581.05978591 25.63 308.662735  -1.205810  8.599
 68     2.496 54581.05978655 22.89 308.662015  -1.202510  8.599
 69     1.855 54616.05980203 21.30 308.668898  -1.235144 16.001
 69     1.677 54616.05980267 18.13 308.668168  -1.231841  6.698
 69     1.577 54616.05980332 18.30 308.667438  -1.228531  6.698
 69     1.542 54616.05980396 18.27 308.666718  -1.225231  6.698
 69     1.481 54616.05980461 17.87 308.665988  -1.221921  6.698
 69     1.314 54616.05980525 18.59 308.665268  -1.218621  6.698
 69     1.303 54616.05980590 17.91 308.664538  -1.215311  6.698
 69     1.406 54616.05980654 16.87 308.663808  -1.212011  6.698
 69     1.417 54616.05980719 16.76 308.663088  -1.208701  6.698
 69     1.703 54616.05980783 16.08 308.662358  -1.205401  6.698
 69     2.104 54616.05980847 16.65 308.661628  -1.202091  6.698
 70     2.545 54651.05981495 18.45 308.665622  -1.233820 18.597
 70     2.191 54651.05981559 16.10 308.664892  -1.230518  9.421
 70     1.969 54651.05981624 15.71 308.664162  -1.227208  9.421
 70     2.087 54651.05981688 15.53 308.663442  -1.223908  9.421
 70     2.045 54651.05981753 15.27 308.662712  -1.220598  9.421
 70     1.979 54651.05981817 15.04 308.661992  -1.217298  9.421
 70     2.025 54651.05981882 15.05 308.661262  -1.213988  9.421
 70     2.050 54651.05981946 15.51 308.660532  -1.210688  9.421
 70     2.307 54651.05982011 15.65 308.659812  -1.207378  9.421
 70     2.531 54651.05982075 17.63 308.659082  -1.204078  9.421
 70     2.717 54651.05982140 19.82 308.658352  -1.200768  9.421
 71     2.337 54686.05980791 19.46 308.666718  -1.232462 11.177
 71     2.110 54686.05980855 18.46 308.665988  -1.229152 11.177
 71     1.995 54686.05980920 18.42 308.665262  -1.225850  7.625
 71     1.978 54686.05980984 17.58 308.664532  -1.222540  7.625
 71     1.866 54686.05981049 17.04 308.663812  -1.219240  7.625
 71     1.826 54686.05981113 17.06 308.663082  -1.215930  7.625
 71     1.753 54686.05981178 17.35 308.662352  -1.212630  7.625
 71     1.938 54686.05981242 16.14 308.661632  -1.209320  7.625
 71     2.097 54686.05981306 15.58 308.660902  -1.206020  7.625
 71     2.327 54686.05981371 14.98 308.660172  -1.202710  7.625
 72     0.425 54721.05976026 18.52 308.668537  -1.233850  7.353
 72     0.882 54721.05976091 15.21 308.667807  -1.230550  7.353
 72     0.615 54721.05976155 17.22 308.667077  -1.227240  7.353
 72     0.422 54721.05976219 18.83 308.666357  -1.223940  7.353
 72     0.105 54721.05976284 18.44 308.665627  -1.220630  7.353
 72    -0.080 54721.05976348 17.45 308.664897  -1.217330  7.353
 72    -0.838 54721.05976413 17.62 308.664177  -1.214020  7.353
 72    -0.205 54721.05976477 18.21 308.663447  -1.210720  7.353
 72     0.201 54721.05976542 18.27 308.662717  -1.207410  7.353
 72     0.819 54721.05976606 15.98 308.661997  -1.204110  7.353
 72     1.905 54721.05976671 13.76 308.661267  -1.200800  7.353
 73     2.100 54756.05978199 17.04 308.667189  -1.234790 15.279
 73     1.727 54756.05978264 15.05 308.666460  -1.231487  3.888
 73     1.681 54756.05978328 13.25 308.665730  -1.228177  3.888
 73     1.629 54756.05978393 13.45 308.665010  -1.224877  3.888
 73     1.563 54756.05978457 13.68 308.664280  -1.221567  3.888
 73     1.598 54756.05978522 12.99 308.663550  -1.218267  3.888
 73     1.689 54756.05978586 12.49 308.662830  -1.214957  3.888
 73     1.736 54756.05978651 12.16 308.662100  -1.211657  3.888
 73     1.764 54756.05978715 11.73 308.661380  -1.208347  3.888
 73     1.880 54756.05978780 11.43 308.660650  -1.205047  3.888
 73     2.021 54756.05978844 11.58 308.659920  -1.201737  3.888
 74     1.183 54791.05975272 13.81 308.666869  -1.235075  3.372
 74     0.963 54791.05975336 13.68 308.666139  -1.231765  3.372
 74     0.951 54791.05975401 13.33 308.665409  -1.228465  3.372
 74     0.986 54791.05975465 12.25 308.664679  -1.225155  3.372
 74     0.933 54791.05975530 12.91 308.663959  -1.221855  3.372
 74     0.890 54791.05975594 13.92 308.663229  -1.218545  3.372
 74     0.941 54791.05975659 12.97 308.662499  -1.215245  3.372
 74     0.975 54791.05975723 12.97 308.661779  -1.211935  3.372
 74     1.071 54791.05975788 11.33 308.661049  -1.208635  3.372
 74     1.095 54791.05975852 10.74 308.660319  -1.205325  3.372
 74     1.305 54791.05975917 10.87 308.659599  -1.202025  3.372
 75     0.755 54826.05977862 25.79 308.668121  -1.235215 10.270
 75     1.000 54826.05977926 22.59 308.667390  -1.231914  3.327
 75     0.966 54826.05977991 21.23 308.666660  -1.228604  3.327
 75     1.042 54826.05978055 20.03 308.665940  -1.225304  3.327
 75     1.029 54826.05978119 20.05 308.665210  -1.221994  3.327
 75     1.041 54826.05978184 19.54 308.664490  -1.218694  3.327
 75     0.806 54826.05978248 19.26 308.663760  -1.215384  3.327
 75     0.760 54826.05978313 18.15 308.663030  -1.212084  3.327
 75     0.785 54826.05978377 17.48 308.662310  -1.208774  3.327
 75     0.993 54826.05978442 17.00 308.661580  -1.205474  3.327
 75     1.148 54826.05978506 15.89 308.660850  -1.202164  3.327
 76     2.647 54861.05974721 25.16 308.668275  -1.233136 10.600
 76     2.391 54861.05974785 24.66 308.667555  -1.229836 10.600
 76     2.115 54861.05974850 25.17 308.666825  -1.226526 10.600
 76     2.060 54861.05974914 24.16 308.666095  -1.223226 10.600
 76     2.032 54861.05974979 24.17 308.665375  -1.219916 10.600
 76     0.928 54861.05975043 26.03 308.664645  -1.216616 10.600
 76     1.645 54861.05975108 24.60 308.663915  -1.213306 10.600
 76     1.838 54861.05975172 23.22 308.663195  -1.210006 10.600
 76     2.155 54861.05975237 22.03 308.662465  -1.206696 10.600
 76     2.424 54861.05975301 21.38 308.661735  -1.203396 10.600
 76     2.571 54861.05975365 21.19 308.661015  -1.200086 10.600
 77     1.208 54896.05977925 21.40 308.666214  -1.234547 17.340
 77     0.432 54896.05977989 19.23 308.665486  -1.231245  7.676
 77     1.543 54896.05978054 16.24 308.664756  -1.227935  7.676
 77     1.507 54896.05978118 14.83 308.664036  -1.224635  7.676
 77     1.749 54896.05978183 14.52 308.663306  -1.221325  7.676
 77     1.741 54896.05978247 14.73 308.662576  -1.218025  7.676
 77     1.569 54896.05978312 14.72 308.661856  -1.214715  7.676
 77     1.708 54896.05978376 13.77 308.661126  -1.211415  7.676
 77     1.813 54896.05978441 13.48 308.660406  -1.208105  7.676
 77     1.979 54896.05978505 13.66 308.659676  -1.204805  7.676
 77     2.322 54896.05978569 14.47 308.658946  -1.201495  7.676
 78     2.712 54931.05974430 22.86 308.666121  -1.233448  9.153
 78     2.700 54931.05974494 19.35 308.665401  -1.230138  9.153
 78     2.325 54931.05974559 21.55 308.664671  -1.226838  9.153
 78     2.308 54931.05974623 19.60 308.663941  -1.223528  9.153
 78     2.415 54931.05974688 20.33 308.663221  -1.220228  9.153
 78     2.167 54931.05974752 20.34 308.662491  -1.216918  9.153
 78     2.125 54931.05974817 20.33 308.661761  -1.213618  9.153
 78     2.053 54931.05974881 19.56 308.661041  -1.210308  9.153
 78     2.430 54931.05974946 19.24 308.660311  -1.207008  9.153
 78     2.869 54931.05975010 18.56 308.659581  -1.203698  9.153
 78     2.987 54931.05975075 22.41 308.658861  -1.200398  9.153
 79     2.789 54966.05978086 18.34 308.666629  -1.233301  9.358
 79     2.723 54966.05978150 16.59 308.665909  -1.229991  9.358
 79     2.567 54966.05978215 17.03 308.665179  -1.226691  9.358
 79     2.562 54966.05978279 15.85 308.664449  -1.223381  9.358
 79     2.717 54966.05978344 15.16 308.663729  -1.220081  9.358
 79     2.662 54966.05978408 14.36 308.662999  -1.216771  9.358
 79     2.738 54966.05978473 14.17 308.662269  -1.213471  9.358
 79     2.562 54966.05978537 14.85 308.661549  -1.210161  9.358
 79     2.750 54966.05978602 14.64 308.660819  -1.206861  9.358
 79     2.999 54966.05978666 16.80 308.660089  -1.203551  9.358
 79     3.085 54966.05978731 18.18 308.659369  -1.200251  9.358
 80     1.841 55001.05980077 16.14 308.664164  -1.233103  8.742
 80     1.664 55001.05980141 15.26 308.663434  -1.229793  8.742
 80     1.553 55001.05980206 14.28 308.662714  -1.226493  8.742
 80     1.468 55001.05980270 14.94 308.661984  -1.223183  8.742
 80     1.451 55001.05980335 14.93 308.661254  -1.219883  8.742
 80     1.477 55001.05980399 14.22 308.660534  -1.216573  8.742
 80     1.539 55001.05980464 13.96 308.659804  -1.213273  8.742
 80     1.594 55001.05980528 13.60 308.659084  -1.209963  8.742
 80     1.937 55001.05980593 14.38 308.658354  -1.206663  8.742
 80     2.314 55001.05980657 16.14 308.657624  -1.203353  8.742
 81     2.692 55036.05978619 18.90 308.668342  -1.233083 19.523
 81     2.599 55036.05978684 18.36 308.667622  -1.229783 19.523
 81     2.433 55036.05978748 16.13 308.666892  -1.226473 19.523
 81     2.504 55036.05978813 16.23 308.666172  -1.223173 19.523
 81     2.375 55036.05978877 16.22 308.665442  -1.219863 19.523
 81     2.458 55036.05978942 15.72 308.664712  -1.216563 13.729
 81     2.430 55036.05979006 15.24 308.663982  -1.213253 13.729
 81     2.519 55036.05979071 15.53 308.663262  -1.209953 13.729
 81     2.650 55036.05979135 17.75 308.662532  -1.206643 13.729
 81     2.775 55036.05979200 18.28 308.661812  -1.203343 13.729
 81     2.933 55036.05979264 26.56 308.661082  -1.200033 13.729
 82     1.239 55071.05977526 18.28 308.666949  -1.233315 17.684
 82     1.322 55071.05977590 17.54 308.666223  -1.230012  8.983
 82     1.425 55071.05977655 16.21 308.665493  -1.226702  8.983
 82     1.610 55071.05977719 13.78 308.664773  -1.223402  8.983
 82     1.728 55071.05977784 12.98 308.664043  -1.220092  8.983
 82     1.798 55071.05977848 12.61 308.663323  -1.216792  8.983
 82     1.716 55071.05977913 12.41 308.662593  -1.213482  8.983
 82     1.789 55071.05977977 12.57 308.661863  -1.210182  8.983
 82     1.939 55071.05978042 12.91 308.661143  -1.206872  8.983
 82     2.199 55071.05978106 14.26 308.660413  -1.203572  8.983
 82     2.367 55071.05978171 16.60 308.659683  -1.200262  8.983
 83     1.413 55106.05971824 13.62 308.666528  -1.234137  6.586
 83     1.073 55106.05971889 14.87 308.665798  -1.230827  6.586
 83     1.015 55106.05971953 14.47 308.665068  -1.227527  6.586
 83     0.976 55106.05972018 13.81 308.664338  -1.224217  6.586
 83     0.864 55106.05972082 14.38 308.663618  -1.220917  6.586
 83     1.024 55106.05972147 12.86 308.662888  -1.217607  6.586
 83     1.096 55106.05972211 13.03 308.662158  -1.214307  6.586
 83     1.105 55106.05972276 12.36 308.661438  -1.210997  6.586
 83     1.190 55106.05972340 11.90 308.660708  -1.207697  6.586
 83     1.561 55106.05972405 12.24 308.659978  -1.204387  6.586
 83     2.236 55106.05972469 12.26 308.659258  -1.201087  6.586
 84     2.018 55141.05972412 14.32 308.666734  -1.233777  3.823
 84     1.827 55141.05972477 12.16 308.666004  -1.230467  3.823
 84     1.724 55141.05972541 11.85 308.665284  -1.227167  3.823
 84     1.808 55141.05972606 11.51 308.664554  -1.223857  3.823
 84     1.694 55141.05972670 11.28 308.663824  -1.220557  3.823
 84     1.822 55141.05972734 10.82 308.663104  -1.217247  3.823
 84     1.879 55141.05972799 10.11 308.662374  -1.213947  3.823
 84     1.911 55141.05972863  9.80 308.661644  -1.210637  3.823
 84     1.957 55141.05972928  9.21 308.660924  -1.207337  3.823
 84     1.973 55141.05972992  8.87 308.660194  -1.204027  3.823
 84     2.036 55141.05973057  9.25 308.659464  -1.200727  3.823
 85     0.233 55176.05968655 22.53 308.668877  -1.234055  3.626
 85     0.485 55176.05968719 20.39 308.668147  -1.230755  3.626
 85     0.514 55176.05968784 19.21 308.667417  -1.227445  3.626
 85     0.627 55176.05968848 19.20 308.666697  -1.224145  3.626
 85     0.522 55176.05968913 18.62 308.665967  -1.220835  3.626
 85     0.576 55176.05968977 18.38 308.665237  -1.217535  3.626
 85     0.461 55176.05969042 18.24 308.664517  -1.214225  3.626
 85     0.398 55176.05969106 18.19 308.663787  -1.210925  3.626
 85     0.306 55176.05969171 17.56 308.663057  -1.207615  3.626
 85     0.267 55176.05969235 17.06 308.662337  -1.204315  3.626
 85     0.256 55176.05969300 16.84 308.661607  -1.201005  3.626
 86     1.758 55211.05971888 17.81 308.667502  -1.235374 11.961
 86     1.588 55211.05971952 17.78 308.666772  -1.232071  4.209
 86     1.044 55211.05972016 18.29 308.666042  -1.228761  4.209
 86     1.232 55211.05972081 17.04 308.665322  -1.225461  4.209
 86     1.184 55211.05972145 16.60 308.664592  -1.222151  4.209
 86     1.189 55211.05972210 16.21 308.663872  -1.218851  4.209
 86     1.241 55211.05972274 15.88 308.663142  -1.215541  4.209
 86     1.333 55211.05972339 15.19 308.662412  -1.212241  4.209
 86     1.435 55211.05972403 14.17 308.661692  -1.208931  4.209
 86     1.652 55211.05972468 12.62 308.660962  -1.205631  4.209
 86     1.800 55211.05972532 12.94 308.660232  -1.202321  4.209
 87     2.485 55246.05969136 19.34 308.667209  -1.232947  7.852
 87     2.107 55246.05969200 19.69 308.666489  -1.229637  7.852
 87     1.864 55246.05969265 19.05 308.665759  -1.226337  7.852
 87     1.783 55246.05969329 18.34 308.665029  -1.223027  7.852
 87     2.209 55246.05969394 17.70 308.664309  -1.219727  7.852
 87     2.082 55246.05969458 17.35 308.663579  -1.216417  7.852
 87     2.316 55246.05969523 16.91 308.662849  -1.213117  7.852
 87     2.418 55246.05969587 16.11 308.662129  -1.209807  7.852
 87     2.632 55246.05969652 15.93 308.661399  -1.206507  7.852
 87     2.816 55246.05969716 16.26 308.660669  -1.203197  7.852
 88     0.494 55281.05971252 23.64 308.666486  -1.233733 14.350
 88    -0.144 55281.05971316 21.26 308.665759  -1.230433  7.555
 88     0.459 55281.05971381 18.57 308.665029  -1.227123  7.555
 88     0.454 55281.05971445 17.07 308.664309  -1.223823  7.555
 88     0.881 55281.05971510 15.78 308.663579  -1.220513  7.555
 88     0.777 55281.05971574 15.22 308.662849  -1.217213  7.555
 88     0.808 55281.05971639 15.65 308.662129  -1.213903  7.555
 88     0.984 55281.05971703 14.17 308.661399  -1.210603  7.555
 88     1.234 55281.05971768 13.62 308.660669  -1.207293  7.555
 88     1.718 55281.05971832 13.96 308.659949  -1.203993  7.555
 88     2.441 55281.05971897 13.96 308.659219  -1.200683  7.555
 89     2.582 55316.05967984 20.81 308.666442  -1.235272  8.909
 89     2.518 55316.05968049 16.96 308.665712  -1.231962  8.909
 89     2.411 55316.05968113 15.68 308.664992  -1.228662  8.909
 89     2.293 55316.05968178 15.25 308.664262  -1.225352  8.909
 89     2.316 55316.05968242 14.72 308.663532  -1.222052  8.909
 89     2.302 55316.05968307 14.71 308.662812  -1.218742  8.909
 89     2.439 55316.05968371 13.60 308.662082  -1.215442  8.909
 89     2.373 55316.05968436 13.78 308.661362  -1.212132  8.909
 89     2.486 55316.05968500 14.45 308.660632  -1.208832  8.909
 89     2.637 55316.05968565 15.38 308.659902  -1.205522  8.909
 89     2.755 55316.05968629 16.67 308.659182  -1.202222  8.909
 90     2.245 55351.05968513 16.50 308.666896  -1.232443  6.496
 90     2.186 55351.05968578 16.51 308.666166  -1.229133  6.496
 90     2.066 55351.05968642 16.43 308.665446  -1.225833  6.496
 90     2.204 55351.05968707 15.16 308.664716  -1.222523  6.496
 90     2.090 55351.05968771 15.63 308.663996  -1.219223  6.496
 90     2.092 55351.05968836 16.83 308.663266  -1.215913  6.496
 90     2.236 55351.05968900 16.51 308.662536  -1.212613  6.496
 90     2.179 55351.05968965 15.94 308.661816  -1.209303  6.496
 90     2.298 55351.05969029 17.29 308.661086  -1.206003  6.496
 90     2.511 55351.05969094 17.77 308.660356  -1.202693  6.496
 91     1.444 55386.05967875 19.14 308.666454  -1.235488  6.158
 91     1.430 55386.05967939 18.17 308.665734  -1.232178  6.158
 91     1.071 55386.05968004 17.41 308.665004  -1.228878  6.158
 91     0.848 55386.05968068 17.44 308.664274  -1.225568  6.158
 91     0.872 55386.05968133 16.83 308.663554  -1.222268  6.158
 91     0.675 55386.05968197 17.68 308.662824  -1.218958  6.158
 91     0.834 55386.05968262 16.63 308.662094  -1.215658  6.158
 91     0.966 55386.05968326 16.07 308.661374  -1.212348  6.158
 91     1.019 55386.05968391 15.16 308.660644  -1.209048  6.158
 91     1.229 55386.05968455 15.43 308.659914  -1.205738  6.158
 91     1.764 55386.05968520 14.67 308.659194  -1.202438  6.158
 92     2.736 55421.05970281 23.57 308.668330  -1.234635 13.941
 92     2.731 55421.05970345 18.83 308.667600  -1.231334  6.232
 92     2.258 55421.05970410 18.29 308.666880  -1.228024  6.232
 92     2.298 55421.05970474 18.07 308.666150  -1.224724  6.232
 92     2.336 55421.05970539 17.96 308.665420  -1.221414  6.232
 92     2.313 55421.05970603 17.52 308.664700  -1.218114  6.232
 92     2.420 55421.05970668 16.73 308.663970  -1.214804  6.232
 92     2.459 55421.05970732 16.59 308.663240  -1.211504  6.232
 92     2.503 55421.05970797 16.82 308.662520  -1.208194  6.232
 92     2.582 55421.05970861 16.11 308.661790  -1.204894  6.232
 92     2.841 55421.05970926 18.19 308.661060  -1.201584  6.232
 93     0.130 55456.05967856 19.86 308.667619  -1.234370 14.509
 93     0.191 55456.05967921 18.61 308.666889  -1.231060 14.509
 93     0.413 55456.05967985 16.46 308.666164  -1.227756  5.388
 93     0.594 55456.05968050 15.38 308.665434  -1.224446  5.388
 93     0.449 55456.05968114 15.38 308.664714  -1.221146  5.388
 93     0.584 55456.05968179 14.25 308.663984  -1.217836  5.388
 93     0.567 55456.05968243 14.57 308.663254  -1.214536  5.388
 93     0.662 55456.05968307 14.12 308.662534  -1.211226  5.388
 93     0.780 55456.05968372 13.75 308.661804  -1.207926  5.388
 93     1.310 55456.05968436 13.05 308.661074  -1.204616  5.388
 93     1.986 55456.05968501 13.15 308.660354  -1.201316  5.388
