#    0.000   0.000   0.000 ;Mean Elev.(m), Avg Gradient(m/km), RMS Gradient(m/km) - SRTM1     
#    0.000   0.000   0.000 ;Mean Elev.(m), Avg Gradient(m/km), RMS Gradient(m/km) - ASTER GDEM
#    4.850  -4.043  14.951 ;Mean Elev.(m), Avg Gradient(m/km), RMS Gradient(m/km) - GMTED2010 
  7 302.829854  -2.518795    14.347    14.449 11 52456.57449437 34.173
 10 302.831237  -2.521422     9.321     8.780 10 52561.57449626 33.463
 12 302.831454  -2.520370     9.699     9.338 11 52631.57444879 30.371
 15 302.833952  -2.521128    12.351    12.365 10 52736.57448149 43.521
 16 302.832668  -2.521801    13.512    13.563 10 52771.57445493 37.442
 17 302.828879  -2.520763    14.005    14.096 10 52806.57450490 36.838
 18 302.831236  -2.521557    13.602    13.742 11 52841.57456447 35.927
 19 302.830057  -2.520687    12.559    12.671 12 52876.57460308 35.193
 20 302.838259  -2.522968    10.435    10.464  8 52911.57456505 17.186
 21 302.836187  -2.521092     7.837     7.726  9 52946.57451786 39.667
 23 302.830388  -2.520134     9.097     8.822 11 53016.57455392 30.837
 24 302.833311  -2.520785    10.806    10.772 10 53051.57453208 38.308
 25 302.822423  -2.524499    12.012    11.925 11 53086.57456960 39.001
 26 302.829607  -2.520695    13.223    13.187 12 53121.57453836 46.701
 27 302.824883  -2.519816    13.632    13.626 10 53156.57459350 47.553
 28 302.836070  -2.521339    13.052    13.073  8 53191.57458560 38.712
 29 302.834383  -2.521436    11.573    11.650 10 53226.57458923 30.749
 30 302.828566  -2.518411    10.559    10.547 11 53261.57456250 46.205
 31 302.822665  -2.518413     9.337     9.168 10 53296.57459659 25.508
 32 302.831433  -2.521520     7.313     6.931 10 53331.57456926 33.240
 34 302.830789  -2.520189     9.842     9.842 11 53401.57454270 30.393
 35 302.833223  -2.520086    11.613    11.714 10 53436.57453203 44.405
 36 302.828340  -2.518306    13.413    13.528 11 53471.57458222 32.059
 37 302.828790  -2.518373    14.061    14.188 11 53506.57461487 38.107
 38 302.828273  -2.520378    13.717    13.784 10 53541.57462060 35.818
 39 302.829103  -2.520342    12.655    12.664 10 53576.57461007 37.046
 40 302.829026  -2.521200    10.090    10.031 12 53611.57456178 27.483
 41 302.831708  -2.521542     8.924     8.998 11 53646.57456624 30.934
 42 302.825790  -2.520114     5.577     5.531 10 53681.57458243 45.924
 43 302.834593  -2.521275     8.155     8.290  9 53716.57450994 38.465
 44 302.836636  -2.522060    10.484    10.498  9 53751.57442850 47.133
 45 302.835103  -2.521557    12.358    12.402  9 53786.57445866 45.026
 46 302.834441  -2.522259    13.488    13.599  9 53821.57441447 36.755
 47 302.827038  -2.520648    14.162    14.236 12 53856.57450347 34.988
 48 302.836196  -2.521841    15.097    15.126  8 53891.57451545 47.992
 49 302.819490  -2.526970    14.075    14.073 11 53926.57457865 37.033
 50 302.823735  -2.524444    12.285    12.343 11 53961.57456399 38.928
 51 302.833451  -2.521092     9.716     9.669  9 53996.57450424 23.581
 52 302.833421  -2.520981     8.955     8.962 10 54031.57455765 19.407
 53 302.833258  -2.522389     7.931     8.014 10 54066.57455193 30.742
 54 302.831299  -2.520474     9.556     9.510 11 54101.57451296 46.684
 55 302.830948  -2.520610    11.041    11.157 11 54136.57447853 38.460
 56 302.830303  -2.521380    12.263    12.303 10 54171.57449002 37.367
 57 302.829699  -2.521778    12.885    12.954 10 54206.57448376 35.779
 58 302.831865  -2.521032    13.935    13.923 11 54241.57451623 40.450
 59 302.831658  -2.520478    14.340    14.334 11 54276.57453134 48.276
 61 302.832353  -2.521317    11.355    11.317 11 54346.57450575 44.725
 62 302.831575  -2.521037     9.993     9.788 10 54381.57446930 25.564
 63 302.831232  -2.520756     8.576     8.311 11 54416.57445499 27.703
 64 302.831109  -2.520273     8.770     8.803 11 54451.57443797 32.709
 65 302.832555  -2.522542    10.933    10.932 10 54486.57445191 39.890
 66 302.832502  -2.520594    12.605    12.627 10 54521.57445133 43.374
 67 302.831610  -2.519999    13.904    13.933 11 54556.57446156 44.163
 68 302.831158  -2.519480    14.379    14.321 11 54591.57444677 34.589
 69 302.831356  -2.519592    14.750    14.785 11 54626.57446312 46.927
 70 302.829059  -2.521378    14.072    14.065 10 54661.57447111 33.586
 71 302.833004  -2.519674    12.551    12.663 10 54696.57444702 43.256
 72 302.831086  -2.521250     9.441     9.328 11 54731.57442727 44.293
 73 302.831482  -2.521074     8.706     8.578 10 54766.57442692 29.041
 74 302.829804  -2.521827     8.846     8.841 10 54801.57442110 28.893
 75 302.831206  -2.521442    10.072    10.187 11 54836.57441872 30.352
 76 302.828550  -2.531762    12.298    12.398  5 54871.57442177 39.460
 77 302.829463  -2.521433    13.764    13.912 10 54906.57442685 38.359
 78 302.830408  -2.520811    14.953    15.016 11 54941.57441124 34.327
 79 302.830496  -2.519829    15.259    15.273 11 54976.57443982 31.360
 80 302.830608  -2.520986    15.331    15.519 11 55011.57444947 31.740
 81 302.831760  -2.521127    14.521    14.541 11 55046.57444065 30.581
 82 302.831792  -2.521543    12.559    12.727 11 55081.57441383 26.882
 83 302.831857  -2.520279     9.176     8.892 11 55116.57437318 36.613
 84 302.830270  -2.521230     7.104     6.977 11 55151.57437149 28.253
 85 302.830541  -2.520114     9.267     9.227 11 55186.57435885 19.126
 86 302.830291  -2.522071     9.869     9.913 11 55221.57437036 30.061
 87 302.832155  -2.520205    11.304    11.303 10 55256.57435510 41.137
 88 302.831234  -2.519988    12.315    12.292 11 55291.57435760 43.440
 89 302.829520  -2.519797    13.922    13.937 11 55326.57433943 41.959
 90 302.831106  -2.519935    14.155    14.205 11 55361.57433637 45.934
 91 302.831127  -2.519433    13.145    13.212 11 55396.57434262 35.291
 92 302.832688  -2.522526    11.169    11.200 10 55431.57435151 39.047
 93 302.833278  -2.519976     9.103     9.100 10 55466.57431166 28.868
