#    0.000   0.000   0.000 ;Mean Elev.(m), Avg Gradient(m/km), RMS Gradient(m/km) - SRTM1     
#    0.000   0.000   0.000 ;Mean Elev.(m), Avg Gradient(m/km), RMS Gradient(m/km) - ASTER GDEM
#    1.407  -1.393  15.262 ;Mean Elev.(m), Avg Gradient(m/km), RMS Gradient(m/km) - GMTED2010 
  7 304.400325  -1.895400    15.591    15.462 11 52453.57038977 27.493
  8 304.408394  -1.896981     9.879    10.117 11 52488.57036874 22.964
  9 304.405118  -1.897159     8.878     8.668 10 52523.57034324 17.751
 10 304.401749  -1.895766     7.093     6.992 11 52558.57039328 21.638
 11 304.399096  -1.898144     6.398     6.612 11 52593.57039453 21.506
 12 304.411130  -1.895978     7.027     6.694 11 52628.57031837 22.750
 13 304.403854  -1.896216     7.401     7.247 11 52663.57035600 16.597
 14 304.409889  -1.896398     7.885     7.842 10 52698.57033092 19.516
 15 304.413420  -1.896368     9.010     9.200 11 52733.57035385 31.863
 16 304.402973  -1.896883     9.660     9.445 10 52768.57035713 27.883
 17 304.405133  -1.896230     9.493     9.979 11 52803.57037896 27.442
 18 304.407327  -1.896478    10.074    10.028 11 52838.57044231 24.932
 19 304.406739  -1.895810     9.272     9.258 11 52873.57048203 32.146
 20 304.409789  -1.896980     8.004     7.816 10 52908.57046355 17.957
 21 304.412911  -1.897733     5.990     5.764 10 52943.57039282 28.003
 23 304.402851  -1.896753     5.893     5.747 11 53013.57044924 28.060
 24 304.405207  -1.897125     7.818     7.572 10 53048.57041983 20.700
 25 304.398320  -1.897359     8.261     8.652 11 53083.57045547 32.954
 26 304.401822  -1.896594    10.413    10.345 11 53118.57042512 46.395
 27 304.399535  -1.898086     9.297     9.511 11 53153.57047626 27.662
 28 304.412364  -1.896120     9.237     9.505 11 53188.57046424 24.720
 29 304.407588  -1.897424     8.922     8.834 11 53223.57048131 23.281
 30 304.401741  -1.895412     7.797     7.677 11 53258.57045646 26.096
 31 304.397436  -1.896935     6.337     6.153 11 53293.57047943 24.528
 32 304.407205  -1.897363     6.037     5.326 10 53328.57045290 17.353
 33 304.409493  -1.896898     7.002     6.787 11 53363.57040562 13.972
 34 304.404433  -1.896524     7.586     7.278 11 53398.57042848 18.609
 35 304.408278  -1.896353     8.649     8.527 11 53433.57041914 31.055
 36 304.403733  -1.897994     8.722     9.273 11 53468.57045932 29.459
 37 304.400764  -1.895986     9.640     9.997 11 53503.57050548 24.351
 38 304.404494  -1.897556    10.320    10.374 11 53538.57050212 27.832
 39 304.401540  -1.896675     9.317     9.537 11 53573.57050209 27.181
 40 304.404638  -1.897274     7.727     7.421 11 53608.57045150 19.199
 41 304.404071  -1.897880     4.286     4.251 11 53643.57045361 26.609
 42 304.399982  -1.897988     3.828     3.779 11 53678.57047212 25.612
 43 304.409080  -1.897221     6.817     6.969 11 53713.57040016 18.099
 44 304.409880  -1.897207     7.479     7.441 10 53748.57031418 21.211
 45 304.409641  -1.896602     8.491     8.753 10 53783.57034478 24.788
 46 304.409014  -1.897434     9.551     9.840 10 53818.57030739 24.949
 47 304.401191  -1.896772    10.715    10.987 11 53853.57038522 29.146
 48 304.413596  -1.895787    11.057    11.180 10 53888.57039224 27.122
 49 304.395442  -1.898037     9.619    10.045 11 53923.57046156 28.224
 50 304.397973  -1.897794     9.012     9.112 11 53958.57045388 27.821
 51 304.408569  -1.896374     7.399     7.180 10 53993.57038179 20.280
 52 304.407222  -1.896656     6.475     6.310 11 54028.57044266 18.695
 53 304.409556  -1.897382     5.395     5.189 11 54063.57043667 28.970
 54 304.405352  -1.897365     6.438     6.599 11 54098.57040424 20.650
 55 304.405704  -1.897879     7.723     7.854 11 54133.57036004 23.665
 56 304.404256  -1.897472     8.937     8.987 11 54168.57037876 25.688
 57 304.404963  -1.896997     9.363     9.355 11 54203.57036373 29.000
 58 304.406665  -1.896789     9.705    10.104 11 54238.57039823 26.286
 59 304.406539  -1.896474    10.179    10.446 10 54273.57041654 26.069
 60 304.406204  -1.897295     9.748     9.876 11 54308.57041862 24.309
 61 304.407313  -1.896714     8.483     8.428 10 54343.57039638 18.229
 62 304.405681  -1.897043     6.278     6.188 11 54378.57035424 24.294
 63 304.405848  -1.895789     6.471     6.237 11 54413.57034434 17.720
 64 304.405742  -1.895748     6.273     6.286 11 54448.57032035 24.231
 65 304.407519  -1.896264     7.381     7.519 10 54483.57033808 23.108
 66 304.406553  -1.897584     8.724     9.241 11 54518.57033446 23.051
 67 304.405504  -1.897872     9.333    10.255 11 54553.57035005 30.326
 68 304.405896  -1.896790    11.008    11.108 10 54588.57032964 27.633
 69 304.405420  -1.897581    10.435    11.037 11 54623.57034796 30.081
 70 304.404259  -1.895523    10.996    11.247 11 54658.57035631 29.006
 71 304.406339  -1.896479     8.615     9.274 11 54693.57033748 27.782
 72 304.406443  -1.896428     7.505     7.496 11 54728.57031038 27.886
 73 304.405360  -1.895580     6.325     6.139 11 54763.57031578 18.156
 74 304.404614  -1.897714     6.457     6.396 11 54798.57030393 18.684
 75 304.405424  -1.896655     7.416     7.270 11 54833.57030585 24.627
 76 304.406135  -1.897075     8.983     8.966 11 54868.57030059 26.854
 77 304.403659  -1.896969    10.424    10.501 10 54903.57031579 30.676
 78 304.406006  -1.897242    11.095    11.484 11 54938.57029044 29.405
 79 304.405557  -1.896314    11.465    11.773 11 54973.57032212 29.591
 80 304.404374  -1.897138    11.306    11.549 10 55008.57033751 29.779
 81 304.406484  -1.896225    10.667    10.977 11 55043.57032634 25.303
 82 304.406214  -1.896291     8.959     9.489 11 55078.57030422 22.359
 83 304.406198  -1.895840     7.266     6.962 11 55113.57025936 26.186
 84 304.404351  -1.897018     5.838     5.173 10 55148.57026000 14.968
 85 304.405231  -1.897585     6.127     5.987 11 55183.57024124 14.108
 86 304.404535  -1.896864     7.140     7.198 10 55218.57025793 19.389
 87 304.406999  -1.896945     8.270     8.347 10 55253.57023747 19.288
 88 304.404835  -1.897277     8.320     8.127 11 55288.57024721 31.066
 89 304.404063  -1.896656     9.382     9.534 10 55323.57022459 25.284
 90 304.404619  -1.897735    10.338    10.611 11 55358.57022383 30.434
 91 304.405275  -1.897138     8.899     9.229 10 55393.57022675 25.867
 92 304.406867  -1.896350     8.580     8.470 11 55428.57023894 19.734
 93 304.407732  -1.897173     5.938     6.262 11 55463.57020301 18.167
