#    0.000   0.000   0.000 ;Mean Elev.(m), Avg Gradient(m/km), RMS Gradient(m/km) - SRTM1     
#    0.000   0.000   0.000 ;Mean Elev.(m), Avg Gradient(m/km), RMS Gradient(m/km) - ASTER GDEM
#    4.618  -0.378   3.890 ;Mean Elev.(m), Avg Gradient(m/km), RMS Gradient(m/km) - GMTED2010 
  7    14.959 52477.07758730 24.35 302.455985  -2.426037 18.990
  7    14.589 52477.07758795 24.77 302.455265  -2.422737 18.990
  7    14.519 52477.07758859 24.13 302.454535  -2.419427 18.990
  7    14.457 52477.07758924 24.20 302.453805  -2.416127 18.990
  7    14.488 52477.07758988 24.52 302.453085  -2.412817 18.990
  7    13.647 52477.07759052 25.19 302.452355  -2.409517 18.990
  7    13.168 52477.07759117 25.65 302.451625  -2.406207 18.990
  7    13.840 52477.07759181 26.15 302.450895  -2.402907 18.990
  7    14.414 52477.07759246 25.18 302.450175  -2.399597 18.990
  7    14.734 52477.07759310 26.50 302.449445  -2.396297 18.990
  7    15.014 52477.07759375 26.98 302.448715  -2.392987 18.990
  8    13.783 52512.07753640 28.13 302.464916  -2.407703 36.980
  8    13.612 52512.07753705 26.15 302.464186  -2.404403 36.980
  8    13.214 52512.07753769 23.73 302.463456  -2.401093 36.980
  8    12.794 52512.07753834 23.25 302.462739  -2.397795 26.963
  8    12.619 52512.07753898 22.72 302.462009  -2.394485 26.963
  8    13.257 52512.07753963 21.70 302.461279  -2.391185 26.963
  8    13.969 52512.07754027 21.47 302.460559  -2.387875 26.963
  8    14.451 52512.07754091 22.99 302.459829  -2.384575 26.963
  9    10.768 52547.07756750 19.17 302.459123  -2.415517 23.609
  9    10.730 52547.07756814 19.40 302.458393  -2.412207 23.609
  9    10.572 52547.07756879 19.08 302.457663  -2.408907 23.609
  9    10.447 52547.07756943 18.78 302.456933  -2.405597 23.609
  9     9.656 52547.07757008 19.51 302.456213  -2.402297 23.609
  9     9.804 52547.07757072 22.51 302.455483  -2.398987 23.609
  9    10.633 52547.07757137 21.30 302.454753  -2.395687 23.609
  9    11.066 52547.07757201 20.43 302.454023  -2.392377 23.609
  9    11.263 52547.07757266 22.08 302.453303  -2.389077 23.609
  9    11.451 52547.07757330 33.75 302.452573  -2.385767 23.609
 10     6.717 52582.07757970 26.25 302.460313  -2.416049 26.679
 10    10.055 52582.07758034 21.55 302.459583  -2.412749 26.679
 10     9.976 52582.07758099 21.79 302.458853  -2.409439 26.679
 10     6.515 52582.07758163 20.06 302.458130  -2.406142 20.781
 10     6.305 52582.07758228 20.21 302.457400  -2.402832 20.781
 10     6.365 52582.07758292 18.90 302.456670  -2.399532 20.781
 10     5.679 52582.07758357 21.57 302.455950  -2.396222 20.781
 10     6.743 52582.07758421 18.22 302.455220  -2.392922 20.781
 10     6.807 52582.07758485 23.04 302.454490  -2.389612 20.781
 10     7.253 52582.07758550 30.74 302.453760  -2.386312 20.781
 11     8.808 52617.07755022 22.17 302.456727  -2.423218 19.203
 11     8.747 52617.07755087 21.93 302.455997  -2.419908 19.203
 11     8.624 52617.07755151 21.07 302.455267  -2.416608 19.203
 11     8.700 52617.07755216 21.19 302.454547  -2.413298 19.203
 11     8.702 52617.07755280 19.77 302.453812  -2.410000 14.234
 11     8.559 52617.07755345 20.29 302.453092  -2.406690 14.234
 11     8.436 52617.07755409 19.99 302.452362  -2.403390 14.234
 11     8.426 52617.07755474 19.10 302.451632  -2.400080 14.234
 11     8.535 52617.07755538 18.13 302.450912  -2.396780 14.234
 11     8.767 52617.07755602 17.83 302.450182  -2.393470 14.234
 11    10.088 52617.07755667 19.10 302.449452  -2.390170 14.234
 12    11.126 52652.07752818 18.30 302.465215  -2.408689 33.064
 12    10.564 52652.07752882 19.07 302.464485  -2.405379 33.064
 12    10.201 52652.07752947 18.75 302.463761  -2.402082 28.050
 12     9.406 52652.07753011 20.08 302.463031  -2.398772 28.050
 12     9.034 52652.07753076 20.68 302.462301  -2.395472 28.050
 12     9.929 52652.07753140 19.95 302.461581  -2.392162 28.050
 12     7.975 52652.07753205 21.20 302.460851  -2.388862 28.050
 12    14.180 52652.07753269 18.96 302.460121  -2.385552 28.050
 12    14.169 52652.07753334 25.90 302.459391  -2.382252 28.050
 13    11.350 52687.07752279 17.23 302.460897  -2.412900 30.841
 13    11.053 52687.07752344 19.01 302.460160  -2.409603 23.328
 13    11.086 52687.07752408 15.46 302.459440  -2.406293 23.328
 13    11.084 52687.07752473 15.29 302.458710  -2.402993 23.328
 13    11.077 52687.07752537 15.13 302.457990  -2.399683 23.328
 13    11.042 52687.07752602 15.83 302.457260  -2.396383 23.328
 13    11.058 52687.07752666 15.07 302.456530  -2.393073 23.328
 13    13.794 52687.07752730 16.04 302.455800  -2.389773 23.328
 13    13.738 52687.07752795 21.16 302.455080  -2.386463 23.328
 14    12.231 52722.07757036 17.65 302.458797  -2.416567 16.417
 14    12.148 52722.07757100 17.63 302.458067  -2.413257 16.417
 14    11.751 52722.07757165 18.77 302.457337  -2.409957 16.417
 14    11.417 52722.07757229 19.92 302.456617  -2.406647 16.417
 14    10.675 52722.07757294 20.10 302.455887  -2.403347 16.417
 14    10.758 52722.07757358 19.63 302.455157  -2.400037 16.417
 14    11.544 52722.07757423 19.27 302.454427  -2.396737 16.417
 14    12.096 52722.07757487 20.47 302.453707  -2.393427 16.417
 14    12.394 52722.07757551 21.36 302.452977  -2.390127 16.417
 15    13.951 52757.07758855 24.11 302.452047  -2.438919 32.540
 15    13.914 52757.07758919 18.10 302.451317  -2.435619 32.540
 15    13.880 52757.07758984 19.27 302.450587  -2.432309 32.540
 15    13.448 52757.07759048 19.79 302.449857  -2.429009 32.540
 15    12.990 52757.07759113 20.90 302.449137  -2.425699 32.540
 15    11.231 52757.07759177 22.48 302.448407  -2.422399 32.540
 15     8.995 52757.07759242 23.44 302.447677  -2.419089 32.540
 15    10.678 52757.07759306 23.29 302.446960  -2.415792 34.440
 15    10.670 52757.07759371 26.53 302.446230  -2.412482 34.440
 15    11.594 52757.07759435 27.20 302.445500  -2.409182 34.440
 15    12.304 52757.07759500 28.25 302.444770  -2.405872 34.440
 15    12.971 52757.07759564 28.92 302.444050  -2.402572 34.440
 15    13.409 52757.07759629 30.91 302.443320  -2.399262 34.440
 15    13.706 52757.07759693 31.62 302.442590  -2.395962 34.440
 15    13.972 52757.07759758 30.51 302.441870  -2.392652 34.440
 17    14.716 52827.07761293 31.82 302.462580  -2.412891 23.301
 17    14.599 52827.07761358 30.47 302.461860  -2.409591 23.301
 17    14.432 52827.07761422 26.54 302.461130  -2.406281 23.301
 17    14.006 52827.07761487 25.42 302.460400  -2.402981 23.301
 17    13.150 52827.07761551 29.79 302.459670  -2.399671 23.301
 17    13.782 52827.07761616 28.18 302.458950  -2.396371 23.301
 17    14.312 52827.07761680 28.05 302.458220  -2.393061 23.301
 17    14.729 52827.07761745 29.58 302.457490  -2.389761 23.301
 17    14.899 52827.07761809 29.69 302.456760  -2.386451 23.301
 18    14.142 52862.07765855 34.95 302.463850  -2.411172 23.636
 18    14.146 52862.07765920 34.21 302.463120  -2.407872 23.636
 18    14.188 52862.07765984 31.79 302.462400  -2.404562 23.636
 18    13.843 52862.07766049 29.80 302.461670  -2.401262 23.636
 18    13.680 52862.07766113 31.24 302.460940  -2.397952 23.636
 18    13.409 52862.07766178 31.80 302.460220  -2.394652 23.636
 18    13.765 52862.07766242 30.98 302.459490  -2.391342 23.636
 18    14.131 52862.07766307 35.90 302.458760  -2.388042 23.636
 18    14.225 52862.07766371 46.46 302.458030  -2.384732 23.636
 19    12.091 52897.07768695 28.95 302.457907  -2.419803 18.588
 19    11.953 52897.07768760 30.33 302.457187  -2.416506 20.553
 19    11.983 52897.07768824 27.76 302.456457  -2.413196 20.553
 19    12.074 52897.07768889 26.68 302.455727  -2.409896 20.553
 19    12.046 52897.07768953 26.76 302.455007  -2.406586 20.553
 19    11.878 52897.07769018 27.52 302.454277  -2.403286 20.553
 19    11.887 52897.07769082 26.64 302.453547  -2.399976 20.553
 19    11.751 52897.07769147 26.56 302.452817  -2.396676 20.553
 19    11.820 52897.07769211 26.07 302.452097  -2.393366 20.553
 19    12.232 52897.07769276 25.35 302.451367  -2.390066 20.553
 20    11.121 52932.07763330 17.32 302.457205  -2.422362 20.776
 20     8.408 52932.07763395 16.61 302.456475  -2.419062 20.776
 20     8.239 52932.07763459 17.58 302.455755  -2.415752 20.776
 20     8.347 52932.07763524 17.44 302.455020  -2.412454 16.706
 20     8.482 52932.07763588 17.72 302.454300  -2.409144 16.706
 20     8.435 52932.07763653 16.13 302.453570  -2.405844 16.706
 20     8.288 52932.07763717 15.78 302.452840  -2.402534 16.706
 20     8.216 52932.07763782 15.81 302.452120  -2.399234 16.706
 20     8.264 52932.07763846 15.16 302.451390  -2.395924 16.706
 20     8.363 52932.07763911 14.44 302.450660  -2.392624 16.706
 21     7.487 52967.07763706 30.57 302.460628  -2.412161 17.240
 21     7.603 52967.07763771 25.69 302.459908  -2.408861 17.240
 21     7.300 52967.07763835 25.30 302.459178  -2.405551 17.240
 21     7.373 52967.07763900 23.98 302.458451  -2.402255 17.316
 21     7.585 52967.07763964 23.50 302.457721  -2.398945 17.316
 21     7.782 52967.07764029 22.46 302.457001  -2.395645 17.316
 21     8.121 52967.07764093 22.85 302.456271  -2.392335 17.316
 21     8.243 52967.07764158 22.85 302.455541  -2.389035 17.316
 21     8.451 52967.07764222 28.62 302.454811  -2.385725 17.316
 22     9.487 53002.07766107 15.82 302.454876  -2.427301 18.276
 22     8.421 53002.07766171 17.16 302.454156  -2.423991 18.276
 22     8.169 53002.07766235 16.47 302.453426  -2.420691 18.276
 22     8.011 53002.07766300 17.22 302.452696  -2.417381 18.276
 22     8.215 53002.07766364 16.23 302.451975  -2.414075 14.976
 22     8.145 53002.07766429 16.58 302.451245  -2.410775 14.976
 22     7.951 53002.07766493 17.04 302.450515  -2.407475 14.976
 22     8.123 53002.07766558 15.83 302.449795  -2.404165 14.976
 22     8.157 53002.07766622 14.79 302.449065  -2.400865 14.976
 22     8.279 53002.07766687 14.32 302.448335  -2.397555 14.976
 22     9.903 53002.07766751 14.44 302.447605  -2.394255 14.976
 22     9.781 53002.07766816 16.42 302.446885  -2.390945 14.976
 23    11.490 53037.07761130 14.42 302.457122  -2.423221 27.397
 23    11.065 53037.07761195 14.92 302.456402  -2.419911 27.397
 23    10.950 53037.07761259 14.09 302.455667  -2.416612 23.339
 23    10.610 53037.07761324 16.50 302.454947  -2.413302 23.339
 23    10.794 53037.07761388 16.53 302.454217  -2.410002 23.339
 23    10.724 53037.07761453 16.54 302.453487  -2.406692 23.339
 23     8.798 53037.07761517 20.10 302.452767  -2.403392 23.339
 23    10.287 53037.07761582 17.78 302.452037  -2.400082 23.339
 23    10.534 53037.07761646 18.38 302.451307  -2.396782 23.339
 23    10.742 53037.07761711 19.19 302.450587  -2.393472 23.339
 23    11.193 53037.07761775 21.86 302.449857  -2.390172 23.339
 24    11.771 53072.07763609 18.50 302.458709  -2.418928 22.024
 24    11.496 53072.07763674 19.43 302.457979  -2.415628 22.024
 24    11.325 53072.07763738 20.44 302.457259  -2.412318 22.024
 24    11.128 53072.07763802 20.49 302.456529  -2.409018 22.024
 24    10.755 53072.07763867 20.11 302.455799  -2.405708 22.024
 24    10.536 53072.07763931 20.38 302.455069  -2.402408 22.024
 24    11.230 53072.07763996 19.52 302.454349  -2.399098 22.024
 24    11.340 53072.07764060 21.11 302.453619  -2.395798 22.024
 24    11.579 53072.07764125 19.85 302.452889  -2.392488 22.024
 25    12.764 53107.07761207 18.85 302.456721  -2.422053 36.226
 25    12.491 53107.07761272 20.04 302.456001  -2.418743 36.226
 25    12.354 53107.07761336 21.45 302.455268  -2.415446 22.154
 25    12.298 53107.07761401 21.40 302.454548  -2.412136 22.154
 25    11.692 53107.07761465 22.00 302.453818  -2.408836 22.154
 25    10.917 53107.07761530 24.30 302.453088  -2.405526 22.154
 25    11.588 53107.07761594 25.80 302.452368  -2.402226 22.154
 25    12.242 53107.07761659 26.30 302.451638  -2.398916 22.154
 25    12.803 53107.07761723 24.09 302.450908  -2.395616 22.154
 25    13.233 53107.07761787 26.69 302.450188  -2.392306 22.154
 26    14.203 53142.07764549 25.68 302.458928  -2.414883 22.291
 26    14.018 53142.07764614 25.90 302.458198  -2.411583 22.291
 26    13.699 53142.07764678 26.06 302.457468  -2.408273 22.291
 26    13.252 53142.07764742 25.21 302.456738  -2.404973 22.291
 26    12.414 53142.07764807 26.91 302.456018  -2.401663 22.291
 26    12.956 53142.07764871 26.54 302.455288  -2.398363 22.291
 26    13.619 53142.07764936 29.55 302.454558  -2.395053 22.291
 26    14.027 53142.07765000 30.90 302.453838  -2.391753 22.291
 26    14.201 53142.07765065 36.71 302.453108  -2.388443 22.291
 26    14.644 53142.07765129 42.96 302.452378  -2.385143 22.291
 27    14.120 53177.07767115 24.23 302.460042  -2.414856 28.238
 27    13.921 53177.07767180 24.45 302.459312  -2.411546 28.238
 27    13.663 53177.07767244 23.24 302.458582  -2.408246 28.238
 27    13.071 53177.07767309 24.50 302.457862  -2.404936 28.238
 27    12.271 53177.07767373 25.41 302.457132  -2.401636 28.238
 27    12.271 53177.07767438 30.87 302.456402  -2.398326 28.238
 27    13.024 53177.07767502 34.42 302.455672  -2.395026 28.238
 27    13.692 53177.07767567 34.87 302.454952  -2.391716 28.238
 27    14.120 53177.07767631 35.55 302.454222  -2.388416 28.238
 27    14.344 53177.07767696 40.70 302.453492  -2.385106 28.238
 28    12.454 53212.07769006 23.95 302.457744  -2.419236 32.665
 28    12.768 53212.07769070 23.84 302.457023  -2.415938 21.330
 28    12.536 53212.07769135 23.78 302.456293  -2.412628 21.330
 28    12.003 53212.07769199 24.28 302.455563  -2.409328 21.330
 28    10.665 53212.07769264 24.76 302.454843  -2.406018 21.330
 28    11.395 53212.07769328 24.90 302.454113  -2.402718 21.330
 28    11.981 53212.07769393 25.74 302.453383  -2.399408 21.330
 28    12.754 53212.07769457 26.72 302.452653  -2.396108 21.330
 28    13.013 53212.07769522 29.95 302.451933  -2.392798 21.330
 29    11.457 53247.07765943 28.62 302.459548  -2.413751 24.493
 29    10.763 53247.07766007 25.97 302.458818  -2.410451 24.493
 29     9.787 53247.07766072 27.31 302.458088  -2.407141 24.493
 29    10.096 53247.07766136 26.16 302.457368  -2.403841 24.493
 29    10.965 53247.07766201 25.07 302.456638  -2.400531 24.493
 29    11.477 53247.07766265 24.49 302.455908  -2.397231 24.493
 29    11.939 53247.07766330 26.98 302.455188  -2.393921 24.493
 29    12.135 53247.07766394 28.83 302.454458  -2.390621 24.493
 29    12.367 53247.07766458 33.92 302.453728  -2.387311 24.493
 30     9.745 53282.07764618 25.00 302.457660  -2.421543 15.757
 30     9.573 53282.07764682 24.91 302.456940  -2.418243 15.757
 30     9.421 53282.07764747 23.63 302.456210  -2.414933 15.757
 30     9.419 53282.07764811 22.21 302.455480  -2.411633 15.757
 30     9.121 53282.07764876 22.71 302.454750  -2.408323 15.757
 30     8.460 53282.07764940 21.85 302.454030  -2.405023 15.757
 30     8.811 53282.07765005 20.95 302.453300  -2.401713 15.757
 30     9.036 53282.07765069 19.97 302.452570  -2.398413 15.757
 30     9.107 53282.07765134 19.51 302.451840  -2.395103 15.757
 30     9.367 53282.07765198 19.04 302.451120  -2.391803 15.757
 31     7.882 53317.07765340 26.61 302.461096  -2.414172 23.157
 31     7.622 53317.07765404 25.97 302.460373  -2.410875 20.499
 31     7.090 53317.07765469 25.43 302.459643  -2.407565 20.499
 31     5.863 53317.07765533 25.22 302.458913  -2.404265 20.499
 31     6.706 53317.07765598 24.21 302.458193  -2.400955 20.499
 31     7.168 53317.07765662 23.60 302.457463  -2.397655 20.499
 31     7.693 53317.07765727 22.47 302.456733  -2.394345 20.499
 31     8.156 53317.07765791 22.80 302.456003  -2.391045 20.499
 31     8.257 53317.07765855 34.61 302.455283  -2.387735 20.499
 31     8.323 53317.07765920 37.84 302.454553  -2.384435 20.499
 32    10.705 53352.07761924 22.26 302.462962  -2.412363 19.993
 32     8.145 53352.07761989 23.08 302.462244  -2.409065 15.071
 32     8.264 53352.07762053 22.41 302.461514  -2.405755 15.071
 32     8.462 53352.07762118 21.58 302.460784  -2.402455 15.071
 32     8.409 53352.07762182 21.14 302.460064  -2.399145 15.071
 32     8.401 53352.07762246 20.32 302.459334  -2.395845 15.071
 32     8.533 53352.07762311 20.24 302.458604  -2.392535 15.071
 32     8.615 53352.07762375 19.85 302.457874  -2.389235 15.071
 32    13.732 53352.07762440 19.41 302.457154  -2.385925 15.071
 33    10.030 53387.07760874 20.30 302.458912  -2.416251 20.574
 33     9.932 53387.07760938 21.44 302.458182  -2.412941 20.574
 33    10.096 53387.07761003 19.04 302.457452  -2.409641 20.574
 33    10.130 53387.07761067 18.59 302.456722  -2.406331 20.574
 33     9.907 53387.07761131 19.95 302.455992  -2.403031 20.574
 33     9.932 53387.07761196 19.08 302.455272  -2.399721 20.574
 33     9.848 53387.07761260 18.69 302.454542  -2.396421 20.574
 33    10.033 53387.07761325 18.03 302.453812  -2.393111 20.574
 33    10.296 53387.07761389 18.12 302.453092  -2.389811 20.574
 33    10.481 53387.07761454 27.19 302.452362  -2.386501 20.574
 34    11.247 53422.07761217 26.70 302.464599  -2.407422 17.278
 34    11.259 53422.07761282 26.72 302.463869  -2.404122 17.278
 34    11.270 53422.07761346 27.02 302.463139  -2.400812 17.278
 34    11.173 53422.07761411 26.95 302.462409  -2.397512 17.278
 34    11.108 53422.07761475 26.67 302.461689  -2.394202 17.278
 34    11.057 53422.07761539 26.21 302.460959  -2.390902 17.278
 34    11.079 53422.07761604 26.04 302.460229  -2.387592 17.278
 34    13.526 53422.07761668 25.61 302.459509  -2.384292 17.278
 35    13.789 53457.07761686 29.26 302.462691  -2.411136 20.862
 35    13.634 53457.07761751 25.06 302.461961  -2.407826 20.862
 35    13.282 53457.07761815 23.60 302.461231  -2.404526 20.862
 35    12.820 53457.07761880 23.04 302.460501  -2.401216 20.862
 35    12.344 53457.07761944 24.57 302.459781  -2.397916 20.862
 35    11.628 53457.07762009 28.05 302.459051  -2.394606 20.862
 35    13.107 53457.07762073 27.55 302.458321  -2.391306 20.862
 35    13.908 53457.07762138 23.74 302.457591  -2.387996 20.862
 35    14.862 53457.07762202 24.25 302.456871  -2.384696 20.862
 36    14.562 53492.07769891 24.34 302.454847  -2.429817 39.870
 36    14.411 53492.07769955 22.09 302.454117  -2.426517 39.870
 36    13.966 53492.07770020 22.91 302.453387  -2.423207 39.870
 36    13.324 53492.07770084 24.16 302.452664  -2.419911 23.248
 36    12.510 53492.07770149 25.59 302.451934  -2.416601 23.248
 36    11.285 53492.07770213 26.51 302.451204  -2.413301 23.248
 36    11.718 53492.07770278 26.90 302.450484  -2.409991 23.248
 36    12.260 53492.07770342 27.99 302.449754  -2.406691 23.248
 36    13.265 53492.07770407 27.86 302.449024  -2.403381 23.248
 36    14.068 53492.07770471 27.54 302.448294  -2.400081 23.248
 36    14.541 53492.07770536 28.11 302.447574  -2.396771 23.248
 36    14.644 53492.07770600 30.20 302.446844  -2.393471 23.248
 36    15.032 53492.07770665 31.16 302.446114  -2.390161 23.248
 37    15.030 53527.07768330 27.72 302.462627  -2.411331 20.824
 37    14.747 53527.07768394 27.34 302.461897  -2.408031 20.824
 37    14.432 53527.07768459 25.35 302.461177  -2.404721 20.824
 37    13.809 53527.07768523 26.49 302.460447  -2.401421 20.824
 37    13.693 53527.07768588 27.16 302.459717  -2.398111 20.824
 37    14.331 53527.07768652 27.26 302.458987  -2.394811 20.824
 37    14.760 53527.07768717 28.18 302.458267  -2.391501 20.824
 37    14.985 53527.07768781 31.54 302.457537  -2.388201 20.824
 37    15.096 53527.07768846 33.96 302.456807  -2.384891 20.824
 38    13.831 53562.07770920 21.64 302.454992  -2.427489 38.044
 38    13.485 53562.07770984 19.02 302.454262  -2.424189 38.044
 38    12.951 53562.07771049 19.81 302.453532  -2.420879 38.044
 38    12.856 53562.07771113 19.65 302.452813  -2.417581 21.276
 38    12.214 53562.07771178 22.25 302.452083  -2.414271 21.276
 38    11.686 53562.07771242 23.39 302.451353  -2.410971 21.276
 38    11.531 53562.07771307 23.88 302.450633  -2.407661 21.276
 38    12.308 53562.07771371 23.71 302.449903  -2.404361 21.276
 38    12.872 53562.07771436 25.91 302.449173  -2.401051 21.276
 38    13.568 53562.07771500 25.74 302.448443  -2.397751 21.276
 38    13.864 53562.07771565 31.64 302.447723  -2.394441 21.276
 38    14.270 53562.07771629 36.07 302.446993  -2.391141 21.276
 39    11.878 53597.07765151 20.99 302.462337  -2.409883 21.767
 39    11.231 53597.07765215 21.41 302.461607  -2.406573 21.767
 39    10.945 53597.07765280 20.39 302.460887  -2.403273 21.767
 39    10.855 53597.07765344 19.88 302.460157  -2.399963 21.767
 39    10.879 53597.07765409 19.71 302.459427  -2.396663 21.767
 39    11.322 53597.07765473 19.05 302.458707  -2.393353 21.767
 39    11.576 53597.07765538 19.23 302.457977  -2.390053 21.767
 39    14.535 53597.07765602 19.29 302.457247  -2.386743 21.767
 39    14.682 53597.07765667 36.18 302.456527  -2.383443 21.767
 40     9.000 53632.07764401 19.86 302.456732  -2.424202 32.170
 40     8.602 53632.07764466 19.92 302.456003  -2.420896 12.130
 40     7.075 53632.07764530 21.11 302.455273  -2.417586 12.130
 40     6.941 53632.07764595 20.91 302.454553  -2.414286 12.130
 40     6.544 53632.07764659 20.64 302.453823  -2.410976 12.130
 40     6.346 53632.07764724 20.47 302.453093  -2.407676 12.130
 40     6.192 53632.07764788 19.96 302.452363  -2.404366 12.130
 40     6.921 53632.07764853 19.45 302.451643  -2.401066 12.130
 40     7.185 53632.07764917 18.36 302.450913  -2.397756 12.130
 40     7.457 53632.07764981 18.64 302.450183  -2.394456 12.130
 40    10.346 53632.07765046 18.87 302.449453  -2.391146 12.130
 41     4.670 53667.07766674 23.17 302.456260  -2.422468 22.959
 41     4.424 53667.07766738 23.64 302.455538  -2.419171 16.487
 41     3.834 53667.07766803 22.34 302.454808  -2.415861 16.487
 41     4.027 53667.07766867 21.04 302.454078  -2.412561 16.487
 41     4.002 53667.07766932 19.98 302.453358  -2.409251 16.487
 41     3.372 53667.07766996 20.62 302.452628  -2.405951 16.487
 41     4.301 53667.07767061 19.53 302.451898  -2.402641 16.487
 41     4.708 53667.07767125 18.39 302.451168  -2.399341 16.487
 41     5.014 53667.07767190 17.87 302.450448  -2.396031 16.487
 41     9.515 53667.07767254 16.82 302.449718  -2.392731 16.487
 42    10.316 53702.07761584 20.74 302.462460  -2.412057 23.230
 42    10.310 53702.07761649 12.51 302.461741  -2.408760 19.282
 42     8.830 53702.07761713 11.74 302.461011  -2.405450 19.282
 42     8.507 53702.07761778 12.25 302.460281  -2.402150 19.282
 42     7.685 53702.07761842 12.52 302.459551  -2.398840 19.282
 42     7.406 53702.07761906 13.26 302.458831  -2.395540 19.282
 42     7.195 53702.07761971 14.61 302.458101  -2.392230 19.282
 42    12.906 53702.07762035 15.12 302.457371  -2.388930 19.282
 42    13.817 53702.07762100 18.19 302.456651  -2.385620 19.282
 43    10.836 53737.07752620 23.28 302.463050  -2.410251 19.357
 43     9.560 53737.07752684 22.89 302.462330  -2.406941 19.357
 43     9.226 53737.07752749 24.11 302.461600  -2.403641 19.357
 43     9.152 53737.07752813 24.22 302.460870  -2.400331 19.357
 43     9.162 53737.07752878 22.57 302.460150  -2.397031 19.357
 43     9.200 53737.07752942 21.98 302.459420  -2.393721 19.357
 43     9.323 53737.07753007 23.63 302.458690  -2.390421 19.357
 43    13.333 53737.07753071 21.61 302.457970  -2.387111 19.357
 43    13.954 53737.07753136 38.51 302.457240  -2.383811 19.357
 44    12.377 53772.07753459 29.67 302.464127  -2.409754 25.005
 44    12.288 53772.07753523 28.70 302.463397  -2.406444 25.005
 44    12.156 53772.07753588 28.66 302.462673  -2.403147 22.448
 44    12.058 53772.07753652 28.03 302.461943  -2.399837 22.448
 44    11.495 53772.07753717 30.21 302.461213  -2.396537 22.448
 44    11.751 53772.07753781 30.04 302.460493  -2.393227 22.448
 44    12.273 53772.07753846 28.62 302.459763  -2.389927 22.448
 44    12.417 53772.07753910 32.47 302.459033  -2.386617 22.448
 44    14.201 53772.07753975 35.62 302.458313  -2.383317 22.448
 45    14.069 53807.07752323 32.10 302.462476  -2.413431 22.220
 45    14.028 53807.07752388 30.64 302.461746  -2.410121 22.220
 45    13.719 53807.07752452 26.42 302.461016  -2.406821 22.220
 45    13.078 53807.07752517 25.28 302.460296  -2.403511 22.220
 45    12.223 53807.07752581 27.30 302.459566  -2.400211 22.220
 45    11.947 53807.07752646 28.45 302.458836  -2.396901 22.220
 45    13.194 53807.07752710 27.57 302.458106  -2.393601 22.220
 45    13.844 53807.07752775 26.03 302.457386  -2.390291 22.220
 45    14.231 53807.07752839 26.05 302.456656  -2.386991 22.220
 45    14.793 53807.07752903 31.81 302.455926  -2.383681 22.220
 47    15.852 53877.07759204 36.08 302.461479  -2.412683 17.771
 47    15.825 53877.07759268 33.22 302.460749  -2.409383 17.771
 47    15.817 53877.07759333 32.09 302.460029  -2.406073 17.771
 47    15.563 53877.07759397 31.75 302.459299  -2.402773 17.771
 47    15.140 53877.07759462 31.82 302.458569  -2.399463 17.771
 47    15.289 53877.07759526 32.55 302.457839  -2.396163 17.771
 47    15.616 53877.07759591 31.87 302.457119  -2.392853 17.771
 47    15.947 53877.07759655 36.77 302.456389  -2.389553 17.771
 47    16.025 53877.07759720 38.54 302.455659  -2.386243 17.771
 48    15.263 53912.07764032 30.80 302.455577  -2.427255 48.662
 48    14.814 53912.07764097 29.69 302.454854  -2.423958 15.306
 48    14.381 53912.07764161 26.73 302.454124  -2.420648 15.306
 48    13.761 53912.07764226 26.43 302.453394  -2.417348 15.306
 48    13.568 53912.07764290 24.82 302.452674  -2.414038 15.306
 48    13.356 53912.07764355 25.65 302.451944  -2.410738 15.306
 48    12.984 53912.07764419 25.80 302.451214  -2.407428 15.306
 48    12.478 53912.07764484 27.18 302.450484  -2.404128 15.306
 48    12.958 53912.07764548 27.63 302.449764  -2.400818 15.306
 48    14.339 53912.07764612 26.85 302.449034  -2.397518 15.306
 48    15.076 53912.07764677 27.83 302.448304  -2.394208 15.306
 48    15.482 53912.07764741 29.69 302.447584  -2.390908 15.306
 49    14.326 53947.07765543 40.15 302.454189  -2.433534 22.904
 49    14.217 53947.07765608 37.47 302.453459  -2.430234 22.904
 49    14.163 53947.07765672 35.57 302.452739  -2.426924 22.904
 49    14.177 53947.07765737 35.74 302.452009  -2.423624 22.904
 49    14.085 53947.07765801 35.97 302.451279  -2.420314 22.904
 49    13.869 53947.07765866 34.96 302.450549  -2.417014 22.904
 49    14.244 53947.07765930 34.41 302.449829  -2.413704 22.904
 49    14.173 53947.07765995 34.23 302.449099  -2.410404 22.904
 49    14.153 53947.07766059 33.67 302.448369  -2.407094 22.904
 49    14.233 53947.07766124 32.84 302.447649  -2.403795 13.469
 49    14.212 53947.07766188 33.74 302.446919  -2.400485 13.469
 49    14.155 53947.07766253 34.47 302.446189  -2.397185 13.469
 49    14.247 53947.07766317 33.24 302.445459  -2.393875 13.469
 49    14.297 53947.07766382 32.33 302.444739  -2.390575 13.469
 50    11.089 53982.07760154 18.85 302.458179  -2.416872 21.363
 50    10.803 53982.07760219 20.08 302.457449  -2.413562 21.363
 50    10.482 53982.07760283 20.48 302.456729  -2.410262 21.363
 50     8.404 53982.07760348 21.96 302.455999  -2.406952 21.363
 50     9.232 53982.07760412 21.41 302.455269  -2.403652 21.363
 50     9.561 53982.07760477 23.97 302.454549  -2.400342 21.363
 50    10.531 53982.07760541 20.84 302.453823  -2.397043 20.541
 50    10.917 53982.07760606 21.28 302.453093  -2.393733 20.541
 50    11.230 53982.07760670 20.99 302.452363  -2.390433 20.541
 51     7.250 54017.07762805 25.25 302.460679  -2.412118 20.740
 51     7.356 54017.07762869 22.83 302.459949  -2.408818 20.740
 51     7.256 54017.07762934 22.88 302.459222  -2.405511 21.812
 51     7.120 54017.07762998 22.61 302.458492  -2.402201 21.812
 51     6.743 54017.07763063 22.89 302.457762  -2.398901 21.812
 51     6.402 54017.07763127 22.52 302.457042  -2.395591 21.812
 51     7.022 54017.07763191 21.29 302.456312  -2.392291 21.812
 51     7.295 54017.07763256 21.62 302.455582  -2.388981 21.812
 51     7.630 54017.07763320 29.88 302.454852  -2.385681 21.812
 52     6.814 54052.07762529 24.47 302.465911  -2.407156 20.549
 52     6.862 54052.07762594 24.95 302.465181  -2.403856 20.549
 52     6.876 54052.07762658 23.74 302.464451  -2.400546 20.549
 52     6.714 54052.07762723 23.80 302.463729  -2.397248 14.827
 52     6.630 54052.07762787 23.58 302.462999  -2.393938 14.827
 52     6.695 54052.07762852 23.42 302.462269  -2.390638 14.827
 52     6.971 54052.07762916 22.90 302.461549  -2.387328 14.827
 52     7.147 54052.07762981 28.58 302.460819  -2.384028 14.827
 53    10.147 54087.07761577 14.40 302.460377  -2.414124 15.557
 53    11.353 54087.07761642 13.90 302.459647  -2.410824 15.557
 53     9.869 54087.07761706 15.07 302.458927  -2.407514 15.557
 53     9.889 54087.07761771 14.78 302.458197  -2.404214 15.557
 53     9.053 54087.07761835 14.25 302.457467  -2.400904 15.557
 53     9.010 54087.07761900 14.93 302.456749  -2.397606 22.166
 53     9.157 54087.07761964 14.97 302.456019  -2.394296 22.166
 53     9.440 54087.07762029 15.68 302.455289  -2.390996 22.166
 53     9.407 54087.07762093 20.93 302.454569  -2.387686 22.166
 53    11.742 54087.07762158 36.74 302.453839  -2.384386 22.166
 54    10.674 54122.07754035 21.89 302.459065  -2.414778 19.362
 54    10.465 54122.07754100 22.50 302.458335  -2.411468 19.362
 54     7.751 54122.07754164 23.22 302.457615  -2.408168 19.362
 54     4.237 54122.07754229 30.76 302.456885  -2.404858 19.362
 54     9.810 54122.07754293 22.01 302.456165  -2.401558 19.362
 54    10.333 54122.07754358 24.14 302.455435  -2.398248 19.362
 54    10.778 54122.07754422 25.50 302.454705  -2.394949 22.413
 54    10.871 54122.07754487 27.63 302.453985  -2.391639 22.413
 54    11.523 54122.07754551 22.69 302.453255  -2.388339 22.413
 54    11.528 54122.07754615 39.08 302.452525  -2.385029 22.413
 55    12.318 54157.07757699 25.43 302.458944  -2.416061 18.569
 55    12.305 54157.07757764 25.31 302.458224  -2.412751 18.569
 55    12.281 54157.07757828 24.44 302.457494  -2.409451 18.569
 55    12.135 54157.07757893 25.72 302.456764  -2.406141 18.569
 55    12.120 54157.07757957 24.96 302.456042  -2.402843 21.480
 55    12.024 54157.07758022 24.42 302.455312  -2.399533 21.480
 55    11.852 54157.07758086 24.39 302.454582  -2.396233 21.480
 55    11.868 54157.07758151 23.86 302.453862  -2.392923 21.480
 55    12.240 54157.07758215 23.18 302.453132  -2.389623 21.480
 55    12.546 54157.07758280 30.50 302.452402  -2.386313 21.480
 56    12.896 54192.07753902 26.58 302.459364  -2.414709 22.122
 56    12.566 54192.07753966 26.43 302.458634  -2.411399 22.122
 56    11.263 54192.07754031 27.53 302.457914  -2.408099 22.122
 56    11.432 54192.07754095 26.08 302.457184  -2.404789 22.122
 56    11.625 54192.07754160 26.55 302.456454  -2.401489 22.122
 56    12.319 54192.07754224 26.54 302.455734  -2.398179 22.122
 56    12.791 54192.07754289 27.40 302.455001  -2.394881 25.846
 56    13.178 54192.07754353 28.67 302.454281  -2.391571 25.846
 56    13.341 54192.07754417 37.08 302.453551  -2.388271 25.846
 56    13.274 54192.07754482 45.95 302.452821  -2.384961 25.846
 57    14.138 54227.07758860 26.32 302.459015  -2.415666 30.861
 57    14.189 54227.07758924 25.83 302.458295  -2.412356 30.861
 57    14.099 54227.07758989 27.30 302.457565  -2.409056 30.861
 57    14.154 54227.07759053 26.74 302.456835  -2.405756 30.861
 57    14.025 54227.07759118 27.29 302.456113  -2.402441 26.018
 57    13.405 54227.07759182 28.46 302.455383  -2.399141 26.018
 57    13.966 54227.07759247 28.20 302.454653  -2.395841 26.018
 57    14.352 54227.07759311 32.22 302.453933  -2.392531 26.018
 57    14.505 54227.07759375 32.77 302.453203  -2.389231 26.018
 57    14.578 54227.07759440 45.45 302.452473  -2.385921 26.018
 58    15.049 54262.07760823 27.41 302.460088  -2.416443 29.762
 58    15.003 54262.07760887 26.58 302.459368  -2.413133 29.762
 58    14.731 54262.07760952 27.87 302.458638  -2.409833 29.762
 58    14.296 54262.07761016 27.72 302.457908  -2.406523 29.762
 58    13.735 54262.07761081 28.59 302.457186  -2.403225 20.294
 58    13.281 54262.07761145 29.40 302.456456  -2.399915 20.294
 58    13.934 54262.07761210 30.82 302.455726  -2.396615 20.294
 58    14.427 54262.07761274 30.59 302.455006  -2.393305 20.294
 58    14.916 54262.07761339 32.95 302.454276  -2.390005 20.294
 58    15.323 54262.07761403 31.95 302.453546  -2.386695 20.294
 59    14.517 54297.07761299 23.15 302.460028  -2.414183 34.567
 59    14.293 54297.07761364 24.65 302.459298  -2.410883 34.567
 59    13.996 54297.07761428 25.14 302.458568  -2.407573 34.567
 59    13.330 54297.07761493 25.58 302.457847  -2.404275 23.822
 59    12.923 54297.07761557 26.73 302.457117  -2.400965 23.822
 59    13.464 54297.07761622 28.26 302.456387  -2.397665 23.822
 59    14.088 54297.07761686 26.45 302.455667  -2.394355 23.822
 59    14.570 54297.07761751 28.01 302.454937  -2.391055 23.822
 59    14.875 54297.07761815 31.93 302.454207  -2.387745 23.822
 59    15.012 54297.07761880 39.17 302.453477  -2.384445 23.822
 60    13.224 54332.07760392 26.92 302.460404  -2.412074 19.251
 60    13.079 54332.07760456 26.00 302.459684  -2.408764 19.251
 60    12.671 54332.07760521 27.79 302.458954  -2.405464 19.251
 60    12.241 54332.07760585 26.99 302.458224  -2.402154 19.251
 60    12.227 54332.07760650 26.65 302.457506  -2.398857 17.121
 60    12.871 54332.07760714 25.21 302.456776  -2.395547 17.121
 60    13.125 54332.07760779 25.42 302.456046  -2.392247 17.121
 60    13.413 54332.07760843 28.13 302.455316  -2.388937 17.121
 60    13.412 54332.07760908 29.98 302.454596  -2.385637 17.121
 61     9.147 54367.07754550 24.48 302.459206  -2.414041 12.525
 61     8.933 54367.07754614 22.98 302.458486  -2.410741 12.525
 61     8.545 54367.07754679 23.58 302.457756  -2.407431 12.525
 61     8.101 54367.07754743 23.14 302.457026  -2.404131 12.525
 61     8.034 54367.07754808 22.10 302.456306  -2.400821 12.525
 61     8.645 54367.07754872 21.44 302.455572  -2.397522 19.498
 61     9.225 54367.07754937 20.39 302.454852  -2.394212 19.498
 61     9.478 54367.07755001 20.07 302.454122  -2.390912 19.498
 61     9.467 54367.07755066 23.61 302.453392  -2.387602 19.498
 61    11.748 54367.07755130 33.07 302.452672  -2.384302 19.498
 62     6.376 54402.07754633 23.63 302.460115  -2.413099 10.978
 62     6.242 54402.07754697 22.60 302.459385  -2.409789 10.978
 62     4.514 54402.07754762 22.49 302.458665  -2.406489 10.978
 62     6.432 54402.07754826 21.52 302.457935  -2.403179 10.978
 62     6.114 54402.07754891 20.27 302.457205  -2.399879 10.978
 62     6.541 54402.07754955 19.91 302.456475  -2.396569 10.978
 62     6.846 54402.07755019 19.01 302.455755  -2.393271 21.976
 62     7.151 54402.07755084 18.80 302.455025  -2.389961 21.976
 62     7.365 54402.07755148 26.69 302.454295  -2.386661 21.976
 63     8.080 54437.07750288 13.92 302.459115  -2.415682  9.249
 63    10.041 54437.07750353 14.45 302.458385  -2.412382  9.249
 63     9.819 54437.07750417 13.95 302.457655  -2.409072  9.249
 63     8.216 54437.07750482 13.68 302.456935  -2.405772  9.249
 63     8.127 54437.07750546 13.75 302.456205  -2.402462  9.249
 63     8.127 54437.07750611 14.14 302.455475  -2.399162  9.249
 63     8.110 54437.07750675 14.19 302.454755  -2.395852  9.249
 63     8.107 54437.07750740 14.43 302.454029  -2.392554 18.662
 63     8.358 54437.07750804 17.29 302.453299  -2.389244 18.662
 63    10.310 54437.07750869 28.32 302.452569  -2.385944 18.662
 64    10.383 54472.07753109 38.49 302.461819  -2.413945  9.925
 64    10.487 54472.07753174 35.38 302.461089  -2.410635  9.925
 64    10.528 54472.07753238 33.69 302.460359  -2.407335  9.925
 64    10.466 54472.07753303 32.61 302.459639  -2.404025  9.925
 64    10.351 54472.07753367 32.49 302.458909  -2.400725  9.925
 64    10.260 54472.07753432 31.35 302.458179  -2.397415  9.925
 64    10.092 54472.07753496 30.75 302.457454  -2.394117  9.178
 64    10.361 54472.07753560 29.59 302.456724  -2.390807  9.178
 64    10.709 54472.07753625 30.43 302.455994  -2.387507  9.178
 64    10.856 54472.07753689 31.78 302.455274  -2.384197  9.178
 65    12.509 54507.07751501 22.41 302.459605  -2.414234 22.363
 65    12.318 54507.07751565 22.31 302.458885  -2.410924 22.363
 65    12.078 54507.07751630 22.57 302.458155  -2.407624 22.363
 65    11.591 54507.07751694 22.92 302.457425  -2.404314 22.363
 65    11.262 54507.07751758 23.75 302.456705  -2.401014 22.363
 65    11.658 54507.07751823 24.21 302.455975  -2.397704 22.363
 65    12.081 54507.07751887 23.88 302.455245  -2.394404 22.363
 65    12.479 54507.07751952 24.22 302.454525  -2.391094 22.363
 65    12.888 54507.07752016 31.88 302.453795  -2.387794 22.363
 65    12.870 54507.07752081 37.43 302.453065  -2.384484 22.363
 66    14.050 54542.07754543 28.56 302.460987  -2.414704 29.782
 66    14.131 54542.07754608 27.67 302.460267  -2.411394 29.782
 66    14.101 54542.07754672 27.88 302.459537  -2.408094 29.782
 66    14.030 54542.07754737 27.01 302.458807  -2.404784 29.782
 66    14.125 54542.07754801 26.14 302.458086  -2.401478 19.265
 66    13.954 54542.07754866 25.96 302.457356  -2.398178 19.265
 66    13.731 54542.07754930 26.12 302.456626  -2.394878 19.265
 66    13.854 54542.07754995 26.39 302.455906  -2.391568 19.265
 66    14.195 54542.07755059 28.34 302.455176  -2.388268 19.265
 66    14.263 54542.07755124 30.24 302.454446  -2.384958 19.265
 67    14.744 54577.07751718 23.79 302.459518  -2.414996 24.365
 67    14.482 54577.07751782 24.77 302.458788  -2.411686 24.365
 67    14.160 54577.07751847 26.28 302.458068  -2.408386 24.365
 67    13.650 54577.07751911 26.62 302.457338  -2.405076 24.365
 67    12.948 54577.07751975 27.67 302.456608  -2.401776 24.365
 67    13.435 54577.07752040 28.49 302.455888  -2.398466 24.365
 67    14.093 54577.07752104 31.41 302.455158  -2.395166 24.365
 67    14.615 54577.07752169 33.35 302.454428  -2.391856 24.365
 67    14.847 54577.07752233 37.48 302.453708  -2.388556 24.365
 67    15.272 54577.07752298 41.53 302.452978  -2.385246 24.365
 68    15.144 54612.07753725 27.78 302.460246  -2.414984 22.165
 68    15.116 54612.07753790 25.11 302.459516  -2.411684 22.165
 68    14.763 54612.07753854 25.40 302.458786  -2.408374 22.165
 68    14.463 54612.07753919 26.03 302.458056  -2.405074 22.165
 68    13.940 54612.07753983 27.27 302.457336  -2.401764 22.165
 68    13.835 54612.07754048 27.47 302.456606  -2.398464 22.165
 68    14.413 54612.07754112 29.25 302.455876  -2.395154 22.165
 68    15.109 54612.07754177 30.61 302.455156  -2.391854 22.165
 68    15.408 54612.07754241 35.80 302.454426  -2.388544 22.165
 68    15.448 54612.07754306 38.39 302.453696  -2.385244 22.165
 69    15.172 54647.07754375 31.38 302.459334  -2.415971 24.785
 69    15.045 54647.07754439 28.58 302.458614  -2.412661 24.785
 69    14.716 54647.07754504 28.03 302.457884  -2.409361 24.785
 69    14.213 54647.07754568 28.64 302.457154  -2.406051 24.785
 69    14.030 54647.07754633 27.97 302.456434  -2.402751 24.785
 69    14.450 54647.07754697 28.42 302.455704  -2.399441 24.785
 69    15.071 54647.07754762 30.72 302.454974  -2.396141 24.785
 69    15.297 54647.07754826 30.29 302.454244  -2.392831 24.785
 69    15.654 54647.07754890 33.83 302.453524  -2.389531 24.785
 69    15.731 54647.07754955 41.27 302.452794  -2.386221 24.785
 70    13.955 54682.07754456 22.59 302.459634  -2.416305 20.437
 70    13.879 54682.07754520 23.08 302.458914  -2.412995 20.437
 70    13.566 54682.07754585 24.80 302.458184  -2.409695 20.437
 70    13.007 54682.07754649 25.46 302.457454  -2.406385 20.437
 70    12.265 54682.07754713 26.43 302.456724  -2.403085 20.437
 70    12.296 54682.07754778 27.91 302.456004  -2.399775 20.437
 70    13.007 54682.07754842 27.64 302.455274  -2.396475 20.437
 70    13.695 54682.07754907 28.27 302.454544  -2.393165 20.437
 70    13.174 54682.07754971 33.31 302.453824  -2.389865 20.437
 70    14.387 54682.07755036 35.61 302.453094  -2.386555 20.437
 71    11.421 54717.07749346 21.64 302.460273  -2.414852 20.261
 71    11.211 54717.07749410 21.94 302.459543  -2.411552 20.261
 71    11.028 54717.07749475 21.79 302.458813  -2.408242 20.261
 71     9.530 54717.07749539 22.89 302.458093  -2.404942 20.261
 71     9.493 54717.07749604 23.46 302.457363  -2.401632 20.261
 71    10.514 54717.07749668 22.72 302.456633  -2.398332 20.261
 71    11.145 54717.07749733 21.52 302.455913  -2.395022 20.261
 71    11.652 54717.07749797 21.78 302.455183  -2.391722 20.261
 71    11.782 54717.07749862 24.78 302.454453  -2.388412 20.261
 71    12.326 54717.07749926 31.78 302.453733  -2.385112 20.261
 72     7.340 54752.07751674 27.07 302.459360  -2.415090 19.100
 72     6.742 54752.07751739 28.27 302.458630  -2.411790 19.100
 72     7.401 54752.07751803 25.33 302.457900  -2.408480 19.100
 72     7.191 54752.07751868 25.45 302.457170  -2.405180 19.100
 72     7.375 54752.07751932 24.18 302.456450  -2.401870 19.100
 72     7.605 54752.07751997 24.14 302.455720  -2.398570 19.100
 72     7.306 54752.07752061 24.30 302.454990  -2.395260 19.100
 72     7.682 54752.07752126 23.62 302.454270  -2.391960 19.100
 72     8.193 54752.07752190 22.21 302.453540  -2.388650 19.100
 72     8.495 54752.07752255 34.26 302.452810  -2.385350 19.100
 73     7.647 54787.07748286 23.22 302.459442  -2.414217 21.299
 73     7.277 54787.07748351 23.05 302.458712  -2.410917 21.299
 73     6.981 54787.07748415 22.82 302.457982  -2.407607 21.299
 73     5.422 54787.07748480 23.40 302.457262  -2.404307 21.299
 73     6.283 54787.07748544 21.93 302.456532  -2.400997 21.299
 73     6.484 54787.07748609 21.11 302.455802  -2.397697 21.299
 73     7.439 54787.07748673 19.56 302.455082  -2.394387 21.299
 73     8.000 54787.07748738 20.89 302.454352  -2.391087 21.299
 73     8.194 54787.07748802 28.97 302.453622  -2.387777 21.299
 73    11.992 54787.07748867 34.86 302.452902  -2.384477 21.299
 74     9.737 54822.07751065 16.89 302.460389  -2.414918 17.951
 74    10.676 54822.07751129 17.59 302.459659  -2.411618 17.951
 74     9.849 54822.07751194 18.46 302.458929  -2.408308 17.951
 74     9.171 54822.07751258 19.34 302.458209  -2.405008 17.951
 74     9.254 54822.07751322 18.61 302.457479  -2.401698 17.951
 74     9.019 54822.07751387 19.63 302.456749  -2.398398 17.951
 74     9.562 54822.07751451 19.70 302.456019  -2.395088 17.951
 74     9.895 54822.07751516 19.66 302.455299  -2.391788 17.951
 74    10.024 54822.07751580 23.19 302.454569  -2.388478 17.951
 74    11.608 54822.07751645 30.08 302.453839  -2.385178 17.951
 75    11.648 54857.07747940 24.69 302.460272  -2.414701 24.763
 75    11.797 54857.07748005 23.44 302.459542  -2.411391 24.763
 75    11.552 54857.07748069 23.27 302.458822  -2.408091 24.763
 75    11.098 54857.07748134 23.40 302.458092  -2.404781 24.763
 75     9.781 54857.07748198 25.63 302.457362  -2.401481 24.763
 75    10.931 54857.07748263 23.11 302.456642  -2.398171 24.763
 75     8.556 54857.07748327 25.79 302.455912  -2.394871 24.763
 75    11.852 54857.07748392 21.65 302.455182  -2.391561 24.763
 75    12.283 54857.07748456 24.44 302.454462  -2.388261 24.763
 75    12.271 54857.07748521 31.83 302.453732  -2.384951 24.763
 76    13.195 54892.07751304 21.76 302.458727  -2.417448 20.513
 76    13.576 54892.07751369 20.63 302.458007  -2.414138 20.513
 76    13.191 54892.07751433 22.96 302.457277  -2.410838 20.513
 76    12.727 54892.07751498 24.35 302.456547  -2.407528 20.513
 76    12.334 54892.07751562 23.43 302.455817  -2.404228 20.513
 76    11.695 54892.07751627 24.74 302.455097  -2.400918 20.513
 76    12.707 54892.07751691 24.11 302.454367  -2.397618 20.513
 76    13.659 54892.07751755 23.91 302.453637  -2.394308 20.513
 76    14.056 54892.07751820 26.82 302.452917  -2.391008 20.513
 77    14.637 54927.07747681 25.42 302.458356  -2.417076 21.899
 77    14.737 54927.07747745 23.86 302.457626  -2.413776 21.899
 77    14.489 54927.07747810 23.87 302.456896  -2.410466 21.899
 77    14.203 54927.07747874 24.54 302.456176  -2.407166 21.899
 77    13.593 54927.07747939 24.94 302.455446  -2.403856 21.899
 77    13.187 54927.07748003 27.23 302.454716  -2.400556 21.899
 77    14.186 54927.07748068 26.31 302.453996  -2.397246 21.899
 77    14.940 54927.07748132 28.61 302.453266  -2.393946 21.899
 77    15.196 54927.07748197 32.56 302.452536  -2.390636 21.899
 78    15.791 54962.07751305 26.26 302.458701  -2.415921 22.386
 78    15.609 54962.07751369 26.10 302.457971  -2.412621 22.386
 78    15.287 54962.07751434 27.46 302.457241  -2.409311 22.386
 78    14.887 54962.07751498 28.34 302.456511  -2.406011 22.386
 78    14.901 54962.07751563 29.03 302.455791  -2.402701 22.386
 78    15.562 54962.07751627 28.51 302.455061  -2.399401 22.386
 78    15.910 54962.07751691 30.32 302.454331  -2.396091 22.386
 78    16.369 54962.07751756 33.65 302.453611  -2.392791 22.386
 79    15.775 54997.07753336 25.07 302.457927  -2.419268 18.602
 79    15.530 54997.07753400 25.40 302.457207  -2.415958 18.602
 79    15.432 54997.07753465 25.63 302.456477  -2.412658 18.602
 79    15.295 54997.07753529 26.34 302.455747  -2.409348 18.602
 79    14.687 54997.07753594 27.65 302.455017  -2.406048 18.602
 79    14.975 54997.07753658 28.64 302.454297  -2.402738 18.602
 79    15.538 54997.07753723 28.52 302.453567  -2.399438 18.602
 79    15.925 54997.07753787 30.02 302.452837  -2.396128 18.602
 79    16.236 54997.07753852 31.05 302.452117  -2.392828 18.602
 80    15.388 55032.07752294 27.51 302.459272  -2.417060 24.104
 80    15.528 55032.07752358 25.11 302.458552  -2.413750 24.104
 80    15.381 55032.07752423 24.48 302.457822  -2.410450 24.104
 80    14.843 55032.07752487 25.40 302.457092  -2.407140 24.104
 80    14.346 55032.07752551 26.53 302.456362  -2.403840 24.104
 80    14.304 55032.07752616 26.95 302.455642  -2.400530 24.104
 80    14.841 55032.07752680 29.19 302.454912  -2.397230 24.104
 80    15.464 55032.07752745 30.37 302.454182  -2.393920 24.104
 80    15.742 55032.07752809 33.81 302.453462  -2.390620 24.104
 80    15.935 55032.07752874 38.57 302.452732  -2.387310 24.104
 81    14.366 55067.07751254 20.91 302.460413  -2.415830 20.989
 81    14.297 55067.07751319 22.30 302.459693  -2.412520 20.989
 81    13.968 55067.07751383 22.74 302.458963  -2.409220 20.989
 81    13.519 55067.07751448 23.21 302.458233  -2.405910 20.989
 81    13.121 55067.07751512 23.58 302.457503  -2.402610 20.989
 81    12.541 55067.07751577 25.28 302.456783  -2.399300 20.989
 81    13.505 55067.07751641 25.72 302.456053  -2.396000 20.989
 81    13.605 55067.07751706 31.93 302.455323  -2.392690 20.989
 81    14.007 55067.07751770 33.15 302.454603  -2.389390 20.989
 81    14.754 55067.07751835 29.07 302.453873  -2.386080 20.989
 82    11.283 55102.07745261 15.39 302.458011  -2.415998 20.696
 82    11.286 55102.07745326 15.04 302.457281  -2.412698 20.696
 82    11.443 55102.07745390 15.32 302.456551  -2.409388 20.696
 82    11.032 55102.07745455 15.47 302.455831  -2.406088 20.696
 82    10.735 55102.07745519 16.85 302.455101  -2.402778 20.696
 82    10.799 55102.07745584 16.01 302.454371  -2.399478 20.696
 82    10.846 55102.07745648 16.31 302.453651  -2.396168 20.696
 82    11.209 55102.07745712 17.19 302.452921  -2.392868 20.696
 83     7.151 55137.07745813 24.72 302.460245  -2.416218 16.866
 83     7.051 55137.07745877 23.61 302.459525  -2.412908 16.866
 83     6.793 55137.07745942 24.01 302.458795  -2.409608 16.866
 83     6.913 55137.07746006 22.31 302.458065  -2.406298 16.866
 83     6.758 55137.07746070 22.07 302.457335  -2.402998 16.866
 83     6.746 55137.07746135 21.17 302.456615  -2.399688 16.866
 83     6.285 55137.07746199 23.52 302.455885  -2.396388 16.866
 83     6.771 55137.07746264 23.50 302.455155  -2.393078 16.866
 83     7.016 55137.07746328 23.16 302.454435  -2.389778 16.866
 83    12.218 55137.07746393 23.18 302.453705  -2.386468 16.866
 84     5.735 55172.07742041 19.38 302.459677  -2.414391 18.209
 84     9.736 55172.07742105 18.79 302.458957  -2.411081 18.209
 84     5.760 55172.07742170 18.13 302.458227  -2.407781 18.209
 84     5.440 55172.07742234 18.69 302.457497  -2.404471 18.209
 84     5.233 55172.07742299 18.44 302.456767  -2.401171 18.209
 84     5.722 55172.07742363 17.55 302.456047  -2.397861 18.209
 84     5.981 55172.07742428 16.66 302.455317  -2.394561 18.209
 84     6.216 55172.07742492 16.09 302.454587  -2.391251 18.209
 84    13.449 55172.07742557 18.65 302.453867  -2.387951 18.209
 84    11.977 55172.07742621 35.42 302.453137  -2.384641 18.209
 85     9.949 55207.07745282 36.93 302.459701  -2.414985 18.682
 85     9.881 55207.07745347 34.82 302.458971  -2.411685 18.682
 85     9.874 55207.07745411 32.04 302.458241  -2.408375 18.682
 85     9.744 55207.07745476 30.73 302.457511  -2.405075 18.682
 85     9.557 55207.07745540 30.62 302.456791  -2.401765 18.682
 85     9.482 55207.07745605 28.61 302.456061  -2.398465 18.682
 85     9.657 55207.07745669 28.79 302.455331  -2.395155 18.682
 85    10.066 55207.07745734 28.54 302.454611  -2.391855 18.682
 85    10.145 55207.07745798 31.86 302.453881  -2.388545 18.682
 85    10.142 55207.07745863 39.83 302.453151  -2.385245 18.682
 86    11.529 55242.07742505 16.24 302.458972  -2.416454 22.608
 86    11.670 55242.07742570 16.32 302.458242  -2.413154 22.608
 86    11.734 55242.07742634 17.64 302.457512  -2.409844 22.608
 86    10.400 55242.07742698 19.61 302.456792  -2.406544 22.608
 86     8.858 55242.07742763 20.90 302.456062  -2.403234 22.608
 86     9.890 55242.07742827 21.05 302.455332  -2.399934 22.608
 86     8.966 55242.07742892 28.45 302.454612  -2.396624 22.608
 86     9.492 55242.07742956 30.90 302.453882  -2.393324 22.608
 86    11.078 55242.07743021 26.08 302.453152  -2.390014 22.608
 86    11.997 55242.07743085 34.30 302.452432  -2.386714 22.608
 87    12.284 55277.07744589 18.03 302.459505  -2.416608 21.877
 87    11.964 55277.07744654 20.01 302.458785  -2.413298 21.877
 87    12.139 55277.07744718 18.26 302.458055  -2.409998 21.877
 87    11.068 55277.07744783 20.87 302.457325  -2.406688 21.877
 87    10.448 55277.07744847 20.45 302.456595  -2.403388 21.877
 87     8.851 55277.07744912 22.66 302.455875  -2.400078 21.877
 87     9.246 55277.07744976 24.55 302.455145  -2.396778 21.877
 87    11.532 55277.07745040 24.09 302.454415  -2.393468 21.877
 87    12.635 55277.07745105 21.25 302.453695  -2.390168 21.877
 87    12.839 55277.07745169 27.39 302.452965  -2.386858 21.877
 88    13.937 55312.07741103 23.77 302.459357  -2.414377 20.432
 88    13.866 55312.07741167 23.11 302.458627  -2.411067 20.432
 88    13.584 55312.07741232 24.05 302.457907  -2.407767 20.432
 88    13.020 55312.07741296 25.38 302.457177  -2.404457 20.432
 88    12.467 55312.07741361 25.44 302.456447  -2.401157 20.432
 88    12.789 55312.07741425 27.23 302.455727  -2.397847 20.432
 88    13.652 55312.07741490 26.20 302.454997  -2.394547 20.432
 88    14.017 55312.07741554 28.79 302.454267  -2.391237 20.432
 88    14.368 55312.07741619 27.67 302.453547  -2.387937 20.432
 88    14.497 55312.07741683 40.66 302.452817  -2.384627 20.432
 89    14.844 55347.07741708 24.59 302.459911  -2.413359 23.439
 89    14.634 55347.07741773 25.06 302.459181  -2.410049 23.439
 89    14.198 55347.07741837 25.30 302.458451  -2.406749 23.439
 89    13.729 55347.07741902 25.06 302.457731  -2.403439 23.439
 89    13.848 55347.07741966 25.66 302.457001  -2.400139 23.439
 89    14.426 55347.07742031 25.64 302.456271  -2.396829 23.439
 89    14.557 55347.07742095 28.88 302.455551  -2.393529 23.439
 89    14.956 55347.07742160 28.93 302.454821  -2.390219 23.439
 89    15.221 55347.07742224 31.70 302.454091  -2.386919 23.439
 90    14.146 55382.07740752 20.60 302.459717  -2.416385 23.112
 90    14.057 55382.07740816 21.50 302.458997  -2.413075 23.112
 90    13.799 55382.07740881 22.46 302.458267  -2.409775 23.112
 90    13.476 55382.07740945 22.24 302.457537  -2.406465 23.112
 90    12.862 55382.07741010 22.23 302.456807  -2.403165 23.112
 90    13.264 55382.07741074 22.17 302.456087  -2.399855 23.112
 90    13.727 55382.07741139 22.72 302.455357  -2.396555 23.112
 90    14.239 55382.07741203 22.49 302.454627  -2.393245 23.112
 90    14.520 55382.07741268 25.67 302.453907  -2.389945 23.112
 90    14.737 55382.07741332 30.46 302.453177  -2.386635 23.112
 91    13.014 55417.07743576 34.45 302.460085  -2.414646 19.948
 91    13.056 55417.07743640 34.31 302.459355  -2.411346 19.948
 91    13.150 55417.07743705 34.64 302.458625  -2.408036 19.948
 91    13.137 55417.07743769 34.55 302.457895  -2.404736 19.948
 91    13.148 55417.07743834 33.92 302.457175  -2.401426 19.948
 91    12.927 55417.07743898 32.94 302.456445  -2.398126 19.948
 91    12.814 55417.07743963 34.30 302.455715  -2.394816 19.948
 91    13.116 55417.07744027 32.52 302.454995  -2.391516 19.948
 91    13.269 55417.07744091 33.77 302.454265  -2.388206 19.948
 91    13.319 55417.07744156 46.89 302.453535  -2.384906 19.948
 92     9.601 55452.07741837 19.14 302.460277  -2.414759 19.726
 92     9.723 55452.07741901 19.11 302.459557  -2.411449 19.726
 92     9.111 55452.07741966 18.34 302.458827  -2.408149 19.726
 92     8.804 55452.07742030 17.66 302.458097  -2.404839 19.726
 92     8.572 55452.07742095 17.69 302.457367  -2.401539 19.726
 92     8.485 55452.07742159 18.35 302.456647  -2.398229 19.726
 92     8.638 55452.07742224 16.47 302.455917  -2.394929 19.726
 92     8.863 55452.07742288 16.70 302.455187  -2.391619 19.726
 92     9.009 55452.07742352 26.13 302.454467  -2.388319 19.726
 92    12.220 55452.07742417 31.02 302.453737  -2.385009 19.726
 93     4.658 55487.07734073 18.49 302.460532  -2.414256 16.895
 93     9.397 55487.07734137 18.23 302.459802  -2.410956 16.895
 93     4.723 55487.07734202 18.56 302.459072  -2.407646 16.895
 93     4.640 55487.07734266 18.36 302.458352  -2.404346 16.895
 93     4.649 55487.07734331 18.03 302.457622  -2.401036 16.895
 93     4.754 55487.07734395 18.26 302.456892  -2.397736 16.895
 93     4.995 55487.07734460 17.27 302.456172  -2.394426 16.895
 93     5.845 55487.07734524 17.81 302.455442  -2.391126 16.895
 93    11.746 55487.07734589 18.79 302.454712  -2.387816 16.895
 93    12.066 55487.07734653 35.79 302.453992  -2.384516 16.895
