#    0.000   0.000   0.000 ;Mean Elev.(m), Avg Gradient(m/km), RMS Gradient(m/km) - SRTM1     
#    0.000   0.000   0.000 ;Mean Elev.(m), Avg Gradient(m/km), RMS Gradient(m/km) - ASTER GDEM
#    8.608  -1.413   5.065 ;Mean Elev.(m), Avg Gradient(m/km), RMS Gradient(m/km) - GMTED2010 
  7 299.119610  -3.569805    23.853    23.962  8 52467.08733110 30.980
  8 299.119228  -3.570033    22.825    22.837  9 52502.08732267 37.562
  9 299.120091  -3.569004    20.059    20.052  8 52537.08730842 26.015
 10 299.118348  -3.569693    14.204    14.652  8 52572.08734543 30.895
 11 299.123028  -3.568590    16.494    16.348  8 52607.08730366 30.449
 12 299.119171  -3.568895    17.845    17.912  8 52642.08730181 29.127
 13 299.122057  -3.567773    18.964    18.804  8 52677.08728864 20.216
 14 299.118866  -3.569500    19.467    19.292  9 52712.08731975 30.232
 15 299.112382  -3.574392    21.099    21.094 10 52747.08734544 22.888
 16 299.118900  -3.569576    23.408    23.441  9 52782.08728564 39.184
 17 299.118048  -3.569730    24.044    24.099  8 52817.08736502 30.684
 18 299.121176  -3.568455    23.640    23.670  9 52852.08741578 37.295
 20 299.119875  -3.569388    15.617    15.669  8 52922.08740482 30.790
 21 299.125454  -3.564689    17.537    16.886  8 52957.08737074 18.634
 22 299.124272  -3.565233    16.329    15.449  8 52992.08739123 24.063
 23 299.126035  -3.564930    19.137    18.662  7 53027.08735733 17.457
 24 299.126265  -3.564037    19.522    19.385  8 53062.08736652 19.089
 25 299.114989  -3.572381    20.115    19.880  9 53097.08738862 19.534
 26 299.128339  -3.564325    21.951    22.040  7 53132.08736326 31.651
 28 299.119309  -3.568909    22.088    22.079  8 53202.08744099 30.272
 29 299.126467  -3.565513    20.873    20.792  8 53237.08741022 27.141
 30 299.123388  -3.566809    17.856    17.416  8 53272.08736704 20.217
 31 299.115475  -3.572457    16.993    16.988  9 53307.08743074 14.004
 32 299.119881  -3.569505    16.375    16.356  9 53342.08739831 27.606
 33 299.121467  -3.567553    18.211    17.953  8 53377.08733289 25.359
 35 299.120720  -3.568355    20.927    20.929  9 53447.08735829 31.848
 36 299.114255  -3.571436    22.606    22.637  9 53482.08744322 27.451
 37 299.120762  -3.568477    23.326    23.341  8 53517.08744615 27.720
 38 299.114946  -3.573390    23.178    23.157  9 53552.08746614 30.023
 39 299.123802  -3.568360    20.467    20.443  8 53587.08742031 28.630
 40 299.115129  -3.572169    14.761    14.142 10 53622.08738583 25.258
 41 299.119263  -3.570563    15.553    14.544  9 53657.08741391 13.665
 42 299.118698  -3.569085    15.151    13.760  9 53692.08739968 20.335
 43 299.122556  -3.567839    15.799    15.565  8 53727.08732340 27.363
 44 299.127181  -3.564161    18.465    18.463  8 53762.08727749 26.860
 45 299.123312  -3.565439    21.016    20.938  8 53797.08728978 23.013
 47 299.118872  -3.570892    23.548    23.569  9 53867.08734745 34.873
 48 299.119330  -3.569027    24.135    24.188  9 53902.08737780 32.847
 49 299.111388  -3.574744    21.976    22.155  9 53937.08741545 21.071
 50 299.117053  -3.571983    19.594    19.372  9 53972.08738040 16.870
 52 299.124479  -3.565277    19.565    19.239  8 54042.08739147 14.295
 53 299.120870  -3.568813    16.798    16.030  9 54077.08738459 22.715
 54 299.119517  -3.568708    19.392    19.484  9 54112.08732484 16.428
 56 299.120141  -3.569808    20.085    19.997  8 54182.08731228 17.296
 57 299.119851  -3.569881    21.566    21.632  8 54217.08733536 22.420
 58 299.119673  -3.569168    23.043    23.168  8 54252.08736204 28.238
 59 299.122011  -3.568686    23.575    23.624  8 54287.08736713 28.919
 60 299.121753  -3.567136    22.094    22.072  8 54322.08736421 26.211
 61 299.121419  -3.568394    18.789    19.206  8 54357.08732319 19.757
 62 299.121186  -3.567127    18.765    18.941  8 54392.08730474 15.345
 63 299.121574  -3.568055    16.107    14.939  9 54427.08727311 20.697
 64 299.121912  -3.568706    18.021    17.227  8 54462.08728194 17.842
 65 299.121818  -3.568237    20.028    19.681  9 54497.08728094 21.647
 66 299.122841  -3.568630    20.915    20.913  8 54532.08729493 26.817
 67 299.120816  -3.568437    22.376    22.460  8 54567.08728615 24.565
 68 299.120194  -3.568193    22.814    22.595  8 54602.08729111 27.315
 69 299.119554  -3.569156    23.489    23.585  8 54637.08730204 28.517
 70 299.119789  -3.569750    22.994    22.981  9 54672.08730531 34.128
 71 299.122148  -3.567992    20.323    20.165  8 54707.08726554 20.381
 72 299.120902  -3.568432    18.540    18.895  9 54742.08727056 17.507
 73 299.122226  -3.567111    15.898    14.413  8 54777.08724625 20.686
 74 299.121363  -3.569149    18.378    17.912  8 54812.08726341 14.362
 75 299.120561  -3.567958    19.452    19.600  9 54847.08724711 18.636
 76 299.120092  -3.569881    20.471    21.122  8 54882.08726671 20.344
 77 299.118683  -3.569739    22.392    22.286  9 54917.08724920 24.239
 78 299.119444  -3.568444    24.337    24.364  8 54952.08726114 28.645
 79 299.118494  -3.570513    24.553    24.695  9 54987.08728534 32.303
 80 299.122098  -3.568142    24.842    24.639  8 55022.08727775 31.445
 81 299.120992  -3.567642    23.886    23.879  8 55057.08727443 28.178
 82 299.120098  -3.569477    20.377    20.149  9 55092.08723077 19.391
 83 299.121377  -3.569368    15.301    13.959  8 55127.08721340 23.973
 84 299.120509  -3.568492    13.813    11.968  9 55162.08719173 20.485
 85 299.120663  -3.569123    16.836    16.833  9 55197.08720473 42.221
 86 299.119981  -3.569513    18.890    18.302  8 55232.08719545 16.639
 87 299.121296  -3.568440    19.706    19.627  8 55267.08719913 21.365
 88 299.121687  -3.568853    21.167    21.063  8 55302.08717639 21.269
 89 299.120361  -3.569068    23.189    23.164  8 55337.08717455 29.840
 90 299.121718  -3.568001    23.483    23.521  9 55372.08716398 31.801
 91 299.122389  -3.568141    21.689    21.715  8 55407.08718400 27.660
 92 299.121061  -3.567499    16.228    16.223  8 55442.08718364 28.539
 93 299.121707  -3.568023    13.073    10.953  9 55477.08712445 19.867
