# NaN NaN NaN ;Mean Elev.(m), Avg Gradient(m/km), RMS Gradient(m/km) - SRTM1     
# NaN NaN NaN ;Mean Elev.(m), Avg Gradient(m/km), RMS Gradient(m/km) - ASTER GDEM
#    0.419  -0.485   5.972 ;Mean Elev.(m), Avg Gradient(m/km), RMS Gradient(m/km) - GMTED2010 
  7 308.987343  -0.616284     1.969     2.070 24 52444.55817478 41.392
  8 308.993231  -0.614697     0.895     0.835 22 52479.55816745 14.909
  9 309.007068  -0.603886     1.555     1.550 19 52514.55811195 14.570
 10 308.994165  -0.615010     1.124     1.117 22 52549.55815949 12.953
 11 309.006281  -0.604498     0.547     0.462 20 52584.55814263 18.281
 12 308.995231  -0.614507     1.771     1.776 22 52619.55812332 14.855
 13 309.007889  -0.602783    -2.754    -2.656 20 52654.55810617 28.417
 14 308.999241  -0.610537     1.626     1.522 22 52689.55810271 15.562
 15 309.000074  -0.609031     1.725     1.714 21 52724.55814709 43.492
 16 308.986221  -0.617143     0.889     0.870 24 52759.55816783 18.673
 17 309.004451  -0.605685     1.574     1.533 20 52794.55812017 16.168
 18 309.006388  -0.604829     1.693     1.700 20 52829.55818709 15.517
 19 309.008688  -0.603099     1.067     1.019 20 52864.55823121 17.090
 20 308.997371  -0.611402     1.774     1.781 21 52899.55826223 14.082
 21 308.996256  -0.612006    -1.221    -1.380 22 52934.55820606 28.453
 22 308.999071  -0.610297     0.985     0.941 21 52969.55822139 13.516
 23 308.991142  -0.616977     1.484     1.464 22 53004.55824125 23.291
 24 308.994642  -0.614295    -0.319     0.014 22 53039.55819001 21.963
 25 308.995071  -0.614926     1.689     1.627 22 53074.55822109 15.967
 26 308.991925  -0.615265     0.882     0.897 22 53109.55819076 21.824
 27 308.996569  -0.613246     1.061     0.994 22 53144.55823130 14.577
 28 309.002826  -0.607675     1.634     1.590 21 53179.55824494 17.050
 29 308.996736  -0.612303     1.219     1.207 21 53214.55826772 12.492
 30 308.999632  -0.609108     1.262     1.179 21 53249.55823670 16.727
 31 308.993447  -0.614136     1.699     1.714 22 53284.55823372 13.610
 32 309.006528  -0.604698    -2.748    -2.720 19 53319.55822011 27.719
 33 309.006250  -0.604334     1.157     1.135 20 53354.55818750 15.965
 34 308.997650  -0.612435     0.721     0.720 21 53389.55819319 27.038
 35 309.006506  -0.603398    -0.012     0.217 20 53424.55818980 19.870
 36 309.006324  -0.603721     1.798     1.863 20 53459.55819473 28.173
 37 308.990316  -0.616751     0.590     0.794 23 53494.55828260 42.128
 38 309.006476  -0.605281     1.090     1.058 20 53529.55825534 16.292
 39 308.991423  -0.617060     1.843     1.818 22 53564.55828897 15.295
 40 309.002923  -0.607376    -1.177    -1.958 20 53599.55822845 21.340
 41 308.994236  -0.615127     1.208     1.169 22 53634.55822659 14.391
 42 308.992840  -0.615487     1.121     1.121 22 53669.55824848 12.906
 43 309.006526  -0.605147    -2.688    -2.654 20 53704.55818414 25.896
 44 309.006116  -0.604052     1.080     1.301 20 53739.55809384 28.587
 45 309.006667  -0.603279    -0.357     0.259 20 53774.55811285 24.174
 46 309.003429  -0.606982     1.258     1.195 20 53809.55809716 15.915
 47 308.996190  -0.613334     1.644     1.706 21 53844.55814000 20.245
 48 309.004203  -0.605472     0.851     0.746 20 53879.55816748 16.114
 49 308.990961  -0.616998     1.361     1.328 22 53914.55822579 16.000
 50 308.988934  -0.617007     1.732     1.763 23 53949.55823671 20.742
 51 308.999265  -0.609426    -1.752    -1.708 21 53984.55817360 27.542
 52 309.000906  -0.609784     1.421     1.366 21 54019.55820847 14.675
 53 309.010710  -0.600295     0.611     0.550 19 54054.55819765 19.122
 54 309.001267  -0.609563    -2.340    -2.385 21 54089.55818934 27.181
 55 309.000982  -0.609808     2.012     1.999 21 54124.55811403 16.136
 56 308.998610  -0.610758    -1.510    -1.603 21 54159.55815583 29.140
 57 309.000419  -0.608931     0.918     1.006 21 54194.55811636 21.513
 58 309.000230  -0.608269     1.369     1.489 21 54229.55816692 33.007
 59 309.000497  -0.609709    -1.700    -1.764 21 54264.55818555 23.696
 60 309.001636  -0.608538     1.537     1.509 20 54299.55818931 15.922
 61 309.001392  -0.607730     1.544     1.533 21 54334.55817904 15.428
 63 309.000021  -0.608597     1.533     1.489 21 54404.55812351 16.310
 64 308.999742  -0.610057    -1.921    -1.825 21 54439.55808092 33.099
 65 309.001931  -0.608597     0.812     0.760 21 54474.55811008 15.214
 66 309.000200  -0.610712     2.099     2.083 21 54509.55809427 15.841
 67 309.000900  -0.608988    -0.708    -0.229 20 54544.55812428 20.694
 68 309.001250  -0.608682     0.884     0.906 20 54579.55809190 20.564
 69 309.001388  -0.608876     2.161     2.165 20 54614.55811417 14.399
 70 308.998391  -0.610673    -0.460    -0.242 21 54649.55812490 25.527
 71 308.999808  -0.610601     1.737     1.712 21 54684.55812074 15.255
 72 309.001755  -0.608220     1.026     1.010 20 54719.55806840 15.657
 73 308.999609  -0.609492    -1.330    -1.533 21 54754.55809499 21.882
 74 308.998803  -0.610913     1.785     1.757 22 54789.55806283 14.377
 75 309.000447  -0.610181    -2.090    -1.963 21 54824.55809016 32.721
 76 309.001725  -0.607680     1.266     1.187 21 54859.55805529 14.689
 77 308.997907  -0.612302     2.138     2.131 21 54894.55809267 15.163
 78 308.998212  -0.611227     1.023     0.892 21 54929.55805473 15.730
 79 308.999411  -0.609760     1.594     1.551 21 54964.55809148 19.055
 80 308.996647  -0.612121     1.202     1.377 22 54999.55811287 23.762
 81 309.000619  -0.609464     1.063     1.007 20 55034.55809829 14.480
 82 309.000672  -0.608478     1.883     1.842 21 55069.55808774 15.521
 83 308.998112  -0.611628    -0.947    -1.298 21 55104.55802958 20.578
 84 309.000021  -0.610182     0.587     0.560 21 55139.55803570 16.742
 85 309.001430  -0.608551     1.693     1.637 21 55174.55799567 17.546
 86 308.999532  -0.611189    -1.949    -1.850 21 55209.55803158 29.737
 87 308.999011  -0.610470     1.529     1.456 22 55244.55800302 15.427
 88 308.999499  -0.609143     1.723     1.718 21 55279.55802444 15.803
 89 308.999203  -0.611153     0.984     0.950 21 55314.55798928 19.261
 90 309.000268  -0.609810     1.822     1.788 21 55349.55799601 15.680
 91 308.998568  -0.611165     0.885     0.910 21 55384.55798883 16.543
 92 309.000930  -0.609401     1.131     1.031 21 55419.55801414 14.956
 93 309.000628  -0.609087     1.896     1.883 21 55454.55799253 14.419
 94 309.001829  -0.607743    -0.486    -0.479 21 55489.55791189 30.200
