#    0.000   0.000   0.000 ;Mean Elev.(m), Avg Gradient(m/km), RMS Gradient(m/km) - SRTM1     
#    0.000   0.000   0.000 ;Mean Elev.(m), Avg Gradient(m/km), RMS Gradient(m/km) - ASTER GDEM
#    5.248  -1.503   9.302 ;Mean Elev.(m), Avg Gradient(m/km), RMS Gradient(m/km) - GMTED2010 
  7 302.813855  -2.591508    14.430    14.464  3 52456.57450855 28.165
 10 302.815602  -2.592483     9.656     8.601  3 52561.57451013 38.546
 12 302.815812  -2.591434    10.690    10.690  2 52631.57446265 18.971
 15 302.818319  -2.592190    12.371    12.329  3 52736.57449535 36.729
 16 302.817403  -2.591212    13.544    13.544  2 52771.57446846 27.586
 17 302.813235  -2.591824    14.043    14.043  2 52806.57451876 28.413
 18 302.815599  -2.592620    13.602    13.602  2 52841.57457833 27.317
 19 302.814422  -2.591749    12.632    12.609  3 52876.57461694 31.586
 20 302.822993  -2.592378    13.963    13.963  2 52911.57457858 23.930
 21 302.820545  -2.592154     7.493     7.493  2 52946.57453172 38.697
 23 302.814756  -2.591197     9.734     9.734  2 53016.57456778 31.131
 24 302.817670  -2.591844    12.053    11.361  3 53051.57454594 32.525
 25 302.807520  -2.592256    11.871    11.871  2 53086.57458282 31.891
 26 302.813966  -2.591756    13.257    13.262  3 53121.57455222 49.753
 27 302.808883  -2.592530    13.691    13.683  3 53156.57460768 41.763
 28 302.820800  -2.590747    13.054    13.054  2 53191.57459914 27.981
 29 302.819117  -2.590845    12.051    12.051  2 53226.57460276 24.269
 30 302.812213  -2.592781    10.499    10.499  2 53261.57457701 52.505
 31 302.806662  -2.591124    12.323    12.323  2 53296.57461078 27.932
 32 302.815798  -2.592581     9.703    10.297  3 53331.57458312 21.731
 34 302.815152  -2.591253    11.860    11.860  2 53401.57455656 18.131
 35 302.817594  -2.591148    11.969    12.004  3 53436.57454589 49.294
 36 302.811971  -2.592670    13.624    13.624  2 53471.57459673 31.060
 37 302.812431  -2.592741    14.267    14.267  2 53506.57462938 32.337
 38 302.812637  -2.591436    13.886    13.886  2 53541.57463446 27.956
 39 302.813475  -2.591401    12.700    12.700  2 53576.57462393 49.725
 40 302.813399  -2.592263    11.435    11.734  3 53611.57457565 28.440
 41 302.816071  -2.592605    11.056    11.056  2 53646.57458010 20.712
 42 302.810158  -2.591176     5.287     5.286  3 53681.57459629 52.995
 43 302.818967  -2.592337     7.853     7.853  2 53716.57452380 43.807
 44 302.821360  -2.591466    10.372    10.371  3 53751.57444204 50.366
 45 302.819470  -2.592616    11.910    11.910  2 53786.57447252 29.441
 46 302.819179  -2.591672    13.593    13.599  3 53821.57442801 33.363
 47 302.811401  -2.591709    14.301    14.301  2 53856.57451733 31.060
 48 302.820921  -2.591251    15.283    15.283  2 53891.57452899 51.271
 49 302.805306  -2.591419    14.291    14.291  2 53926.57459122 32.887
 50 302.808832  -2.592198    12.539    12.539  2 53961.57457720 34.727
 51 302.817804  -2.592153    10.763    10.763  2 53996.57451810 25.652
 52 302.817784  -2.592041     9.692    11.138  3 54031.57457151 22.774
 53 302.817990  -2.591798     7.137     7.137  2 54066.57456547 27.967
 54 302.815669  -2.591536     9.510     9.510  2 54101.57452682 46.178
 55 302.815309  -2.591669    10.751    10.751  2 54136.57449239 22.049
 56 302.814672  -2.592439    11.537    11.537  2 54171.57450388 19.138
 57 302.814424  -2.591188    12.819    12.887  3 54206.57449730 26.778
 58 302.816230  -2.592091    13.979    13.979  2 54241.57453009 27.717
 59 302.816023  -2.591540    14.342    14.342  2 54276.57454520 51.077
 61 302.816722  -2.592378    11.310    11.310  2 54346.57451961 47.475
 62 302.815939  -2.592097    10.356    11.453  3 54381.57448316 22.774
 63 302.815602  -2.591821     9.100     9.100  2 54416.57446885 21.688
 64 302.815470  -2.591331     9.619     9.619  2 54451.57445183 26.778
 65 302.817285  -2.591952    10.479    10.479  2 54486.57446544 23.489
 66 302.816866  -2.591654    12.564    12.216  3 54521.57446519 32.628
 67 302.815979  -2.591062    13.854    13.854  2 54556.57447542 45.018
 68 302.815159  -2.592194    14.423    14.524  3 54591.57446096 37.465
 69 302.815360  -2.592306    14.860    14.858  3 54626.57447730 50.016
 70 302.813425  -2.592442    14.281    14.281  2 54661.57448497 29.798
 71 302.817013  -2.592389    12.357    12.357  2 54696.57446120 24.634
 72 302.815452  -2.592307     9.589     9.589  2 54731.57444113 45.817
 73 302.815847  -2.592135    11.989    11.603  3 54766.57444078 25.288
 74 302.814530  -2.591233    11.268    11.250  3 54801.57443464 23.625
 75 302.815570  -2.592501    10.313    10.313  2 54836.57443258 38.760
 76 302.815457  -2.591250    12.188    12.265  3 54871.57443337 34.911
 77 302.813832  -2.592494    13.779    13.779  2 54906.57444071 27.775
 78 302.814772  -2.591873    14.808    14.808  2 54941.57442510 33.970
 79 302.814499  -2.592542    15.471    15.541  3 54976.57445401 30.438
 80 302.814973  -2.592044    15.499    15.499  2 55011.57446333 25.488
 81 302.816123  -2.592186    14.709    14.709  2 55046.57445451 24.667
 82 302.816166  -2.592602    12.677    12.677  2 55081.57442769 21.771
 83 302.816220  -2.591340    10.384    10.384  2 55116.57438704 26.203
 84 302.814635  -2.592290     8.921     8.921  2 55151.57438535 24.244
 85 302.814901  -2.591172    11.103    11.103  2 55186.57437271 17.806
 86 302.815021  -2.591480    11.501    11.158  3 55221.57438390 30.094
 87 302.816520  -2.591266    11.241    11.247  3 55256.57436896 39.154
 88 302.815607  -2.591050    12.180    12.180  2 55291.57437146 26.834
 89 302.813522  -2.592508    14.071    14.058  3 55326.57435362 46.973
 90 302.815111  -2.592647    14.183    14.203  3 55361.57435056 38.922
 91 302.815123  -2.592147    13.228    13.253  3 55396.57435680 34.786
 92 302.817418  -2.591934    11.721    11.721  2 55431.57436505 26.525
 93 302.817289  -2.592690    11.761    11.761  2 55466.57432584 22.079
