#    0.000   0.000   0.000 ;Mean Elev.(m), Avg Gradient(m/km), RMS Gradient(m/km) - SRTM1     
#    0.000   0.000   0.000 ;Mean Elev.(m), Avg Gradient(m/km), RMS Gradient(m/km) - ASTER GDEM
#    2.867  -5.002  11.855 ;Mean Elev.(m), Avg Gradient(m/km), RMS Gradient(m/km) - GMTED2010 
  7 303.839297  -2.177874    11.787    11.981 28 52474.07364227 39.573
  8 303.845684  -2.176350    10.512    10.761 30 52509.07360738 44.994
  9 303.848841  -2.172528     9.043     9.056 31 52544.07360344 40.944
 10 303.841125  -2.177421     7.917     8.294 29 52579.07364443 29.346
 11 303.840873  -2.178564     7.109     6.827 28 52614.07361064 38.952
 12 303.846326  -2.174364     8.053     8.137 30 52649.07359213 41.923
 13 303.848998  -2.173060     8.770     8.758 32 52684.07357222 42.292
 14 303.841860  -2.177324    11.126    10.362 29 52719.07362614 45.559
 16 303.843469  -2.177507    11.495    11.644 29 52789.07359787 38.812
 17 303.844553  -2.173949    11.505    11.760 30 52824.07366909 44.968
 18 303.846864  -2.174491    10.923    10.957 31 52859.07371520 42.092
 19 303.840944  -2.177247     9.981     9.972 28 52894.07374602 42.302
 20 303.840895  -2.177589     7.747     7.832 28 52929.07369599 39.503
 21 303.843162  -2.151698     6.678     6.276 18 52964.07368483 25.280
 22 303.838909  -2.179530     6.707     6.445 28 52999.07371609 38.637
 23 303.841447  -2.177559     8.422     8.510 29 53034.07366892 37.414
 24 303.844521  -2.173554     9.534     9.542 29 53069.07368524 45.639
 25 303.835717  -2.155146    10.876    10.534 14 53104.07367486 35.885
 26 303.846090  -2.175371    11.254    11.622 31 53139.07369005 47.282
 27 303.841033  -2.169182    11.174    11.370 24 53174.07373063 41.940
 28 303.838874  -2.163618    11.607    11.365 21 53209.07374832 35.157
 29 303.847294  -2.183611    10.851    11.071 26 53244.07371178 34.648
 30 303.843110  -2.176301     7.989     7.860 29 53279.07369219 40.660
 31 303.842651  -2.176069     7.236     6.880 29 53314.07371674 32.482
 32 303.846300  -2.175094     6.817     6.689 31 53349.07368248 43.212
 33 303.844316  -2.175983     7.697     7.850 30 53384.07365561 42.682
 34 303.851364  -2.171987     8.508     8.778 33 53419.07366289 38.995
 35 303.843666  -2.162038    10.462    10.821 24 53454.07367075 42.034
 36 303.837258  -2.181796    11.988    11.926 27 53489.07375246 43.248
 37 303.843971  -2.163569    12.151    12.144 23 53524.07374334 38.905
 38 303.837263  -2.179807    11.450    11.502 27 53559.07376692 48.588
 39 303.849701  -2.173601     9.987     9.798 32 53594.07370507 44.202
 40 303.838774  -2.179485     6.460     6.249 27 53629.07369662 42.948
 41 303.840975  -2.178688     6.697     6.547 28 53664.07372076 31.798
 42 303.841949  -2.161186     5.620     5.437 21 53699.07368272 34.458
 43 303.847685  -2.173073     7.864     7.895 31 53734.07360272 40.001
 44 303.849147  -2.172955     9.572     9.618 32 53769.07358589 46.191
 45 303.847562  -2.174662    10.864    11.128 31 53804.07358165 47.107
 46 303.839231  -2.159074    12.303    12.359 18 53839.07360406 40.590
 47 303.842827  -2.166251    13.061    12.876 24 53874.07364928 45.399
 48 303.839659  -2.180234    12.305    12.514 28 53909.07369109 43.126
 49 303.835658  -2.182012    11.090    11.291 26 53944.07371402 42.114
 50 303.842253  -2.178489     9.300     9.411 29 53979.07366378 41.142
 51 303.845730  -2.175704     7.008     6.485 30 54014.07367771 38.710
 52 303.849921  -2.171099     6.277     6.112 32 54049.07368417 35.753
 54 303.843883  -2.175667     8.542     8.604 29 54119.07360472 44.867
 55 303.843306  -2.177987     9.460     9.814 29 54154.07363113 43.943
 56 303.844112  -2.175757    10.133    10.417 30 54189.07359980 43.486
 57 303.842956  -2.176404    11.325    11.596 30 54224.07364166 47.284
 58 303.844101  -2.176324    11.889    12.044 29 54259.07366335 44.947
 59 303.844884  -2.175589    11.379    11.699 30 54294.07366637 45.694
 60 303.846030  -2.175909    10.560    10.680 30 54329.07366023 39.376
 61 303.844190  -2.176559     7.944     7.906 29 54364.07360700 37.299
 62 303.845632  -2.174421     6.588     6.268 30 54399.07360102 38.238
 63 303.845392  -2.176653     6.606     6.415 30 54434.07355821 34.917
 64 303.846180  -2.173743     7.931     8.085 31 54469.07358409 41.826
 65 303.842832  -2.167183     9.326    10.046 24 54504.07357522 43.364
 66 303.845347  -2.173872    11.296    11.261 30 54539.07359922 47.440
 67 303.845116  -2.175883    11.687    11.843 30 54574.07357427 44.121
 68 303.844146  -2.176160    12.844    12.888 29 54609.07359224 49.185
 69 303.843816  -2.176475    12.713    12.719 30 54644.07359981 46.572
 70 303.843552  -2.177417    11.351    11.470 29 54679.07360128 41.191
 71 303.845715  -2.176257     9.394     9.698 30 54714.07355358 44.019
 72 303.843623  -2.176388     6.961     6.651 29 54749.07357131 43.451
 73 303.845408  -2.176516     6.203     5.940 30 54784.07354057 40.554
 74 303.843753  -2.170936     7.743     7.599 27 54819.07356446 38.460
 75 303.843317  -2.167655     9.363     9.624 26 54854.07353976 42.731
 76 303.842811  -2.176358    10.967    11.277 29 54889.07356815 45.107
 77 303.841301  -2.170244    11.997    12.314 25 54924.07353846 37.216
 78 303.843025  -2.176819    12.822    13.149 30 54959.07356607 43.148
 79 303.841780  -2.177472    12.879    13.114 29 54994.07358810 34.634
 80 303.844317  -2.176730    12.390    12.580 30 55029.07357782 38.182
 81 303.844659  -2.175490    11.767    11.714 30 55064.07356994 34.341
 82 303.843150  -2.177468     9.168     9.347 29 55099.07351457 38.951
 83 303.844380  -2.177045     6.869     6.377 30 55134.07351346 37.088
 84 303.845215  -2.174146     6.702     6.929 30 55169.07347844 33.759
 85 303.843860  -2.176232     7.770     7.746 29 55204.07350688 44.173
 86 303.843680  -2.176362     9.220     9.291 30 55239.07348518 45.973
 87 303.844062  -2.176539     9.361     9.761 30 55274.07350013 45.697
 88 303.844491  -2.174801    11.533    11.592 30 55309.07346906 47.385
 89 303.845458  -2.175943    12.439    12.425 30 55344.07346913 46.524
 90 303.844513  -2.175831    11.588    11.824 30 55379.07346349 44.931
 91 303.843150  -2.168923    10.687    10.651 25 55414.07349013 44.114
 92 303.843118  -2.166517     8.169     8.614 25 55449.07347872 38.968
 93 303.845546  -2.176193     6.772     6.866 30 55484.07340293 34.585
