#    0.000   0.000   0.000 ;Mean Elev.(m), Avg Gradient(m/km), RMS Gradient(m/km) - SRTM1     
#    0.000   0.000   0.000 ;Mean Elev.(m), Avg Gradient(m/km), RMS Gradient(m/km) - ASTER GDEM
#    4.032  -1.136   7.209 ;Mean Elev.(m), Avg Gradient(m/km), RMS Gradient(m/km) - GMTED2010 
  7 301.864449  -2.953885    16.250    16.226 21 52461.07944853 27.119
  8 301.863438  -2.954559    15.136    14.929 22 52496.07944840 24.671
  9 301.860034  -2.962819    13.637    13.622 20 52531.07943253 28.396
 10 301.865266  -2.950091     9.054     9.110 22 52566.07945535 34.082
 11 301.857319  -2.968615     8.364     8.202 19 52601.07946824 30.704
 12 301.859356  -2.963572     9.991    10.576 20 52636.07943131 20.668
 13 301.859884  -2.962778    11.912    11.845 20 52671.07943803 16.464
 14 301.862502  -2.958131    12.734    12.582 21 52706.07943459 18.724
 15 301.858727  -2.964000    14.367    14.393 20 52741.07946664 34.871
 16 301.863175  -2.955207    15.370    15.336 21 52776.07941307 23.655
 17 301.859080  -2.964689    16.158    16.136 19 52811.07948801 31.196
 18 301.860487  -2.961412    15.207    15.220 20 52846.07954400 25.812
 19 301.858988  -2.963222    14.401    14.380 20 52881.07958076 37.848
 20 301.862700  -2.955778    10.842    10.761 21 52916.07953931 24.216
 21 301.864534  -2.952433     8.724     8.800 21 52951.07950021 34.943
 22 301.865432  -2.949546     8.610     8.821 22 52986.07952062 28.585
 23 301.863013  -2.955333     9.992     9.759 21 53021.07950947 25.019
 24 301.864938  -2.951454    12.371    12.392 21 53056.07949940 37.263
 25 301.855581  -2.973052    13.280    13.261 19 53091.07953292 27.702
 26 301.862556  -2.956161    14.698    14.658 21 53126.07950664 24.627
 27 301.856414  -2.968308    15.810    15.802 19 53161.07956675 49.708
 28 301.862251  -2.956695    14.646    14.647 21 53196.07956642 22.885
 29 301.865088  -2.952369    13.584    13.580 22 53231.07955086 32.066
 30 301.859510  -2.962301    11.340    11.136 20 53266.07951914 22.747
 31 301.855038  -2.974351     9.106     9.004 19 53301.07956698 30.919
 32 301.860760  -2.961361     9.017     9.059 20 53336.07953986 44.561
 33 301.862282  -2.957831    10.617    10.614 20 53371.07947783 43.560
 35 301.861084  -2.960141    14.207    14.218 20 53441.07949900 48.740
 36 301.857610  -2.967246    15.444    15.391 19 53476.07956425 30.645
 38 301.857533  -2.966947    16.155    16.168 20 53546.07959622 46.550
 39 301.860735  -2.961952    14.096    14.086 20 53581.07957047 34.604
 40 301.858877  -2.965999     9.935     9.946 20 53616.07952463 31.306
 41 301.861836  -2.958596     6.992     6.484 20 53651.07953945 33.255
 42 301.857974  -2.967529     6.851     6.345 20 53686.07954500 33.543
 43 301.862949  -2.956948     8.362     7.608 21 53721.07947286 21.118
 44 301.866479  -2.949409    12.253    12.057 22 53756.07940237 17.331
 45 301.863732  -2.953657    14.170    14.205 21 53791.07942902 22.119
 46 301.864748  -2.952330    15.138    15.347 22 53826.07938944 32.651
 47 301.858526  -2.964258    16.623    16.652 20 53861.07947839 43.555
 48 301.862124  -2.958246    17.057    17.056 20 53896.07949903 34.759
 49 301.854230  -2.975634    15.842    16.009 19 53931.07954769 30.311
 50 301.856576  -2.970171    13.997    13.991 20 53966.07952505 35.010
 51 301.862983  -2.954906     9.996     9.665 21 54001.07948789 26.338
 52 301.863003  -2.956668     7.703     7.162 21 54036.07952884 28.927
 53 301.862352  -2.959029     9.226     8.734 21 54071.07952222 26.071
 54 301.860314  -2.962379    11.247    11.112 20 54106.07947401 20.995
 55 301.860747  -2.960300    12.594    12.625 21 54141.07945555 31.646
 56 301.860272  -2.960747    13.070    13.071 20 54176.07945539 22.861
 57 301.860281  -2.962277    14.476    14.474 20 54211.07946160 24.943
 58 301.860904  -2.961398    15.499    15.576 20 54246.07949226 26.799
 60 301.862181  -2.957716    15.187    15.231 21 54316.07950205 31.227
 61 301.861070  -2.959391    12.173    12.228 20 54351.07946928 34.356
 62 301.861890  -2.958414     8.857     8.371 21 54386.07944089 32.548
 63 301.860544  -2.960517     8.004     8.201 20 54421.07941860 30.760
 64 301.861924  -2.958470    10.073    10.185 20 54456.07941342 29.526
 65 301.861651  -2.958573    12.170    12.317 20 54491.07942024 23.809
 66 301.862332  -2.956539    14.006    14.248 21 54526.07942648 24.012
 67 301.860752  -2.961093    15.297    15.311 20 54561.07942838 23.860
 68 301.860553  -2.959739    15.342    15.112 20 54596.07942240 26.670
 69 301.860422  -2.962255    16.589    16.561 20 54631.07943548 28.287
 70 301.860020  -2.963552    15.879    15.869 20 54666.07944132 30.836
 71 301.861892  -2.958202    13.748    13.974 21 54701.07941131 28.512
 72 301.861098  -2.959918     9.914     9.638 20 54736.07940191 25.964
 73 301.861874  -2.958615     9.077     8.649 21 54771.07939127 38.182
 74 301.860372  -2.961181     9.807     9.483 20 54806.07939479 14.815
 75 301.861402  -2.959448    12.259    12.280 20 54841.07938718 40.368
 76 301.860303  -2.961059    13.893    13.885 20 54876.07939630 21.982
 77 301.860083  -2.963545    16.171    16.212 20 54911.07939125 39.655
 78 301.860053  -2.963343    17.211    17.220 20 54946.07938873 37.881
 79 301.859988  -2.962172    16.597    16.514 21 54981.07941541 29.483
 80 301.861076  -2.960801    17.608    17.694 21 55016.07941658 33.454
 81 301.861476  -2.958130    15.968    16.192 21 55051.07941173 27.948
 82 301.860777  -2.962382    14.128    14.108 20 55086.07937654 32.295
 83 301.862186  -2.957858     9.750     9.309 21 55121.07934535 36.549
 84 301.860096  -2.960785     7.397     7.169 20 55156.07933622 31.680
 85 301.860777  -2.961239     8.982     9.161 21 55191.07933440 22.925
 86 301.860268  -2.960216    11.227    11.352 20 55226.07933711 22.444
 87 301.861597  -2.958539    12.159    12.158 21 55261.07933004 15.716
 88 301.861081  -2.960977    13.996    13.903 20 55296.07932221 28.913
 89 301.859853  -2.964347    15.833    15.804 20 55331.07931066 33.315
 90 301.861318  -2.959804    15.658    15.664 20 55366.07930416 27.221
 91 301.861238  -2.960641    14.646    14.685 21 55401.07931667 24.071
 92 301.862187  -2.957911    11.932    11.928 21 55436.07932186 24.503
 93 301.861264  -2.959261     8.049     7.548 20 55471.07927346 27.483
