#    0.000   0.000   0.000 ;Mean Elev.(m), Avg Gradient(m/km), RMS Gradient(m/km) - SRTM1     
#    0.000   0.000   0.000 ;Mean Elev.(m), Avg Gradient(m/km), RMS Gradient(m/km) - ASTER GDEM
#    0.154  -1.325   3.847 ;Mean Elev.(m), Avg Gradient(m/km), RMS Gradient(m/km) - GMTED2010 
  7 309.832155  -0.045975     0.643     0.802 53 52443.05610093 24.836
  8 309.836907  -0.044692     1.605     1.596 52 52478.05609581 11.001
  9 309.850356  -0.041760    -0.402    -0.091 50 52513.05603805 23.917
 10 309.840542  -0.045115     0.799     1.051 52 52548.05607947 19.685
 11 309.845019  -0.044096     2.110     2.100 51 52583.05608133 10.850
 12 309.838323  -0.043178    -0.304     0.241 52 52618.05605581 25.752
 13 309.851260  -0.043029     1.674     1.675 50 52653.05602939 12.907
 14 309.843660  -0.044029    -0.192     0.016 52 52688.05602997 26.670
 15 309.841954  -0.043181    -0.716     0.338 51 52723.05607675 25.412
 16 309.830551  -0.045323     2.029     1.880 54 52758.05609781 14.917
 17 309.844820  -0.044324    -0.252    -0.120 51 52793.05605049 29.051
 18 309.846733  -0.043493     0.413     0.902 50 52828.05611838 19.773
 19 309.848519  -0.043703     1.280     1.184 51 52863.05616332 12.247
 20 309.840350  -0.044368    -0.050     0.047 52 52898.05619295 27.258
 21 309.839233  -0.044461     1.169     1.236 52 52933.05613853 15.441
 22 309.843434  -0.044040     0.604     0.876 52 52968.05614587 17.923
 24 309.838285  -0.044007     2.028     1.820 52 53038.05611874 11.998
 25 309.840045  -0.043054    -0.269    -0.190 52 53073.05614558 24.825
 26 309.838137  -0.042614    -1.672    -0.590 52 53108.05611919 15.138
 27 309.841232  -0.044157     1.605     1.609 51 53143.05615506 11.692
 28 309.844092  -0.044482    -0.472    -0.090 51 53178.05617623 25.625
 29 309.840105  -0.044469     1.347     1.270 52 53213.05619682 13.158
 30 309.842553  -0.042840     0.060     0.184 51 53248.05616596 19.125
 31 309.838779  -0.045635     0.211     0.233 52 53283.05615668 23.683
 32 309.845454  -0.042221     1.723     1.725 51 53318.05615633 11.701
 33 309.847101  -0.043089    -0.684    -0.350 50 53353.05612218 29.620
 34 309.841420  -0.044196     0.841     0.898 51 53388.05611786 22.885
 35 309.848713  -0.042983     1.687     1.740 51 53423.05611831 15.379
 36 309.846943  -0.043632     0.034     0.126 51 53458.05612344 25.844
 37 309.834908  -0.044980     1.609     1.575 53 53493.05620891 17.747
 38 309.847002  -0.043230     0.827     0.770 51 53528.05618786 16.602
 39 309.835603  -0.043702    -0.051    -0.039 52 53563.05621749 36.962
 40 309.845805  -0.042531     1.614     1.617 51 53598.05615750 12.066
 41 309.837861  -0.043620    -0.566    -0.308 52 53633.05615323 23.816
 42 309.837343  -0.043532     0.354     0.624 52 53668.05617522 22.023
 43 309.847026  -0.043019     1.804     1.800 50 53703.05611865 11.567
 44 309.847743  -0.043949    -0.590    -0.282 51 53738.05602809 24.595
 45 309.848045  -0.042606    -0.183     1.255 51 53773.05604131 22.235
 46 309.845923  -0.043631     1.451     1.352 50 53808.05602822 12.623
 48 309.845688  -0.044904     0.848     1.918 51 53878.05609753 18.375
 49 309.835603  -0.043603    -0.275    -0.085 53 53913.05615102 21.223
 51 309.841563  -0.044474     1.730     1.741 52 53983.05610581 11.386
 52 309.844279  -0.044752    -0.771    -0.245 51 54018.05613518 23.757
 53 309.851460  -0.044602     1.231     1.218 50 54053.05612848 13.657
 54 309.843881  -0.043145     1.766     1.777 51 54088.05612047 11.670
 55 309.842582  -0.043334    -0.060     0.044 52 54123.05604368 24.419
 56 309.841905  -0.044011     1.856     1.860 52 54158.05608382 13.040
 58 309.842353  -0.044552     0.148     0.198 51 54228.05609561 24.522
 59 309.842950  -0.043878     2.258     2.147 52 54263.05611495 12.196
 60 309.843376  -0.043924    -0.241    -0.108 52 54298.05611965 25.615
 61 309.844175  -0.044229     0.653     0.787 51 54333.05610910 23.431
 63 309.843477  -0.044578    -0.361    -0.257 51 54403.05605219 23.589
 65 309.844668  -0.042579     1.356     1.362 51 54473.05603820 12.498
 66 309.842936  -0.042854     0.098     0.234 51 54508.05602023 23.645
 67 309.843757  -0.042677     2.030     2.011 51 54543.05605255 13.327
 68 309.842480  -0.043134    -0.042    -0.037 52 54578.05602302 23.342
 69 309.843694  -0.044140     0.149     0.321 51 54613.05604355 24.982
 70 309.842453  -0.044459     1.850     1.797 52 54648.05604997 13.731
 71 309.842578  -0.043360     0.039     0.102 52 54683.05605071 23.506
 72 309.843288  -0.042996     0.911     0.953 51 54718.05599834 15.220
 73 309.842429  -0.043386     2.122     2.115 51 54753.05602335 10.483
 74 309.842382  -0.042859    -0.391    -0.056 51 54788.05598826 21.533
 75 309.843593  -0.044442     1.689     1.701 51 54823.05601768 12.379
 76 309.843467  -0.043681     0.205     0.300 51 54858.05598451 19.725
 77 309.841613  -0.044459     0.260     0.366 52 54893.05601992 22.386
 78 309.841066  -0.043306     2.588     2.510 51 54928.05598210 11.693
 80 309.840097  -0.043740     0.147     0.690 52 54998.05604087 23.977
 82 309.843578  -0.044884     0.093     0.332 51 55068.05601819 20.537
 83 309.841317  -0.044456     1.371     1.371 52 55103.05595681 15.585
 84 309.843139  -0.043955     1.760     1.736 52 55138.05596460 10.726
 85 309.842713  -0.043046     0.005     0.139 51 55173.05592590 21.104
 86 309.842937  -0.044392     1.787     1.790 51 55208.05595942 11.842
 87 309.841889  -0.043522    -0.195    -0.107 52 55243.05593008 22.607
 88 309.842287  -0.043579     0.128     0.379 52 55278.05595294 20.978
 89 309.842684  -0.044029     2.706     2.608 51 55313.05591628 11.417
 90 309.842793  -0.041489    -0.297    -0.112 49 55348.05592439 22.322
 91 309.842385  -0.043656     0.654     0.777 52 55383.05591403 20.013
 92 309.843448  -0.044356     1.760     1.742 51 55418.05594260 12.208
 93 309.843584  -0.044410    -0.168     0.208 51 55453.05592342 21.471
 94 309.843975  -0.042878     1.417     1.422 51 55488.05584471 11.760
