# NaN NaN NaN ;Mean Elev.(m), Avg Gradient(m/km), RMS Gradient(m/km) - SRTM1     
# NaN NaN NaN ;Mean Elev.(m), Avg Gradient(m/km), RMS Gradient(m/km) - ASTER GDEM
#    4.445   0.140   3.962 ;Mean Elev.(m), Avg Gradient(m/km), RMS Gradient(m/km) - GMTED2010 
  8     0.751 52497.05806351 25.69 309.126247  -0.041017 13.919
  8     0.744 52497.05806415 26.52 309.125527  -0.037707 13.919
  8     0.693 52497.05806480 31.46 309.124797  -0.034407 13.919
  9     1.919 52532.05805022 21.46 309.120871  -0.041051 14.895
  9     1.996 52532.05805087 21.88 309.120141  -0.037741 14.895
  9     2.282 52532.05805151 28.49 309.119421  -0.034441 14.895
 10     0.598 52567.05807304 16.25 309.127944  -0.041416 17.472
 10     1.036 52567.05807369 15.91 309.127214  -0.038116 17.472
 10     1.548 52567.05807433 14.92 309.126494  -0.034806 17.472
 11     0.011 52602.05807979 17.75 309.118609  -0.039620  9.847
 11     0.286 52602.05808044 20.65 309.117879  -0.036320  9.847
 12     2.105 52637.05804714 19.91 309.120677  -0.040274 12.238
 12     2.350 52637.05804779 19.94 309.119947  -0.036964 12.238
 12     2.427 52637.05804843 24.36 309.119227  -0.033664 12.238
 13     0.656 52672.05805043 19.08 309.122209  -0.041688  5.964
 13     0.444 52672.05805108 17.91 309.121489  -0.038378  5.964
 13     0.803 52672.05805172 17.65 309.120759  -0.035078  5.964
 14     1.182 52707.05805206 23.53 309.124299  -0.041305  9.168
 14     1.036 52707.05805270 21.84 309.123569  -0.037995  9.168
 14     1.194 52707.05805335 20.98 309.122839  -0.034695  9.168
 15     2.166 52742.05808397 37.79 309.119032  -0.039711 14.182
 15     2.161 52742.05808461 42.70 309.118302  -0.036401 14.182
 16     1.266 52777.05802554 21.43 309.126692  -0.041210 12.172
 16     1.579 52777.05802618 21.14 309.125962  -0.037910 12.172
 16     2.690 52777.05802683 21.53 309.125232  -0.034600 12.172
 17     2.067 52812.05810450 23.13 309.120396  -0.042043 10.580
 17     1.863 52812.05810515 24.34 309.119676  -0.038743 10.580
 17     2.119 52812.05810579 25.32 309.118946  -0.035433 10.580
 18     0.699 52847.05815933 31.04 309.122403  -0.040975  7.600
 18     0.584 52847.05815998 27.45 309.121673  -0.037675  7.600
 18     0.411 52847.05816062 25.95 309.120943  -0.034365  7.600
 19     0.947 52882.05819565 17.41 309.120790  -0.042355 12.041
 19     1.038 52882.05819630 16.40 309.120070  -0.039055 12.041
 19     0.649 52882.05819694 21.31 309.119340  -0.035745 12.041
 20     2.242 52917.05815312 24.47 309.125045  -0.039024  7.045
 20     2.299 52917.05815377 27.27 309.124315  -0.035714  7.045
 21     1.043 52952.05811392 16.88 309.128334  -0.040675  7.872
 21     1.125 52952.05811457 17.48 309.127604  -0.037365  7.872
 21     1.034 52952.05811521 16.94 309.126884  -0.034065  7.872
 22     1.019 52987.05812911 11.54 309.131231  -0.041538  5.000
 22     1.366 52987.05812976  9.29 309.130501  -0.038238  5.000
 22     1.456 52987.05813040 10.15 309.129781  -0.034928  5.000
 23     2.432 53022.05811804 23.08 309.128012  -0.041765 22.278
 23     2.301 53022.05811869 20.80 309.127292  -0.038455 22.278
 23     2.432 53022.05811933 28.19 309.126562  -0.035155 22.278
 24     0.548 53057.05810987 51.90 309.129830  -0.040453 19.606
 24     0.610 53057.05811052 52.17 309.129110  -0.037143 19.606
 25     1.536 53092.05814734 46.23 309.116025  -0.042696 22.334
 25     1.524 53092.05814798 42.73 309.115305  -0.039386 22.334
 25     1.615 53092.05814863 36.08 309.114575  -0.036086 22.334
 26     1.685 53127.05811812 25.71 309.126833  -0.042317  7.527
 26     1.492 53127.05811876 24.47 309.126113  -0.039007  7.527
 26     1.649 53127.05811941 26.03 309.125383  -0.035707  7.527
 27     0.660 53162.05818217 22.93 309.117481  -0.041565 15.399
 27     1.013 53162.05818281 21.07 309.116751  -0.038255 15.399
 27     1.544 53162.05818346 21.26 309.116031  -0.034955 15.399
 28     1.983 53197.05818134 27.76 309.124595  -0.040086  8.420
 28     2.336 53197.05818199 38.49 309.123875  -0.036786  8.420
 29     0.372 53232.05816018 22.23 309.130333  -0.041754  9.125
 29     0.618 53232.05816083 19.69 309.129603  -0.038454  9.125
 29     0.599 53232.05816147 20.59 309.128883  -0.035144  9.125
 30     0.749 53267.05812956 18.07 309.122236  -0.041141 11.194
 30     0.704 53267.05813020 17.43 309.121506  -0.037841 11.194
 30     1.114 53267.05813085 19.36 309.120776  -0.034531 11.194
 31     1.539 53302.05818338 19.04 309.114397  -0.040486  6.299
 31     1.701 53302.05818403 18.21 309.113667  -0.037176  6.299
 31     1.815 53302.05818467 19.64 309.112947  -0.033876  6.299
 32    -0.237 53337.05815331 19.95 309.122684  -0.040126 13.299
 32    -0.017 53337.05815395 19.52 309.121954  -0.036826 13.299
 33     1.144 53372.05808896 17.82 309.125242  -0.039259 11.342
 33     1.264 53372.05808960 15.77 309.124512  -0.035949 11.342
 35     1.557 53442.05811119 19.81 309.123954  -0.041987  9.962
 35     1.492 53442.05811183 19.71 309.123224  -0.038677  9.962
 35     1.986 53442.05811247 20.89 309.122504  -0.035377  9.962
 36     1.837 53477.05818164 16.77 309.117937  -0.040556 22.453
 36     1.974 53477.05818229 20.76 309.117217  -0.037256 22.453
 36     1.977 53477.05818293 30.07 309.116487  -0.033946 22.453
 37     0.457 53512.05819451 54.60 309.122548  -0.039817 16.928
 37     0.510 53512.05819516 52.73 309.121818  -0.036517 16.928
 38     1.038 53547.05821181 41.99 309.118624  -0.041977 16.621
 38     0.770 53547.05821245 32.25 309.117894  -0.038667 16.621
 38     1.086 53547.05821310 35.11 309.117174  -0.035367 16.621
 39     1.880 53582.05818218 24.41 309.123223  -0.040201  8.896
 39     1.783 53582.05818283 23.78 309.122503  -0.036891  8.896
 39     1.795 53582.05818347 23.67 309.121773  -0.033591  8.896
 40    -0.181 53617.05813767 22.60 309.120270  -0.040507  9.873
 40    -0.002 53617.05813831 20.99 309.119540  -0.037197  9.873
 40     0.577 53617.05813896 19.52 309.118820  -0.033897  9.873
 41     0.262 53652.05815484 22.34 309.123526  -0.039423 11.256
 41     0.202 53652.05815549 20.23 309.122806  -0.036123 11.256
 42     1.055 53687.05815819 18.53 309.119531  -0.041949  9.039
 42     0.984 53687.05815883 19.75 309.118811  -0.038639  9.039
 42     1.441 53687.05815948 23.52 309.118081  -0.035339  9.039
 43     0.528 53722.05808364 19.48 309.126371  -0.041511  8.133
 43     0.185 53722.05808429 18.70 309.125641  -0.038211  8.133
 43     0.563 53722.05808493 16.57 309.124921  -0.034901  8.133
 44     1.483 53757.05801581 17.58 309.130952  -0.040954 16.247
 44     1.771 53757.05801645 18.25 309.130222  -0.037644 16.247
 44     1.757 53757.05801710 21.52 309.129502  -0.034344 16.247
 45     1.187 53792.05804108 23.90 309.127425  -0.040143 12.170
 45     1.365 53792.05804172 22.62 309.126695  -0.036843 12.170
 46     1.120 53827.05800535 23.58 309.128380  -0.042097 18.702
 46     1.513 53827.05800600 23.74 309.127650  -0.038797 18.702
 46     1.326 53827.05800664 32.59 309.126930  -0.035487 18.702
 47     2.340 53862.05809392 38.98 309.119693  -0.039197  9.843
 47     2.312 53862.05809456 41.47 309.118973  -0.035887  9.843
 48     0.351 53897.05811489 28.64 309.124084  -0.040172  7.320
 48     0.249 53897.05811554 28.27 309.123364  -0.036872  7.320
 49     1.230 53932.05816405 47.51 309.113830  -0.043140 15.617
 49     1.336 53932.05816469 52.98 309.113100  -0.039840 15.617
 49     1.325 53932.05816534 52.35 309.112380  -0.036530 15.617
 50     0.879 53967.05813889 22.51 309.117260  -0.041232  5.897
 50     1.100 53967.05813954 24.18 309.116530  -0.037922  5.897
 50     1.246 53967.05814018 28.22 309.115800  -0.034622  5.897
 51     0.456 54002.05810265 19.50 309.126345  -0.041708 12.309
 51     0.617 54002.05810330 18.77 309.125615  -0.038398 12.309
 51     0.814 54002.05810394 18.25 309.124885  -0.035098 12.309
 52     0.840 54037.05814178 18.22 309.125845  -0.039398 14.772
 52     1.185 54037.05814242 15.84 309.125115  -0.036098 14.772
 53     1.599 54072.05813519 26.25 309.125274  -0.042155 12.208
 53     1.274 54072.05813583 18.56 309.124554  -0.038855 12.208
 53     1.378 54072.05813648 18.90 309.123824  -0.035545 12.208
 54     0.307 54107.05808585 26.33 309.122417  -0.040559 14.994
 54     0.533 54107.05808650 24.85 309.121687  -0.037259 14.994
 54     0.699 54107.05808714 27.41 309.120967  -0.033949 14.994
 55     1.534 54142.05807048 26.90 309.122939  -0.040277  9.498
 55     1.561 54142.05807112 28.86 309.122209  -0.036967  9.498
 55     1.538 54142.05807177 27.97 309.121479  -0.033667  9.498
 56     0.327 54177.05806768 25.07 309.122998  -0.042150 16.787
 56     0.066 54177.05806833 25.92 309.122268  -0.038850 16.787
 56     0.652 54177.05806897 22.17 309.121548  -0.035540 16.787
 57     1.074 54212.05807718 23.30 309.122129  -0.040557 23.549
 57     1.322 54212.05807782 25.65 309.121409  -0.037257 23.549
 57     1.184 54212.05807847 39.37 309.120679  -0.033947 23.549
 58     1.871 54247.05810707 16.59 309.122717  -0.040330 23.127
 58     1.809 54247.05810771 16.26 309.121987  -0.037020 23.127
 58     1.771 54247.05810836 21.44 309.121267  -0.033720 23.127
 60     1.073 54317.05811474 29.81 309.125138  -0.040586 14.950
 60     1.396 54317.05811539 29.79 309.124418  -0.037276 14.950
 60     1.429 54317.05811603 40.32 309.123688  -0.033976 14.950
 61     0.775 54352.05808124 19.68 309.123784  -0.039883 12.408
 61     0.654 54352.05808188 20.08 309.123064  -0.036573 12.408
 62     0.259 54387.05805449 19.27 309.124209  -0.038866 12.163
 62     0.410 54387.05805514 18.48 309.123479  -0.035566 12.163
 63     1.623 54422.05803036 21.62 309.123441  -0.042176  9.592
 63     1.310 54422.05803100 16.11 309.122711  -0.038876  9.592
 63     1.455 54422.05803165 15.79 309.121991  -0.035566  9.592
 64     0.637 54457.05802770 19.24 309.124363  -0.039859  9.679
 64     0.657 54457.05802835 15.67 309.123633  -0.036559  9.679
 65     1.119 54492.05803301 18.66 309.124414  -0.040321  9.594
 65     1.482 54492.05803365 18.53 309.123684  -0.037021  9.594
 65     2.527 54492.05803430 17.86 309.122954  -0.033711  9.594
 66     2.188 54527.05804036 41.94 309.125289  -0.039631 14.403
 66     2.201 54527.05804101 45.32 309.124559  -0.036321 14.403
 67    -0.707 54562.05804144 35.37 309.122792  -0.039220 16.386
 67     0.624 54562.05804208 43.21 309.122072  -0.035920 16.386
 68     1.623 54597.05803650 29.36 309.123247  -0.041200 11.849
 68     1.579 54597.05803715 30.21 309.122517  -0.037890 11.849
 68     1.799 54597.05803779 37.56 309.121787  -0.034590 11.849
 69     0.853 54632.05804985 23.82 309.122178  -0.040504 10.919
 69     0.848 54632.05805049 23.42 309.121448  -0.037194 10.919
 69     1.073 54632.05805114 23.59 309.120718  -0.033894 10.919
 70     0.604 54667.05805527 21.60 309.122127  -0.041868  9.855
 70     0.380 54667.05805592 21.92 309.121407  -0.038568  9.855
 70     0.719 54667.05805656 21.78 309.120677  -0.035258  9.855
 71     1.468 54702.05802264 28.94 309.125114  -0.041681 13.448
 71     1.423 54702.05802328 17.78 309.124384  -0.038371 13.448
 71     1.718 54702.05802393 14.97 309.123664  -0.035071 13.448
 72     0.301 54737.05801605 19.76 309.123677  -0.041480  6.071
 72     0.317 54737.05801669 19.44 309.122947  -0.038170  6.071
 72     0.259 54737.05801734 18.49 309.122217  -0.034870  6.071
 73     0.632 54772.05800297 19.92 309.124931  -0.041324  4.553
 73     0.054 54772.05800362 22.58 309.124201  -0.038014  4.553
 73     0.291 54772.05800426 20.91 309.123481  -0.034714  4.553
 74     1.779 54807.05800946 15.35 309.122340  -0.039794  9.768
 74     1.590 54807.05801011 17.39 309.121610  -0.036484  9.768
 75     0.534 54842.05799998 19.02 309.123948  -0.040866  6.959
 75     0.458 54842.05800062 16.75 309.123228  -0.037566  6.959
 75     0.889 54842.05800127 17.03 309.122498  -0.034256  6.959
 76     1.428 54877.05801167 18.29 309.121992  -0.039190 11.077
 76     1.711 54877.05801232 18.41 309.121262  -0.035890 11.077
 77     1.970 54912.05800418 19.01 309.122193  -0.041842 12.141
 77     1.818 54912.05800482 17.07 309.121463  -0.038532 12.141
 77     1.927 54912.05800547 18.56 309.120743  -0.035232 12.141
 78     0.933 54947.05800402 41.75 309.121813  -0.041711 12.930
 78     0.621 54947.05800467 28.69 309.121083  -0.038401 12.930
 78     0.867 54947.05800531 38.76 309.120353  -0.035101 12.930
 79     2.017 54982.05802998 26.25 309.122139  -0.042070 10.536
 79     1.978 54982.05803063 29.68 309.121409  -0.038760 10.536
 79     2.106 54982.05803127 31.38 309.120679  -0.035460 10.536
 80     0.836 55017.05802946 19.20 309.123674  -0.041055 12.533
 80     1.091 55017.05803011 15.23 309.122954  -0.037755 12.533
 80     1.319 55017.05803075 16.36 309.122224  -0.034445 12.533
 81     0.939 55052.05802463 21.77 309.124555  -0.041177 10.097
 81     0.783 55052.05802528 15.72 309.123825  -0.037867 10.097
 81     1.027 55052.05802592 15.35 309.123105  -0.034567 10.097
 82     1.683 55087.05798911 17.16 309.122455  -0.039083 12.911
 82     1.775 55087.05798975 17.11 309.121735  -0.035783 12.911
 83     0.116 55122.05795936 32.44 309.124835  -0.040351 11.737
 83     0.158 55122.05796001 35.04 309.124105  -0.037041 11.737
 83     0.131 55122.05796065 29.81 309.123375  -0.033741 11.737
 84     1.057 55157.05794845 16.18 309.122620  -0.041274  7.672
 84     0.618 55157.05794909 15.42 309.121890  -0.037964  7.672
 84     0.674 55157.05794974 18.50 309.121170  -0.034664  7.672
 85     2.315 55192.05794895 20.26 309.123140  -0.041781  7.305
 85     1.845 55192.05794960 19.85 309.122420  -0.038481  7.305
 85     2.124 55192.05795024 19.32 309.121690  -0.035171  7.305
 86     0.722 55227.05794986 20.52 309.122628  -0.040563  8.701
 86     0.827 55227.05795050 20.28 309.121908  -0.037263  8.701
 86     1.838 55227.05795114 19.28 309.121178  -0.033953  8.701
 87     1.653 55262.05794428 21.03 309.124217  -0.040087 10.946
 87     1.665 55262.05794492 20.20 309.123487  -0.036787 10.946
 89     0.973 55332.05792505 18.06 309.121481  -0.040232 10.650
 89     1.114 55332.05792570 19.71 309.120751  -0.036922 10.650
 89     1.954 55332.05792634 18.14 309.120021  -0.033622 10.650
 90     2.149 55367.05791689 25.52 309.124010  -0.040728 14.487
 90     2.018 55367.05791754 29.70 309.123290  -0.037428 14.487
 90     1.997 55367.05791818 31.16 309.122560  -0.034118 14.487
 91     0.096 55402.05793111 43.06 309.123381  -0.039687 15.669
 91    -0.076 55402.05793175 43.86 309.122651  -0.036377 15.669
 92     0.805 55437.05793450 32.82 309.125260  -0.041541 11.548
 92     0.637 55437.05793515 28.87 309.124540  -0.038241 11.548
 92     0.791 55437.05793579 35.88 309.123810  -0.034931 11.548
 93     2.062 55472.05788466 22.74 309.124243  -0.041048  5.796
 93     1.893 55472.05788530 21.64 309.123513  -0.037738  5.796
 93     1.924 55472.05788595 21.33 309.122793  -0.034438  5.796
