#    0.000   0.000   0.000 ;Mean Elev.(m), Avg Gradient(m/km), RMS Gradient(m/km) - SRTM1     
#    0.000   0.000   0.000 ;Mean Elev.(m), Avg Gradient(m/km), RMS Gradient(m/km) - ASTER GDEM
#    1.000  -8.718  15.848 ;Mean Elev.(m), Avg Gradient(m/km), RMS Gradient(m/km) - GMTED2010 
  7 305.331130  -2.419429    12.076    12.273 11 52471.06959953 19.984
  8 305.335036  -2.429042     6.191     6.313 14 52506.06957757 30.290
  9 305.342923  -2.434732     5.890     5.837 12 52541.06955848 20.094
 10 305.331202  -2.423535     3.999     3.756 16 52576.06960838 20.103
 11 305.334747  -2.426689     7.545     5.460 13 52611.06956963 14.670
 12 305.336988  -2.429738     6.780     6.853 13 52646.06955655 17.727
 13 305.343504  -2.427702     6.497     6.566  6 52681.06952970 15.312
 15 305.322598  -2.417268    30.655    31.774 16 52751.06961163 17.342
 16 305.334784  -2.428225     7.100     7.480 14 52786.06955321 30.051
 17 305.335601  -2.429021     8.051     7.937 14 52821.06962701 27.177
 18 305.339653  -2.432463     7.155     7.264 13 52856.06967390 29.040
 19 305.331507  -2.424106     6.403     6.382 16 52891.06970825 26.800
 20 305.333985  -2.427063     6.501     6.471 15 52926.06966031 17.945
 21 305.345587  -2.436246     3.908     3.769 11 52961.06962597 16.504
 22 305.335100  -2.428007     4.246     4.262 13 52996.06966606 17.938
 23 305.334613  -2.425785     6.019     5.608 12 53031.06962938 17.542
 24 305.341047  -2.432052    16.931    17.568 10 53066.06963517 18.489
 25 305.332191  -2.429210     8.274     8.137 12 53101.06963649 24.714
 26 305.342118  -2.430180    22.485    22.758  8 53136.06963707 25.226
 28 305.334004  -2.426023     6.569     6.383 13 53206.06970388 21.417
 29 305.341522  -2.433937     5.777     5.836 12 53241.06966972 24.341
 30 305.338476  -2.432329     4.943     4.861 13 53276.06963941 30.905
 31 305.332280  -2.424943     4.149     4.135 15 53311.06968365 19.607
 32 305.336160  -2.423506     4.150     4.170  9 53346.06964969 13.945
 33 305.339862  -2.431972     4.832     4.804 13 53381.06960450 24.547
 35 305.339451  -2.433315    16.094    16.316 10 53451.06962211 21.123
 36 305.326024  -2.416228    11.488     9.004 17 53486.06971102 21.352
 37 305.338494  -2.428980    22.550    22.503 12 53521.06970243 19.923
 38 305.327647  -2.421900    16.959    14.270 11 53556.06972796 18.994
 39 305.345186  -2.436003     6.378     6.423 11 53591.06966443 26.573
 40 305.328288  -2.420385     4.845     4.771 16 53626.06965350 22.020
 41 305.330823  -2.413441     7.707     4.374  6 53661.06968054 14.048
 42 305.336285  -2.429073     3.411     3.265 13 53696.06964757 20.629
 43 305.341026  -2.432708     5.825     5.349 13 53731.06956956 25.064
 44 305.344512  -2.435070     7.312     7.414 12 53766.06953947 19.062
 45 305.341663  -2.433482     7.445     7.509 12 53801.06954259 25.464
 46 305.336906  -2.427070    19.877    21.404 12 53836.06955006 26.234
 47 305.338646  -2.440575    12.838    11.736  6 53871.06960437 28.364
 49 305.323710  -2.416063     7.648     7.661 19 53941.06967724 33.012
 50 305.333283  -2.425831     6.254     6.261 15 53976.06963097 26.975
 51 305.338789  -2.430920     4.241     3.993 13 54011.06963079 20.008
 52 305.344534  -2.435568     3.831     3.489 12 54046.06964440 21.007
 53 305.336725  -2.429610     3.761     4.244 13 54081.06963840 24.309
 54 305.336996  -2.430380     7.608     7.612 13 54116.06957193 18.616
 55 305.335799  -2.429973     6.930     6.827 11 54151.06958873 19.604
 56 305.336568  -2.427514    15.630    15.382 12 54186.06956436 19.055
 57 305.336667  -2.434164     7.683     7.559  8 54221.06959711 25.126
 58 305.336152  -2.428499    13.990     9.981 13 54256.06962197 27.019
 59 305.338998  -2.430859     9.010     8.791 13 54291.06962300 23.244
 60 305.339258  -2.431385     6.577     6.497 12 54326.06962024 23.638
 61 305.337849  -2.431168     5.329     5.294 13 54361.06957231 23.849
 62 305.338569  -2.430185     3.913     3.509 13 54396.06956039 18.579
 63 305.339126  -2.431562     3.921     3.897 12 54431.06952193 18.332
 64 305.339355  -2.431289     6.737     6.713 13 54466.06954075 16.455
 65 305.337475  -2.425971    21.671    19.742  9 54501.06953613 18.808
 66 305.338992  -2.431160     8.283     8.370 12 54536.06955559 24.185
 67 305.338419  -2.431582    13.368     9.452 11 54571.06953760 22.934
 68 305.336337  -2.428282    16.370    16.625 12 54606.06955079 25.017
 69 305.336272  -2.428847    10.425    10.423 13 54641.06955974 25.780
 70 305.335760  -2.429674     9.341     9.496 14 54676.06956173 27.503
 71 305.339539  -2.431950     6.089     6.104 13 54711.06951697 24.685
 72 305.336425  -2.428704     4.833     4.946 13 54746.06952981 19.382
 73 305.339324  -2.432550     5.554     5.414 13 54781.06950113 17.765
 74 305.337849  -2.431542     4.097     4.167 13 54816.06952196 26.701
 75 305.340463  -2.441671     7.297     7.257  6 54851.06949814 26.745
 76 305.337077  -2.434523     9.968     7.519  8 54886.06952542 22.580
 77 305.334145  -2.425184    31.853    33.887 11 54921.06950205 18.246
 78 305.334743  -2.424288    24.816    21.980 11 54956.06952366 22.712
 79 305.333589  -2.426735    15.240    11.168 14 54991.06954657 24.432
 80 305.338582  -2.432361    10.097    10.142 13 55026.06953592 29.360
 81 305.337694  -2.431282     6.871     6.353 13 55061.06952995 32.816
 82 305.336392  -2.429768     6.332     6.379 14 55096.06948049 36.197
 83 305.336719  -2.428739     4.420     4.162 13 55131.06947252 21.581
 84 305.337879  -2.426674     7.658     4.519  9 55166.06944254 15.612
 85 305.336551  -2.430337     6.347     6.217 13 55201.06946463 23.333
 86 305.336713  -2.429805     7.239     7.359 13 55236.06944834 24.785
 87 305.337463  -2.431137     8.128     8.085 13 55271.06945828 25.840
 88 305.338202  -2.430129     8.912     8.621 13 55306.06943004 23.088
 89 305.339169  -2.437100     9.011     9.220 10 55341.06942872 33.935
 90 305.338271  -2.431748     7.327     7.286 13 55376.06942206 34.043
 91 305.339137  -2.433804     8.060     7.943 11 55411.06944451 25.082
 92 305.338016  -2.430524     5.839     5.758 13 55446.06943833 22.343
 93 305.338826  -2.431729     3.241     2.965 13 55481.06937070 25.585
