#    0.000   0.000   0.000 ;Mean Elev.(m), Avg Gradient(m/km), RMS Gradient(m/km) - SRTM1     
#    0.000   0.000   0.000 ;Mean Elev.(m), Avg Gradient(m/km), RMS Gradient(m/km) - ASTER GDEM
#    9.229   0.101   9.874 ;Mean Elev.(m), Avg Gradient(m/km), RMS Gradient(m/km) - GMTED2010 
  8    21.603 52497.58261244 30.85 299.792685  -3.278067  9.298
  8    21.670 52497.58261308 30.63 299.791955  -3.281367  9.298
  8    21.436 52497.58261373 30.90 299.791225  -3.284677  9.298
  8    21.423 52497.58261437 32.94 299.790505  -3.287977  9.298
 10    54.509 52567.58262455 14.61 299.792962  -3.279921 19.835
 10    53.884 52567.58262519 12.92 299.792232  -3.283221 19.835
 10    53.224 52567.58262584 13.50 299.791502  -3.286531 19.835
 11    19.559 52602.58262421 32.40 299.787515  -3.271993 25.723
 11    14.017 52602.58262485 30.43 299.786795  -3.275293 25.723
 11    13.818 52602.58262550 29.73 299.786065  -3.278603 25.723
 11    13.728 52602.58262614 31.25 299.785335  -3.281903 25.723
 11    14.025 52602.58262678 29.23 299.784605  -3.285213 25.723
 13    52.972 52672.58259807 10.51 299.788438  -3.280465 23.073
 13    52.340 52672.58259871  9.95 299.787708  -3.283765 23.073
 14    19.611 52707.58260163 15.01 299.790663  -3.276586 19.205
 14    18.980 52707.58260228 15.82 299.789943  -3.279896 19.205
 14    18.271 52707.58260292 16.27 299.789213  -3.283196 19.205
 14    18.485 52707.58260357 18.08 299.788483  -3.286506 19.205
 17    22.469 52812.58265278 26.82 299.787297  -3.275114 26.421
 17    22.093 52812.58265343 29.05 299.786567  -3.278414 26.421
 17    22.527 52812.58265407 27.40 299.785837  -3.281724 26.421
 17    22.438 52812.58265472 33.95 299.785107  -3.285024 26.421
 18    22.101 52847.58270697 30.13 299.789692  -3.274917 24.297
 18    21.765 52847.58270761 30.45 299.788972  -3.278227 24.297
 18    21.703 52847.58270826 30.86 299.788242  -3.281527 24.297
 18    21.854 52847.58270890 31.84 299.787512  -3.284837 24.297
 19    20.023 52882.58274329 36.02 299.787965  -3.274290 21.300
 19    19.821 52882.58274394 34.53 299.787235  -3.277600 21.300
 19    19.797 52882.58274458 34.60 299.786505  -3.280900 21.300
 19    20.018 52882.58274523 37.28 299.785775  -3.284210 21.300
 20    54.812 52917.58270076  7.72 299.792111  -3.277645 10.751
 20    54.341 52917.58270141  7.38 299.791391  -3.280945 10.751
 20    53.645 52917.58270205  5.87 299.790661  -3.284255 10.751
 20    52.753 52917.58270270  5.53 299.789931  -3.287555 10.751
 21    53.904 52952.58266350  9.77 299.793768  -3.282307 12.886
 21    53.671 52952.58266414  6.26 299.793038  -3.285617 12.886
 21    52.922 52952.58266478  5.87 299.792308  -3.288917 12.886
 21    52.053 52952.58266543  4.90 299.791578  -3.292227 12.886
 22    20.446 52987.58267675 16.78 299.797091  -3.282939 10.662
 22    13.977 52987.58267739 17.25 299.796361  -3.286249 10.662
 22    15.948 52987.58267804 16.38 299.795631  -3.289549 10.662
 22    17.840 52987.58267868 15.24 299.794901  -3.292859 10.662
 23    53.533 53022.58266504 13.41 299.794043  -3.283828 14.540
 23    53.570 53022.58266568  7.04 299.793323  -3.287138 14.540
 23    52.705 53022.58266633  5.99 299.792593  -3.290438 14.540
 24    16.028 53057.58265816 35.34 299.795512  -3.284329 24.951
 24    15.902 53057.58265880 35.21 299.794782  -3.287639 24.951
 24    15.924 53057.58265945 29.83 299.794062  -3.290939 24.951
 24    16.074 53057.58266009 28.50 299.793332  -3.294249 24.951
 25    17.526 53092.58269369 21.25 299.784115  -3.271503 22.313
 25    18.365 53092.58269433 18.49 299.783395  -3.274803 22.313
 25    18.346 53092.58269498 19.06 299.782665  -3.278113 22.313
 25    18.754 53092.58269562 24.08 299.781935  -3.281413 22.313
 26    20.226 53127.58266576 29.20 299.793032  -3.280757 26.017
 26    19.910 53127.58266640 28.65 299.792302  -3.284057 26.017
 26    19.841 53127.58266705 28.51 299.791572  -3.287367 26.017
 26    20.514 53127.58266769 34.18 299.790852  -3.290667 26.017
 28    20.611 53197.58272963 23.27 299.791351  -3.277513 22.786
 28    20.410 53197.58273027 24.52 299.790621  -3.280813 22.786
 28    20.696 53197.58273092 25.55 299.789891  -3.284123 22.786
 28    21.044 53197.58273156 26.82 299.789161  -3.287423 22.786
 29    19.626 53232.58270782 26.91 299.796168  -3.284088 16.259
 29    19.234 53232.58270847 28.19 299.795438  -3.287398 16.259
 29    19.435 53232.58270911 28.78 299.794708  -3.290698 16.259
 29    19.465 53232.58270976 29.84 299.793978  -3.294008 16.259
 30    16.430 53267.58267527 32.28 299.789710  -3.277375 24.085
 30    16.226 53267.58267591 32.46 299.788980  -3.280675 24.085
 30    16.171 53267.58267655 31.33 299.788250  -3.283985 24.085
 30    16.320 53267.58267720 31.71 299.787530  -3.287285 24.085
 31    15.842 53302.58272937 22.55 299.783124  -3.269386 10.579
 31    15.813 53302.58273001 17.07 299.782404  -3.272686 21.455
 31    18.227 53302.58273066 14.58 299.781674  -3.275996 21.455
 31    18.736 53302.58273130 16.01 299.780944  -3.279296 21.455
 32    54.488 53337.58270026  4.79 299.790111  -3.275487 20.208
 32    53.954 53337.58270090  6.15 299.789391  -3.278797 20.208
 32    53.421 53337.58270154  5.59 299.788661  -3.282097 20.208
 32    53.111 53337.58270219  4.85 299.787931  -3.285407 20.208
 33    17.102 53372.58263549 22.97 299.792600  -3.278437 19.403
 33    16.568 53372.58263613 23.14 299.791870  -3.281747 19.403
 33    17.078 53372.58263677 22.51 299.791150  -3.285047 19.403
 33    16.946 53372.58263742 22.94 299.790420  -3.288357 19.403
 34    19.137 53407.58267357 13.71 299.792313  -3.277605 19.665
 34    18.844 53407.58267421 15.04 299.791583  -3.280905 19.665
 34    18.432 53407.58267485 14.82 299.790853  -3.284215 19.665
 34    18.365 53407.58267550 16.42 299.790123  -3.287515 19.665
 35    54.165 53442.58265842 16.39 299.791069  -3.276441 22.121
 35    53.893 53442.58265907 16.66 299.790339  -3.279751 22.121
 35    53.440 53442.58265971 12.70 299.789619  -3.283051 22.121
 36    20.911 53477.58272947 27.79 299.785636  -3.272559 29.582
 36    20.518 53477.58273012 26.03 299.784906  -3.275859 29.582
 36    20.609 53477.58273076 28.04 299.784176  -3.279169 29.582
 36    20.983 53477.58273141 30.37 299.783446  -3.282469 29.582
 37    21.746 53512.58274148 24.92 299.789801  -3.277845 27.399
 37    21.718 53512.58274212 26.83 299.789071  -3.281145 27.399
 37    22.100 53512.58274277 27.52 299.788341  -3.284455 27.399
 37    22.277 53512.58274341 28.22 299.787611  -3.287755 27.399
 38    21.705 53547.58275840 40.67 299.786892  -3.270754 33.218
 38    21.497 53547.58275904 33.50 299.786172  -3.274064 33.218
 38    21.402 53547.58275969 33.14 299.785442  -3.277364 33.218
 38    21.709 53547.58276033 34.67 299.784712  -3.280674 33.218
 38    21.705 53547.58276098 42.79 299.783982  -3.283974 33.218
 39    19.532 53582.58272863 29.46 299.790512  -3.278014 31.825
 39    19.308 53582.58272928 27.76 299.789792  -3.281324 31.825
 39    19.237 53582.58272992 29.28 299.789062  -3.284624 31.825
 39    19.488 53582.58273057 31.69 299.788332  -3.287934 31.825
 40    53.537 53617.58268343  8.34 299.788454  -3.274016  7.715
 40    53.840 53617.58268407  5.95 299.787726  -3.277318 15.825
 40    53.523 53617.58268472  4.37 299.786996  -3.280628 15.825
 40    52.924 53617.58268536  4.23 299.786276  -3.283928 15.825
 41    54.497 53652.58270320  2.94 299.790270  -3.277279 19.148
 41    54.076 53652.58270384  3.25 299.789540  -3.280589 19.148
 41    53.701 53652.58270449  2.45 299.788810  -3.283889 19.148
 41    52.677 53652.58270513  2.36 299.788080  -3.287199 19.148
 42    11.289 53687.58270453 31.94 299.787438  -3.272640  6.361
 42    11.504 53687.58270517 31.18 299.786703  -3.275940 19.943
 42    11.407 53687.58270582 31.75 299.785983  -3.279250 19.943
 42    11.147 53687.58270646 33.62 299.785253  -3.282550 19.943
 43    54.765 53722.58263069 11.54 299.793120  -3.278338 21.015
 43    54.187 53722.58263133 12.33 299.792390  -3.281648 21.015
 43    53.771 53722.58263197  8.75 299.791670  -3.284948 21.015
 43    53.026 53722.58263262  6.48 299.790940  -3.288258 21.015
 44    17.180 53757.58256611 27.88 299.795838  -3.284773 20.079
 44    16.995 53757.58256675 25.14 299.795118  -3.288083 20.079
 44    16.797 53757.58256740 24.03 299.794388  -3.291383 20.079
 44    16.905 53757.58256804 22.69 299.793658  -3.294693 20.079
 45    20.028 53792.58258886 23.95 299.794077  -3.279107 26.455
 45    19.920 53792.58258951 22.60 299.793347  -3.282407 26.455
 45    19.801 53792.58259015 22.78 299.792617  -3.285717 26.455
 45    19.839 53792.58259080 25.11 299.791887  -3.289017 26.455
 45    20.315 53792.58259144 40.59 299.791157  -3.292327 26.455
 46    20.385 53827.58255644 36.93 299.793096  -3.283687 27.322
 46    20.326 53827.58255709 36.89 299.792366  -3.286987 27.322
 46    20.637 53827.58255773 40.69 299.791636  -3.290297 27.322
 47    21.607 53862.58264100 28.51 299.787473  -3.274919 15.548
 47    21.473 53862.58264165 29.23 299.786743  -3.278219 15.548
 47    21.673 53862.58264229 30.16 299.786023  -3.281529 15.548
 47    21.926 53862.58264294 42.83 299.785294  -3.284829 36.140
 48    22.582 53897.58266320 28.67 299.791028  -3.276673 32.629
 48    22.446 53897.58266384 28.40 299.790298  -3.279983 32.629
 48    22.476 53897.58266449 28.84 299.789568  -3.283283 32.629
 48    22.691 53897.58266513 29.43 299.788838  -3.286593 32.629
 49    21.643 53932.58270979 29.62 299.782575  -3.267813 23.036
 49    21.394 53932.58271044 24.38 299.781845  -3.271113 23.036
 49    21.402 53932.58271108 23.35 299.781115  -3.274423 23.036
 50    20.884 53967.58268464 23.54 299.785576  -3.271946 18.612
 50    18.415 53967.58268528 26.09 299.784846  -3.275246 18.612
 50    18.445 53967.58268593 27.72 299.784116  -3.278556 18.612
 50    18.510 53967.58268657 39.37 299.783386  -3.281856 18.612
 51    13.941 54002.58265181 25.85 299.792159  -3.280003  7.056
 51    13.896 54002.58265245 24.07 299.791435  -3.283303 23.546
 51    17.476 54002.58265310 20.92 299.790705  -3.286613 23.546
 51    17.573 54002.58265374 30.81 299.789975  -3.289913 23.546
 52    11.701 54037.58268970 43.01 299.792315  -3.280175  7.327
 52    11.498 54037.58269035 41.49 299.791595  -3.283485  7.327
 52    11.258 54037.58269099 36.99 299.790857  -3.286784 23.568
 52    11.242 54037.58269163 37.80 299.790137  -3.290094 23.568
 53    54.473 54072.58268372  6.23 299.791535  -3.277864  7.969
 53    54.261 54072.58268436  5.35 299.790805  -3.281164  7.969
 53    53.674 54072.58268501  4.21 299.790085  -3.284474  7.969
 53    53.073 54072.58268565  3.12 299.789350  -3.287775 23.520
 54    53.732 54107.58263186 11.59 299.790278  -3.274778  6.764
 54    53.826 54107.58263250 10.03 299.789548  -3.278078  6.764
 54    53.331 54107.58263315  9.13 299.788828  -3.281388  6.764
 54    52.670 54107.58263379 10.72 299.788098  -3.284688  6.764
 54    51.906 54107.58263443 11.98 299.787368  -3.287998  6.764
 55    19.348 54142.58261852 15.63 299.789856  -3.277453 15.898
 55    18.424 54142.58261917 17.62 299.789136  -3.280763 15.898
 55    17.933 54142.58261981 19.41 299.788407  -3.284062 28.558
 55    18.194 54142.58262046 25.52 299.787677  -3.287372 28.558
 56    17.750 54177.58261532 33.18 299.789743  -3.277159 29.254
 56    17.690 54177.58261596 32.10 299.789013  -3.280469 29.254
 56    17.541 54177.58261661 32.16 299.788283  -3.283769 29.254
 56    17.684 54177.58261725 30.76 299.787563  -3.287079 29.254
 57    20.171 54212.58262489 30.52 299.789687  -3.274521 23.172
 57    19.915 54212.58262554 33.06 299.788957  -3.277831 23.172
 57    19.888 54212.58262618 31.91 299.788227  -3.281131 23.172
 57    19.795 54212.58262682 32.95 299.787507  -3.284441 23.172
 58    21.745 54247.58265389 32.20 299.790284  -3.275561 27.526
 58    21.826 54247.58265453 32.66 299.789554  -3.278861 27.526
 58    21.488 54247.58265518 33.78 299.788824  -3.282171 27.526
 58    21.440 54247.58265582 36.65 299.788094  -3.285471 27.526
 60    21.645 54317.58266224 24.03 299.791944  -3.278373 32.601
 60    21.733 54317.58266288 23.64 299.791214  -3.281683 32.601
 60    21.724 54317.58266353 23.18 299.790484  -3.284983 32.601
 60    21.046 54317.58266417 27.10 299.789764  -3.288293 32.601
 61    16.891 54352.58262768 38.00 299.791173  -3.278010 19.985
 61    16.474 54352.58262832 34.60 299.790453  -3.281310 19.985
 61    16.403 54352.58262897 34.70 299.789723  -3.284620 19.985
 61    16.226 54352.58262961 40.89 299.788993  -3.287920 19.985
 62    12.534 54387.58260172 32.74 299.791578  -3.276587 23.676
 62    12.412 54387.58260236 30.99 299.790858  -3.279897 23.676
 62    12.310 54387.58260301 27.29 299.790128  -3.283197 23.676
 62    11.902 54387.58260365 28.01 299.789398  -3.286507 23.676
 63    14.743 54422.58257752 27.45 299.790402  -3.276374 11.444
 63    14.559 54422.58257817 28.60 299.789670  -3.279676 30.336
 63    14.219 54422.58257881 26.44 299.788950  -3.282986 30.336
 63    13.071 54422.58257945 30.23 299.788220  -3.286286 30.336
 64    53.655 54457.58257596 17.83 299.790912  -3.278536 12.913
 64    53.652 54457.58257660 15.86 299.790182  -3.281836 12.913
 64    52.635 54457.58257725 16.87 299.789452  -3.285146 12.913
 64    17.248 54457.58257789 17.63 299.788722  -3.288446 12.913
 65    19.296 54492.58258053 19.38 299.791483  -3.277284 29.562
 65    18.578 54492.58258117 19.23 299.790763  -3.280584 29.562
 65    17.606 54492.58258182 22.35 299.790033  -3.283894 29.562
 65    17.597 54492.58258246 23.34 299.789303  -3.287194 29.562
 66    19.520 54527.58258866 19.69 299.792015  -3.278548 21.044
 66    19.278 54527.58258930 20.53 299.791285  -3.281858 21.044
 66    19.060 54527.58258995 22.17 299.790555  -3.285158 21.044
 66    19.751 54527.58259059 25.95 299.789835  -3.288468 21.044
 67    20.689 54562.58258780 35.38 299.790588  -3.276614 33.803
 67    20.541 54562.58258844 35.20 299.789858  -3.279924 33.803
 67    20.415 54562.58258909 34.13 299.789138  -3.283224 33.803
 67    20.431 54562.58258973 40.72 299.788408  -3.286534 33.803
 68    23.265 54597.58258351 27.84 299.790784  -3.275446 25.205
 68    21.209 54597.58258415 28.58 299.790054  -3.278756 25.205
 68    21.142 54597.58258480 29.58 299.789324  -3.282056 25.205
 68    21.323 54597.58258544 31.77 299.788594  -3.285366 25.205
 68    21.498 54597.58258609 37.00 299.787874  -3.288666 25.205
 69    22.164 54632.58259750 27.45 299.789196  -3.276979 26.867
 69    22.256 54632.58259814 30.21 299.788466  -3.280279 26.867
 69    22.322 54632.58259879 31.26 299.787736  -3.283589 26.867
 69    22.548 54632.58259943 40.58 299.787016  -3.286889 26.867
 70    21.566 54667.58260228 30.13 299.789682  -3.274400 31.508
 70    21.261 54667.58260292 25.05 299.788962  -3.277700 31.508
 70    21.234 54667.58260357 26.16 299.788232  -3.281010 31.508
 70    21.535 54667.58260421 29.20 299.787502  -3.284310 31.508
 70    21.610 54667.58260486 32.39 299.786772  -3.287620 31.508
 71    20.549 54702.58256957 23.71 299.791665  -3.279916 32.725
 71    20.493 54702.58257022 24.31 299.790945  -3.283226 32.725
 71    18.947 54702.58257086 25.64 299.790215  -3.286526 32.725
 71    19.354 54702.58257151 28.30 299.789485  -3.289836 32.725
 72    14.070 54737.58256434 24.17 299.790077  -3.278532 14.774
 72    14.631 54737.58256499 23.71 299.789347  -3.281842 14.774
 72    17.252 54737.58256563 23.11 299.788617  -3.285142 14.774
 72    17.696 54737.58256628 24.18 299.787897  -3.288452 14.774
 73    13.048 54772.58255062 33.55 299.791650  -3.277246 17.371
 73    12.906 54772.58255127 33.55 299.790930  -3.280546 17.371
 73    12.923 54772.58255191 31.20 299.790200  -3.283856 17.371
 73    12.457 54772.58255256 28.59 299.789470  -3.287156 17.371
 74    19.352 54807.58255711 23.71 299.789616  -3.275929 15.903
 74    14.640 54807.58255776 26.46 299.788886  -3.279229 15.903
 74    14.672 54807.58255840 26.77 299.788156  -3.282539 15.903
 74    14.616 54807.58255905 25.90 299.787426  -3.285839 15.903
 75    54.911 54842.58254698 16.30 299.791126  -3.276199 17.500
 75    54.511 54842.58254763 15.00 299.790406  -3.279499 17.500
 75    52.707 54842.58254827 18.22 299.789676  -3.282809 17.500
 76    19.653 54877.58255997 21.43 299.789172  -3.276299 20.637
 76    19.865 54877.58256061 20.35 299.788442  -3.279599 20.637
 76    20.174 54877.58256126 23.35 299.787722  -3.282909 20.637
 76    20.338 54877.58256190 26.53 299.786992  -3.286209 20.637
 77    21.272 54912.58255118 32.86 299.789671  -3.274153 18.962
 77    20.999 54912.58255183 32.47 299.788941  -3.277463 18.962
 77    20.980 54912.58255247 31.88 299.788221  -3.280763 18.962
 77    20.882 54912.58255312 31.06 299.787491  -3.284073 18.962
 77    20.954 54912.58255376 33.39 299.786761  -3.287373 18.962
 78    22.618 54947.58255103 30.74 299.789490  -3.273813 26.271
 78    22.144 54947.58255168 28.01 299.788760  -3.277123 26.271
 78    22.187 54947.58255232 29.00 299.788030  -3.280423 26.271
 78    22.504 54947.58255296 28.87 299.787300  -3.283733 26.271
 78    22.558 54947.58255361 37.75 299.786570  -3.287033 26.271
 79    22.960 54982.58257763 24.17 299.789098  -3.276331 22.979
 79    22.529 54982.58257828 27.35 299.788368  -3.279631 22.979
 79    23.016 54982.58257892 26.10 299.787638  -3.282941 22.979
 79    23.394 54982.58257957 28.65 299.786908  -3.286241 22.979
 80    23.481 55017.58257705 30.38 299.790441  -3.278471 27.567
 80    23.409 55017.58257769 30.53 299.789721  -3.281781 27.567
 80    23.401 55017.58257833 31.22 299.788991  -3.285081 27.567
 80    23.818 55017.58257898 36.81 299.788261  -3.288391 27.567
 81    22.372 55052.58257164 26.01 299.791731  -3.277195 29.524
 81    22.024 55052.58257228 27.95 299.791001  -3.280505 29.524
 81    22.277 55052.58257293 28.70 299.790281  -3.283805 29.524
 81    22.338 55052.58257357 30.38 299.789551  -3.287115 29.524
 82    19.535 55087.58253482 35.59 299.790493  -3.275607 21.068
 82    19.310 55087.58253547 36.68 299.789763  -3.278907 21.068
 82    19.121 55087.58253611 34.91 299.789033  -3.282217 21.068
 82    19.236 55087.58253676 32.12 299.788313  -3.285517 21.068
 83    13.026 55122.58250766 28.67 299.791626  -3.276742 14.501
 83    13.094 55122.58250830 29.76 299.790896  -3.280052 14.501
 83    12.817 55122.58250895 29.09 299.790176  -3.283352 14.501
 83    12.360 55122.58250959 29.03 299.789446  -3.286662 14.501
 84    19.426 55157.58249546 19.80 299.789837  -3.275758 25.577
 84    18.788 55157.58249610 21.13 299.789107  -3.279068 25.577
 84    10.742 55157.58249675 19.49 299.788387  -3.282368 25.577
 84    16.571 55157.58249739 17.59 299.787657  -3.285678 25.577
 85    15.779 55192.58249725 17.54 299.789621  -3.277879 21.973
 85    16.197 55192.58249789 18.91 299.788891  -3.281179 21.973
 85    16.654 55192.58249854 20.29 299.788161  -3.284489 21.973
 85    17.893 55192.58249918 18.89 299.787431  -3.287789 21.973
 86    20.442 55227.58249751 15.18 299.789474  -3.277691 22.981
 86    18.446 55227.58249815 14.89 299.788744  -3.281001 22.981
 86    17.805 55227.58249880 17.11 299.788014  -3.284301 22.981
 86    18.085 55227.58249944 18.16 299.787284  -3.287611 22.981
 87    17.811 55262.58249258 35.00 299.791190  -3.276825 19.130
 87    17.658 55262.58249322 34.72 299.790470  -3.280125 19.130
 87    17.590 55262.58249387 32.25 299.789740  -3.283435 19.130
 87    17.673 55262.58249451 31.39 299.789010  -3.286735 19.130
 88    19.056 55297.58248063 31.40 299.791083  -3.277369 22.621
 88    18.977 55297.58248128 32.52 299.790353  -3.280669 22.621
 88    18.837 55297.58248192 30.63 299.789623  -3.283979 22.621
 88    18.954 55297.58248257 31.84 299.788903  -3.287279 22.621
 89    21.432 55332.58247142 31.72 299.789442  -3.275104 24.361
 89    21.403 55332.58247206 30.14 299.788722  -3.278404 24.361
 89    21.278 55332.58247271 33.13 299.787992  -3.281714 24.361
 89    21.400 55332.58247335 33.30 299.787262  -3.285014 24.361
 90    22.484 55367.58246455 24.18 299.790663  -3.279187 28.137
 90    22.310 55367.58246519 26.30 299.789933  -3.282497 28.137
 90    22.624 55367.58246584 26.12 299.789203  -3.285797 28.137
 90    22.878 55367.58246648 30.66 299.788473  -3.289107 28.137
 91    20.537 55402.58247876 31.12 299.790331  -3.278668 16.254
 91    20.524 55402.58247941 31.37 299.789601  -3.281968 16.254
 91    20.641 55402.58248005 31.87 299.788871  -3.285278 16.254
 91    20.492 55402.58248070 42.14 299.788141  -3.288578 16.254
 92    21.092 55437.58248151 15.27 299.792293  -3.277232 23.056
 92    19.340 55437.58248216 16.94 299.791573  -3.280532 23.056
 92    19.199 55437.58248280 18.46 299.790843  -3.283842 23.056
 92    19.641 55437.58248345 20.01 299.790113  -3.287142 23.056
 93    19.083 55472.58243167 16.75 299.791058  -3.278916 19.912
 93    18.062 55472.58243231 16.13 299.790328  -3.282226 19.912
 93    17.575 55472.58243296 14.80 299.789608  -3.285526 19.912
 93    16.130 55472.58243360 21.18 299.788878  -3.288836 19.912
