# NaN NaN NaN ;Mean Elev.(m), Avg Gradient(m/km), RMS Gradient(m/km) - SRTM1     
# NaN NaN NaN ;Mean Elev.(m), Avg Gradient(m/km), RMS Gradient(m/km) - ASTER GDEM
#    0.401  -0.202   4.131 ;Mean Elev.(m), Avg Gradient(m/km), RMS Gradient(m/km) - GMTED2010 
  7     1.918 52444.55822861 31.94 308.926684  -0.892295 16.932
  7     1.697 52444.55822925 26.44 308.925964  -0.895605 16.932
  7     1.643 52444.55822990 25.31 308.925234  -0.898905 16.932
  7     1.820 52444.55823054 29.04 308.924514  -0.902215 16.932
  8     1.634 52479.55821999 26.13 308.934035  -0.884102 24.224
  8     1.613 52479.55822064 20.82 308.933305  -0.887402 24.224
  8     1.472 52479.55822128 18.83 308.932585  -0.890712 24.224
  8     1.516 52479.55822192 18.58 308.931855  -0.894012 24.224
  8     1.687 52479.55822257 24.96 308.931135  -0.897322 24.224
  9     2.005 52514.55816610 17.62 308.946077  -0.881556 22.198
  9     1.942 52514.55816675 17.33 308.945347  -0.884866 22.198
  9     2.176 52514.55816739 23.23 308.944627  -0.888166 22.198
 10     0.924 52549.55821203 18.80 308.934945  -0.884413 32.336
 10     0.755 52549.55821267 16.91 308.934215  -0.887713 32.336
 10     0.638 52549.55821332 16.29 308.933485  -0.891023 32.336
 10     0.635 52549.55821396 17.82 308.932765  -0.894323 32.336
 10     0.892 52549.55821460 22.00 308.932032  -0.897633 27.091
 11     1.124 52584.55819646 18.21 308.945632  -0.880513 17.026
 11     0.963 52584.55819710 19.02 308.944902  -0.883823 17.026
 11     1.123 52584.55819775 23.31 308.944182  -0.887123 17.026
 11     1.281 52584.55819839 28.02 308.943452  -0.890433 17.026
 12     1.848 52619.55817586 20.75 308.936053  -0.883920 29.234
 12     1.740 52619.55817650 18.70 308.935333  -0.887220 29.234
 12     1.626 52619.55817715 16.68 308.934603  -0.890530 29.234
 12     1.678 52619.55817779 17.32 308.933873  -0.893830 29.234
 12     1.814 52619.55817844 22.63 308.933153  -0.897140 29.234
 13     0.346 52654.55816065 14.43 308.946500  -0.882099 18.679
 13     0.409 52654.55816129 17.46 308.945770  -0.885409 18.679
 13     0.452 52654.55816194 25.54 308.945050  -0.888709 18.679
 14     2.079 52689.55815590 22.84 308.939341  -0.883249 20.826
 14     1.771 52689.55815654 22.38 308.938621  -0.886559 20.826
 14     1.932 52689.55815719 21.74 308.937891  -0.889859 20.826
 14     2.340 52689.55815783 21.84 308.937161  -0.893169 20.826
 15     1.584 52724.55820060 40.32 308.939783  -0.883388 11.387
 15     1.536 52724.55820125 47.81 308.939053  -0.886688 11.387
 15     1.692 52724.55820189 47.00 308.938333  -0.889998 11.387
 15     2.015 52724.55820254 31.75 308.937603  -0.893308 11.387
 16     1.791 52759.55822166 28.31 308.925590  -0.893169 24.748
 16     1.588 52759.55822230 23.33 308.924860  -0.896469 24.748
 16     1.428 52759.55822295 23.29 308.924140  -0.899779 24.748
 16     1.737 52759.55822359 22.97 308.923410  -0.903079 24.748
 17     2.211 52794.55817401 21.53 308.943775  -0.881700 28.801
 17     1.891 52794.55817465 19.25 308.943045  -0.885000 28.801
 17     2.111 52794.55817529 21.41 308.942325  -0.888310 28.801
 17     2.138 52794.55817594 25.55 308.941595  -0.891610 28.801
 18     1.527 52829.55824092 17.61 308.945716  -0.880841 24.599
 18     1.320 52829.55824156 18.44 308.944986  -0.884141 24.599
 18     1.398 52829.55824221 21.53 308.944256  -0.887451 24.599
 18     1.446 52829.55824285 29.88 308.943536  -0.890751 24.599
 19     1.921 52864.55828504 18.64 308.948020  -0.879107 19.990
 19     1.675 52864.55828568 17.41 308.947300  -0.882417 19.990
 19     1.721 52864.55828633 18.46 308.946570  -0.885727 19.990
 19     1.937 52864.55828697 26.35 308.945840  -0.889027 19.990
 20     2.058 52899.55831509 19.26 308.937818  -0.882455 25.917
 20     1.861 52899.55831573 17.92 308.937098  -0.885765 25.917
 20     1.764 52899.55831638 18.07 308.936368  -0.889075 25.917
 20     1.907 52899.55831702 18.47 308.935638  -0.892375 25.917
 20     2.049 52899.55831767 20.25 308.934918  -0.895685 25.917
 21     0.237 52934.55825925 19.00 308.936356  -0.884716 26.879
 21     0.200 52934.55825989 19.21 308.935636  -0.888026 26.879
 21     0.513 52934.55826054 18.48 308.934906  -0.891326 26.879
 21     0.559 52934.55826118 18.58 308.934186  -0.894636 26.879
 22     1.214 52969.55827490 19.30 308.938766  -0.884658 23.216
 22     1.140 52969.55827555 19.09 308.938046  -0.887958 23.216
 22     1.239 52969.55827619 18.26 308.937316  -0.891268 23.216
 22     1.582 52969.55827684 20.11 308.936586  -0.894568 23.216
 23     1.129 53004.55829444 26.48 308.931218  -0.889688 29.446
 23     1.319 53004.55829508 23.11 308.930498  -0.892998 29.446
 23     1.528 53004.55829573 27.90 308.929768  -0.896298 29.446
 23     1.508 53004.55829637 26.96 308.929041  -0.899610 16.062
 24     1.321 53039.55824255 22.78 308.935409  -0.883690 25.921
 24     1.259 53039.55824319 20.97 308.934689  -0.886990 25.921
 24     1.270 53039.55824384 19.34 308.933959  -0.890300 25.921
 24     1.188 53039.55824448 21.00 308.933229  -0.893610 25.921
 24     1.365 53039.55824513 22.06 308.932499  -0.896910 25.921
 25     2.331 53074.55827364 25.40 308.935881  -0.884325 33.704
 25     2.281 53074.55827428 20.84 308.935155  -0.887636 25.276
 25     2.133 53074.55827492 20.96 308.934425  -0.890936 25.276
 25     2.162 53074.55827557 21.36 308.933705  -0.894246 25.276
 26     1.094 53109.55824395 44.20 308.931973  -0.887971 25.670
 26     0.549 53109.55824459 30.05 308.931243  -0.891281 25.670
 26     0.567 53109.55824524 28.44 308.930523  -0.894581 25.670
 26     0.936 53109.55824588 28.94 308.929789  -0.897891 12.390
 27     1.554 53144.55828384 22.81 308.937362  -0.882644 31.499
 27     1.504 53144.55828449 21.89 308.936632  -0.885954 22.637
 27     1.399 53144.55828513 20.23 308.935912  -0.889254 22.637
 27     1.482 53144.55828578 20.37 308.935182  -0.892564 22.637
 27     1.858 53144.55828642 21.58 308.934452  -0.895864 22.637
 28     1.865 53179.55829845 18.59 308.942541  -0.882035 27.403
 28     1.741 53179.55829909 18.36 308.941811  -0.885335 27.403
 28     1.933 53179.55829974 19.93 308.941091  -0.888645 27.403
 28     2.119 53179.55830038 22.92 308.940361  -0.891955 27.403
 29     0.875 53214.55832058 15.96 308.937178  -0.883359 26.594
 29     0.728 53214.55832123 16.44 308.936448  -0.886669 26.594
 29     0.884 53214.55832187 16.17 308.935728  -0.889969 26.594
 29     0.745 53214.55832252 17.11 308.934998  -0.893279 26.594
 29     0.728 53214.55832316 20.85 308.934268  -0.896579 26.594
 30     1.638 53249.55829021 20.77 308.939370  -0.883474 24.783
 30     1.528 53249.55829085 21.20 308.938640  -0.886784 24.783
 30     1.518 53249.55829150 20.52 308.937910  -0.890084 24.783
 30     1.901 53249.55829214 20.76 308.937190  -0.893394 24.783
 31     1.887 53284.55828690 20.17 308.933496  -0.886844 34.718
 31     1.604 53284.55828755 18.64 308.932776  -0.890144 34.718
 31     1.565 53284.55828819 18.79 308.932042  -0.893454 27.645
 31     1.839 53284.55828884 20.71 308.931322  -0.896754 27.645
 32     0.025 53319.55827426 15.38 308.945502  -0.882360 22.710
 32     0.154 53319.55827491 17.99 308.944782  -0.885670 22.710
 32     0.274 53319.55827555 25.63 308.944052  -0.888970 22.710
 33     1.869 53354.55824133 18.21 308.945616  -0.880347 21.247
 33     1.650 53354.55824197 16.49 308.944896  -0.883657 21.247
 33     1.772 53354.55824262 19.27 308.944166  -0.886957 21.247
 33     1.928 53354.55824326 26.77 308.943446  -0.890267 21.247
 34     0.541 53389.55824606 36.98 308.938067  -0.883491 34.329
 34     0.380 53389.55824670 34.76 308.937337  -0.886791 34.329
 34     0.301 53389.55824735 30.45 308.936607  -0.890101 34.329
 34     0.648 53389.55824799 33.38 308.935887  -0.893401 34.329
 35     1.160 53424.55824428 17.90 308.945141  -0.882717 26.987
 35     1.130 53424.55824492 21.80 308.944411  -0.886027 26.987
 35     1.200 53424.55824557 27.70 308.943681  -0.889327 26.987
 36     2.518 53459.55824856 28.58 308.945650  -0.879728 23.687
 36     2.180 53459.55824921 25.71 308.944920  -0.883038 23.687
 36     2.317 53459.55824985 25.77 308.944200  -0.886348 23.687
 36     2.461 53459.55825050 26.83 308.943470  -0.889648 23.687
 37     1.264 53494.55833611 33.61 308.930026  -0.891118 29.716
 37     0.814 53494.55833675 25.41 308.929296  -0.894418 29.716
 37     0.741 53494.55833740 24.86 308.928567  -0.897729 20.986
 38     1.738 53529.55830917 18.94 308.945832  -0.881292 20.670
 38     1.536 53529.55830982 17.09 308.945102  -0.884592 20.670
 38     1.787 53529.55831046 23.06 308.944382  -0.887902 20.670
 39     1.951 53564.55834215 21.30 308.931508  -0.889766 32.350
 39     1.859 53564.55834280 20.30 308.930788  -0.893076 32.350
 39     1.877 53564.55834344 21.70 308.930058  -0.896376 32.350
 40     0.356 53599.55828228 17.57 308.942295  -0.883394 21.951
 40     0.493 53599.55828293 17.16 308.941565  -0.886704 21.951
 40     0.541 53599.55828357 21.62 308.940835  -0.890004 21.951
 41     1.840 53634.55827914 22.16 308.935018  -0.884529 29.794
 41     1.659 53634.55827978 20.53 308.934288  -0.887829 29.794
 41     1.563 53634.55828042 20.18 308.933558  -0.891139 29.794
 41     1.699 53634.55828107 20.44 308.932838  -0.894439 29.794
 41     1.906 53634.55828171 22.98 308.932105  -0.897749 22.161
 42     0.916 53669.55830102 20.54 308.933640  -0.884893 31.462
 42     0.932 53669.55830167 18.07 308.932910  -0.888193 31.462
 42     0.875 53669.55830231 17.61 308.932190  -0.891503 31.462
 42     0.769 53669.55830296 17.88 308.931460  -0.894803 31.462
 42     0.907 53669.55830360 20.61 308.930732  -0.898113 23.098
 43     0.422 53704.55823797 14.12 308.945884  -0.881161 21.574
 43     0.580 53704.55823861 14.67 308.945164  -0.884471 21.574
 43     0.591 53704.55823925 21.79 308.944434  -0.887781 21.574
 44     2.309 53739.55814767 44.54 308.945508  -0.880075 30.284
 44     2.126 53739.55814832 41.94 308.944778  -0.883375 30.284
 44     2.098 53739.55814896 39.94 308.944058  -0.886685 30.284
 44     1.958 53739.55814961 38.99 308.943328  -0.889995 30.284
 45     0.522 53774.55816733 13.90 308.945280  -0.882600 20.279
 45     0.537 53774.55816797 18.58 308.944550  -0.885900 20.279
 45     0.444 53774.55816862 25.46 308.943830  -0.889210 20.279
 46     1.588 53809.55815099 20.34 308.942809  -0.883003 16.870
 46     1.641 53809.55815164 19.57 308.942079  -0.886313 16.870
 46     1.866 53809.55815228 22.01 308.941349  -0.889613 16.870
 47     2.198 53844.55819286 21.97 308.936614  -0.884388 24.866
 47     2.099 53844.55819351 20.38 308.935884  -0.887688 24.866
 47     2.069 53844.55819415 20.86 308.935154  -0.890998 24.866
 47     2.442 53844.55819480 21.44 308.934434  -0.894308 24.866
 48     1.104 53879.55822131 20.21 308.943541  -0.881480 20.345
 48     1.059 53879.55822195 20.88 308.942811  -0.884790 20.345
 48     1.162 53879.55822260 24.00 308.942091  -0.888100 20.345
 48     1.510 53879.55822324 23.89 308.941361  -0.891400 20.345
 49     2.050 53914.55827898 22.43 308.931033  -0.889703 26.280
 49     1.860 53914.55827962 20.80 308.930303  -0.893013 26.280
 49     1.876 53914.55828026 21.08 308.929583  -0.896323 26.280
 49     2.170 53914.55828091 23.43 308.928853  -0.899623 26.280
 50     1.873 53949.55829022 23.33 308.928652  -0.891362 28.203
 50     1.807 53949.55829086 21.22 308.927932  -0.894672 28.203
 50     1.740 53949.55829151 22.03 308.927202  -0.897982 28.203
 50     2.019 53949.55829215 23.84 308.926472  -0.901282 28.203
 51     0.746 53984.55822711 16.86 308.939001  -0.883791 19.603
 51     0.600 53984.55822775 17.45 308.938271  -0.887101 19.603
 51     0.775 53984.55822839 18.22 308.937541  -0.890401 19.603
 51     1.000 53984.55822904 18.68 308.936821  -0.893711 19.603
 52     1.641 54019.55826198 19.28 308.940595  -0.884137 18.883
 52     1.660 54019.55826262 18.30 308.939875  -0.887447 18.883
 52     1.934 54019.55826327 19.34 308.939145  -0.890757 18.883
 52     2.024 54019.55826391 22.45 308.938415  -0.894057 18.883
 53     0.465 54054.55825245 16.75 308.948965  -0.881266 22.363
 53     0.400 54054.55825309 17.79 308.948235  -0.884566 22.363
 53     0.482 54054.55825374 28.82 308.947515  -0.887876 22.363
 54     0.657 54089.55824285 16.25 308.940998  -0.883932 15.327
 54     0.739 54089.55824350 16.86 308.940268  -0.887242 15.327
 54     0.889 54089.55824414 19.43 308.939538  -0.890542 15.327
 54     1.116 54089.55824479 21.19 308.938818  -0.893852 15.327
 55     2.114 54124.55816754 20.31 308.940670  -0.884172 24.873
 55     1.981 54124.55816819 20.63 308.939940  -0.887472 24.873
 55     2.242 54124.55816883 20.96 308.939210  -0.890782 24.873
 55     2.470 54124.55816947 20.92 308.938490  -0.894082 24.873
 56     0.739 54159.55820933 18.96 308.938320  -0.885117 22.599
 56     0.794 54159.55820998 18.63 308.937600  -0.888427 22.599
 56     0.972 54159.55821062 19.11 308.936870  -0.891727 22.599
 56     1.087 54159.55821127 19.61 308.936150  -0.895037 22.599
 57     1.983 54194.55816987 22.34 308.940111  -0.883296 21.113
 57     1.714 54194.55817051 22.68 308.939381  -0.886596 21.113
 57     1.949 54194.55817116 21.91 308.938651  -0.889906 21.113
 57     2.047 54194.55817180 31.32 308.937931  -0.893206 21.113
 58     2.245 54229.55822043 36.91 308.939936  -0.882634 30.929
 58     2.055 54229.55822108 27.90 308.939216  -0.885944 30.929
 58     1.949 54229.55822172 28.74 308.938486  -0.889244 30.929
 58     2.162 54229.55822237 33.48 308.937757  -0.892556 17.655
 59     0.871 54264.55823906 19.58 308.940205  -0.884063 21.053
 59     0.905 54264.55823970 18.93 308.939485  -0.887373 21.053
 59     1.184 54264.55824035 18.49 308.938755  -0.890673 21.053
 59     1.279 54264.55824099 23.08 308.938026  -0.893982 19.396
 60     2.104 54299.55824250 20.30 308.941713  -0.881239 25.977
 60     1.826 54299.55824314 20.63 308.940983  -0.884549 25.977
 60     1.887 54299.55824379 19.76 308.940263  -0.887859 25.977
 60     2.241 54299.55824443 20.97 308.939533  -0.891159 25.977
 61     1.353 54334.55823255 16.02 308.941114  -0.882093 27.402
 61     1.245 54334.55823320 15.39 308.940394  -0.885403 27.402
 61     1.280 54334.55823384 18.46 308.939664  -0.888703 27.402
 61     1.399 54334.55823449 19.08 308.938939  -0.892014 23.257
 63     1.976 54404.55817702 19.51 308.939742  -0.882965 26.930
 63     1.710 54404.55817766 19.88 308.939012  -0.886265 26.930
 63     1.706 54404.55817830 19.12 308.938292  -0.889575 26.930
 63     1.989 54404.55817895 18.74 308.937562  -0.892875 26.930
 64     0.042 54439.55813443 22.77 308.939420  -0.884416 24.858
 64     0.046 54439.55813508 22.20 308.938690  -0.887726 24.858
 64     0.027 54439.55813572 21.93 308.937970  -0.891026 24.858
 64     0.313 54439.55813637 20.38 308.937244  -0.894336 19.347
 65     1.121 54474.55816359  7.44 308.941640  -0.882958 15.725
 65     1.072 54474.55816424  7.14 308.940910  -0.886258 15.725
 65     1.189 54474.55816488  8.67 308.940180  -0.889568 15.725
 65     1.572 54474.55816553 10.36 308.939460  -0.892878 15.725
 66     2.260 54509.55814713 21.36 308.940610  -0.881767 30.595
 66     2.035 54509.55814778 20.66 308.939890  -0.885067 30.595
 66     2.008 54509.55814842 20.53 308.939156  -0.888377 17.531
 66     2.209 54509.55814907 20.19 308.938436  -0.891677 17.531
 67     1.283 54544.55817746 20.17 308.940976  -0.881697 18.723
 67     0.981 54544.55817811 21.20 308.940256  -0.885007 18.723
 67     1.077 54544.55817875 19.61 308.939526  -0.888317 18.723
 67     1.464 54544.55817940 19.75 308.938806  -0.891617 18.723
 68     2.065 54579.55814509 21.18 308.941323  -0.881389 18.412
 68     1.857 54579.55814573 20.87 308.940593  -0.884699 18.412
 68     1.954 54579.55814638 20.53 308.939863  -0.887999 18.412
 68     2.189 54579.55814702 20.62 308.939143  -0.891309 18.412
 69     2.026 54614.55816735 18.71 308.941462  -0.881577 23.027
 69     1.820 54614.55816800 17.10 308.940742  -0.884887 23.027
 69     1.828 54614.55816864 18.32 308.940012  -0.888187 23.027
 69     1.998 54614.55816929 21.41 308.939282  -0.891497 23.027
 70     1.109 54649.55817841 19.60 308.938099  -0.885030 31.246
 70     1.118 54649.55817906 18.69 308.937370  -0.888340 18.915
 70     1.267 54649.55817970 18.71 308.936640  -0.891640 18.915
 70     1.440 54649.55818035 21.15 308.935920  -0.894950 18.915
 71     2.129 54684.55817360 19.05 308.940259  -0.881663 21.941
 71     1.893 54684.55817424 19.31 308.939529  -0.884963 21.941
 71     1.849 54684.55817489 19.92 308.938809  -0.888273 21.941
 71     2.061 54684.55817553 18.79 308.938079  -0.891573 21.941
 72     0.821 54719.55812223 15.15 308.941077  -0.884221 22.976
 72     0.674 54719.55812287 17.83 308.940347  -0.887531 22.976
 72     0.756 54719.55812352 21.31 308.939627  -0.890831 22.976
 73     0.936 54754.55814850 18.33 308.939318  -0.883843 22.134
 73     0.791 54754.55814914 18.36 308.938588  -0.887153 22.134
 73     1.001 54754.55814979 17.81 308.937868  -0.890453 22.134
 73     1.261 54754.55815043 19.86 308.937138  -0.893763 22.134
 74     1.766 54789.55811601 17.94 308.938856  -0.883619 33.031
 74     1.664 54789.55811666 18.75 308.938122  -0.886929 23.641
 74     1.682 54789.55811730 18.26 308.937402  -0.890229 23.641
 74     1.934 54789.55811795 18.85 308.936672  -0.893539 23.641
 75     0.200 54824.55814367 18.36 308.940148  -0.884538 20.232
 75     0.149 54824.55814431 19.71 308.939418  -0.887848 20.232
 75     0.451 54824.55814496 19.66 308.938698  -0.891158 20.232
 76     1.850 54859.55810880 14.87 308.941412  -0.882034 15.455
 76     1.571 54859.55810944 14.65 308.940682  -0.885334 15.455
 76     1.543 54859.55811009 17.25 308.939962  -0.888644 15.455
 76     1.853 54859.55811073 18.66 308.939232  -0.891944 15.455
 77     2.121 54894.55814554 19.08 308.938352  -0.883364 24.722
 77     1.864 54894.55814618 19.57 308.937622  -0.886664 24.722
 77     1.970 54894.55814683 19.68 308.936902  -0.889974 24.722
 77     2.112 54894.55814747 19.19 308.936172  -0.893274 24.722
 78     1.840 54929.55810759 21.14 308.938632  -0.882291 20.419
 78     1.698 54929.55810824 20.28 308.937902  -0.885591 20.419
 78     1.486 54929.55810888 21.40 308.937172  -0.888901 20.419
 78     1.797 54929.55810953 20.57 308.936452  -0.892201 20.419
 78     2.129 54929.55811017 21.25 308.935719  -0.895513 21.522
 79     2.205 54964.55814499 20.91 308.939125  -0.884124 20.037
 79     2.079 54964.55814563 21.37 308.938395  -0.887424 20.037
 79     2.183 54964.55814628 20.45 308.937675  -0.890734 20.037
 79     2.469 54964.55814692 21.43 308.936945  -0.894034 20.037
 80     2.012 54999.55816605 43.94 308.936723  -0.884820 32.880
 80     1.841 54999.55816670 30.17 308.936003  -0.888130 32.880
 80     1.646 54999.55816734 25.69 308.935273  -0.891440 32.880
 80     1.928 54999.55816799 29.27 308.934543  -0.894740 32.880
 81     1.587 55034.55815147 20.57 308.940688  -0.882174 13.956
 81     1.310 55034.55815212 20.24 308.939958  -0.885484 13.956
 81     1.460 55034.55815276 19.16 308.939238  -0.888784 13.956
 81     1.762 55034.55815341 20.43 308.938508  -0.892094 13.956
 82     2.008 55069.55814125 20.10 308.940399  -0.882843 19.809
 82     1.878 55069.55814189 18.78 308.939669  -0.886143 19.809
 82     1.902 55069.55814254 20.03 308.938949  -0.889453 19.809
 82     2.162 55069.55814318 20.66 308.938219  -0.892753 19.809
 83     0.620 55104.55808244 16.59 308.938527  -0.882673 27.122
 83     0.525 55104.55808309 18.29 308.937797  -0.885983 27.122
 83     0.417 55104.55808373 19.20 308.937077  -0.889283 27.122
 83     0.895 55104.55808437 18.77 308.936344  -0.892592 21.574
 83     0.859 55104.55808502 20.78 308.935624  -0.895892 21.574
 84     0.779 55139.55808921 17.80 308.939737  -0.884545 19.882
 84     0.830 55139.55808986 17.48 308.939007  -0.887845 19.882
 84     1.062 55139.55809050 18.21 308.938277  -0.891155 19.882
 84     1.186 55139.55809115 20.24 308.937557  -0.894465 19.882
 85     1.770 55174.55804918 25.51 308.941110  -0.882909 16.615
 85     1.443 55174.55804982 24.96 308.940390  -0.886219 16.615
 85     1.455 55174.55805047 23.95 308.939660  -0.889519 16.615
 85     1.809 55174.55805111 23.57 308.938930  -0.892829 16.615
 86     1.062 55209.55808444 30.42 308.939969  -0.882239 29.782
 86     1.034 55209.55808509 28.01 308.939239  -0.885549 29.782
 86     0.781 55209.55808573 22.67 308.938509  -0.888849 29.782
 86     1.048 55209.55808638 28.41 308.937789  -0.892159 29.782
 87     1.948 55244.55805621 21.03 308.939067  -0.883174 27.331
 87     1.774 55244.55805685 20.23 308.938337  -0.886484 27.331
 87     1.812 55244.55805749 18.86 308.937617  -0.889784 27.331
 87     2.147 55244.55805814 19.40 308.936884  -0.893093 22.213
 88     1.423 55279.55807795 17.89 308.939223  -0.883515 22.216
 88     1.310 55279.55807859 17.78 308.938493  -0.886815 22.216
 88     1.379 55279.55807924 17.63 308.937773  -0.890125 22.216
 88     1.575 55279.55807988 18.88 308.937043  -0.893435 22.216
 89     1.826 55314.55804214 22.19 308.939640  -0.882212 24.152
 89     1.554 55314.55804279 21.72 308.938910  -0.885512 24.152
 89     1.567 55314.55804343 21.70 308.938190  -0.888822 24.152
 89     1.967 55314.55804408 20.88 308.937460  -0.892122 24.152
 90     1.859 55349.55804952 19.18 308.939990  -0.884162 23.056
 90     1.786 55349.55805016 17.79 308.939260  -0.887472 23.056
 90     2.034 55349.55805081 19.51 308.938540  -0.890782 23.056
 90     2.193 55349.55805145 20.52 308.937810  -0.894082 23.056
 91     0.972 55384.55804169 16.30 308.938983  -0.882221 28.796
 91     0.980 55384.55804233 15.71 308.938263  -0.885521 28.796
 91     0.971 55384.55804298 16.10 308.937530  -0.888831 22.860
 91     0.861 55384.55804362 17.70 308.936810  -0.892131 22.860
 91     0.899 55384.55804427 20.40 308.936080  -0.895441 22.860
 92     1.476 55419.55806765 20.06 308.940634  -0.883760 19.237
 92     1.509 55419.55806830 19.22 308.939914  -0.887070 19.237
 92     1.675 55419.55806894 20.39 308.939184  -0.890370 19.237
 92     1.949 55419.55806959 22.18 308.938454  -0.893680 19.237
 93     1.773 55454.55804603 18.57 308.940359  -0.883448 21.640
 93     1.623 55454.55804668 18.11 308.939629  -0.886748 21.640
 93     1.738 55454.55804732 18.98 308.938909  -0.890058 21.640
 93     1.895 55454.55804797 20.54 308.938179  -0.893358 21.640
 94     0.090 55489.55796540 50.98 308.941573  -0.882112 20.552
 94     0.183 55489.55796604 49.11 308.940853  -0.885412 20.552
 94     0.209 55489.55796669 49.98 308.940123  -0.888722 20.552
 94     0.087 55489.55796733 49.45 308.939393  -0.892022 20.552
