#    0.000   0.000   0.000 ;Mean Elev.(m), Avg Gradient(m/km), RMS Gradient(m/km) - SRTM1     
#    0.000   0.000   0.000 ;Mean Elev.(m), Avg Gradient(m/km), RMS Gradient(m/km) - ASTER GDEM
#    9.139  -2.574  15.048 ;Mean Elev.(m), Avg Gradient(m/km), RMS Gradient(m/km) - GMTED2010 
  8 300.535096  -3.132466    19.726    19.655  5 52478.58061541 26.694
  9 300.547434  -3.137034    18.082    18.053  6 52513.58055990 21.207
 11 300.543438  -3.135262    14.847    14.783  6 52583.58059899 14.892
 12 300.536787  -3.133312    14.064    14.732  6 52618.58057443 20.994
 13 300.547521  -3.137908    14.951    14.919  6 52653.58055252 15.288
 14 300.541333  -3.133409    14.884    14.859  6 52688.58055053 15.909
 15 300.539751  -3.135500    15.818    15.812  6 52723.58059698 26.708
 16 300.529026  -3.131097    17.552    17.412  5 52758.58061676 29.064
 17 300.543011  -3.133685    19.017    19.138  6 52793.58057008 29.778
 18 300.544273  -3.136972    19.213    19.239  6 52828.58063830 28.179
 19 300.546429  -3.135647    18.776    18.731  6 52863.58068291 26.814
 20 300.538375  -3.133839    16.138    16.078  6 52898.58071222 27.021
 21 300.537597  -3.132925    14.961    14.974  6 52933.58065716 19.195
 22 300.540543  -3.133579    14.867    14.953  6 52968.58066772 16.287
 23 300.533694  -3.131851    14.514    14.326  5 53003.58068908 15.251
 24 300.536083  -3.134089    15.031    15.001  6 53038.58063866 19.088
 25 300.537824  -3.132923    15.139    15.181  6 53073.58066679 21.259
 26 300.536662  -3.133115    16.783    16.842  6 53108.58063847 32.247
 27 300.538449  -3.134759    18.218    18.194  6 53143.58067659 30.478
 28 300.541953  -3.135513    18.424    18.541  6 53178.58069582 25.724
 29 300.537861  -3.134018    17.716    17.770  6 53213.58071674 26.887
 30 300.540597  -3.134507    16.091    16.037  5 53248.58068588 19.081
 31 300.535791  -3.132977    15.028    15.112  6 53283.58067853 21.021
 32 300.544175  -3.134607    12.250    12.490  6 53318.58067438 17.738
 33 300.544945  -3.136261    13.367    12.821  6 53353.58064117 14.526
 34 300.538534  -3.135050    14.780    14.781  6 53388.58063957 17.198
 35 300.545826  -3.136623    15.291    15.363  7 53423.58063952 23.372
 36 300.544527  -3.135227    17.642    17.706  6 53458.58064428 24.424
 37 300.533017  -3.131717    18.956    18.955  5 53493.58072889 31.657
 38 300.545103  -3.136036    19.450    19.598  6 53528.58070689 29.047
 39 300.533834  -3.133435    18.534    18.559  6 53563.58073702 27.168
 40 300.543434  -3.135745    15.540    15.509  6 53598.58067782 19.068
 42 300.535050  -3.133688    10.942    10.216  6 53668.58069570 21.064
 43 300.544922  -3.136636    11.185    10.644  6 53703.58063773 20.183
 44 300.545485  -3.136520    13.203    13.165  6 53738.58054704 38.233
 45 300.545132  -3.137654    16.093    16.103  6 53773.58056266 19.473
 46 300.543488  -3.136116    17.899    17.975  6 53808.58054821 24.875
 48 300.542787  -3.136926    20.123    20.080  6 53878.58061809 30.926
 49 300.533849  -3.132318    20.057    19.913  5 53913.58067117 29.145
 50 300.531735  -3.132212    18.250    18.210  5 53948.58068426 28.671
 51 300.539543  -3.134359    14.994    14.873  5 53983.58062502 19.317
 52 300.541174  -3.136071    12.267    12.021  6 54018.58065637 19.161
 53 300.548344  -3.137775    10.692     9.459  7 54053.58064922 27.623
 54 300.542050  -3.133448    14.949    15.058  6 54088.58063993 15.187
 55 300.540851  -3.133770    15.131    15.147  6 54123.58056230 19.985
 56 300.539369  -3.135129    15.626    15.655  6 54158.58060450 22.870
 57 300.540460  -3.133807    16.493    16.490  6 54193.58056401 29.716
 58 300.540024  -3.135330    18.316    18.430  6 54228.58061585 27.510
 59 300.540687  -3.135451    19.407    19.460  6 54263.58063470 30.108
 60 300.541335  -3.134922    19.056    19.044  5 54298.58063929 30.749
 61 300.541765  -3.134977    17.396    17.401  6 54333.58062909 28.816
 63 300.540714  -3.134802    10.842     9.806  5 54403.58057286 21.655
 64 300.539582  -3.133176    14.683    14.770  6 54438.58052945 13.961
 65 300.542277  -3.134891    14.416    14.219  6 54473.58055880 25.590
 66 300.540568  -3.134412    16.354    16.343  6 54508.58054113 27.075
 67 300.541735  -3.133904    17.655    17.752  6 54543.58057280 23.514
 68 300.540777  -3.134301    18.472    18.281  5 54578.58054198 27.799
 69 300.541537  -3.134966    19.417    19.284  5 54613.58056347 29.039
 70 300.539756  -3.134365    19.766    19.804  6 54648.58057119 28.137
 71 300.540896  -3.133554    18.375    18.434  6 54683.58057000 25.092
 72 300.541278  -3.134804    15.241    15.255  6 54718.58051730 17.984
 73 300.540110  -3.134197    14.857    14.625  5 54753.58054393 15.010
 74 300.539661  -3.134445    14.833    14.574  5 54788.58050948 15.643
 75 300.540791  -3.135667    14.655    14.689  6 54823.58053858 16.400
 76 300.541155  -3.134735    16.046    16.050  6 54858.58050411 21.277
 77 300.538949  -3.135041    17.877    17.845  6 54893.58054114 28.078
 78 300.538972  -3.133554    19.311    19.113  5 54928.58050203 29.902
 79 300.539636  -3.135254    20.564    20.606  6 54963.58054007 35.086
 80 300.538214  -3.132944    21.226    21.205  6 54998.58056080 34.592
 81 300.540269  -3.133234    20.612    20.695  6 55033.58054896 24.616
 82 300.541221  -3.135121    18.759    18.826  6 55068.58053780 25.394
 83 300.538847  -3.133694    15.014    14.954  5 55103.58047706 18.774
 84 300.540767  -3.133601     9.245     9.416  6 55138.58048517 24.946
 85 300.540515  -3.134845    14.721    14.697  6 55173.58044551 13.762
 86 300.540421  -3.134385    14.533    14.430  5 55208.58048000 13.949
 87 300.539623  -3.132937    14.980    15.004  6 55243.58045066 21.787
 88 300.539902  -3.135476    15.908    15.904  6 55278.58047352 21.585
 89 300.540431  -3.134424    17.839    17.720  5 55313.58043622 24.553
 90 300.541097  -3.134622    19.120    18.998  5 55348.58044432 29.952
 91 300.539684  -3.134463    18.820    18.932  6 55383.58043525 27.562
 92 300.541078  -3.135177    17.181    17.196  6 55418.58046285 26.371
 93 300.541204  -3.135406    15.077    14.858  6 55453.58044303 17.560
 94 300.542363  -3.133788    10.648    10.543  6 55488.58036368 18.033
