#    0.000   0.000   0.000 ;Mean Elev.(m), Avg Gradient(m/km), RMS Gradient(m/km) - SRTM1     
#    0.000   0.000   0.000 ;Mean Elev.(m), Avg Gradient(m/km), RMS Gradient(m/km) - ASTER GDEM
#    7.947  -0.805  12.695 ;Mean Elev.(m), Avg Gradient(m/km), RMS Gradient(m/km) - GMTED2010 
  8 300.518362  -3.208482    19.910    20.013  3 52478.58063023 26.652
  9 300.531430  -3.209745    17.869    17.844  4 52513.58057409 25.545
 11 300.527064  -3.209625    16.512    16.303  3 52583.58061349 20.413
 12 300.520057  -3.209329    12.541    12.539  4 52618.58058926 41.842
 13 300.531511  -3.210618    14.483    14.535  4 52653.58056671 30.086
 14 300.524604  -3.209426    16.148    15.607  4 52688.58056536 20.373
 15 300.523742  -3.208209    16.020    16.027  4 52723.58061117 37.957
 16 300.512295  -3.207114    17.815    17.664  3 52758.58063158 25.013
 17 300.526266  -3.209700    19.647    19.652  4 52793.58058491 41.191
 18 300.528257  -3.209682    19.572    19.589  4 52828.58065248 29.215
 19 300.530417  -3.208357    18.923    18.932  4 52863.58069710 40.861
 20 300.521642  -3.209855    16.249    16.232  4 52898.58072705 43.741
 21 300.520870  -3.208942    15.463    15.700  4 52933.58067198 21.583
 22 300.523800  -3.209594    14.132    14.831  4 52968.58068254 26.922
 23 300.516959  -3.207870    14.865    14.639  3 53003.58070390 16.199
 24 300.519717  -3.208452    14.834    14.834  3 53038.58065316 17.232
 25 300.521087  -3.208939    16.850    16.446  4 53073.58068162 22.471
 26 300.519932  -3.209133    17.319    16.840  4 53108.58065330 24.360
 27 300.522071  -3.209122    18.444    18.444  3 53143.58069110 30.169
 28 300.525580  -3.209875    18.626    18.670  3 53178.58071033 25.248
 29 300.521490  -3.208382    17.631    17.563  3 53213.58073125 22.925
 30 300.524230  -3.208872    16.309    16.219  4 53248.58070038 27.597
 31 300.519048  -3.208992    15.343    15.474  4 53283.58069336 16.796
 32 300.527436  -3.210622    11.528    11.490  4 53318.58068921 20.995
 33 300.528943  -3.208972    12.273    12.331  4 53353.58065535 31.072
 34 300.522153  -3.209412    15.326    15.426  3 53388.58065407 15.961
 35 300.529455  -3.210989    15.098    15.172  4 53423.58065402 28.529
 36 300.528147  -3.209589    17.572    17.583  3 53458.58065878 25.841
 37 300.516277  -3.207736    18.934    18.855  3 53493.58074372 24.184
 38 300.529095  -3.208746    19.805    19.809  4 53528.58072107 39.232
 39 300.517465  -3.207798    18.638    18.681  3 53563.58075153 27.838
 40 300.527429  -3.208457    16.448    16.417  4 53598.58069200 31.847
 42 300.518677  -3.208050    12.833    14.250  3 53668.58071021 20.361
 43 300.528918  -3.209348    10.732    10.732  4 53703.58065191 33.813
 44 300.529490  -3.209232    13.276    13.209  4 53738.58056123 41.138
 45 300.529121  -3.210365    16.168    16.209  4 53773.58057684 26.207
 46 300.527487  -3.208829    18.002    17.986  4 53808.58056239 35.852
 48 300.526772  -3.209636    20.240    20.218  4 53878.58063227 33.329
 49 300.517110  -3.208335    20.171    20.312  3 53913.58068600 27.972
 50 300.515000  -3.208229    18.385    18.324  3 53948.58069908 25.622
 51 300.523176  -3.208721    16.762    16.368  4 53983.58063953 27.681
 52 300.525160  -3.208781    13.356    13.062  4 54018.58067055 27.440
 53 300.532697  -3.208831    11.203     9.531  4 54053.58066308 30.735
 54 300.525318  -3.209466    15.728    15.173  4 54088.58065476 25.473
 55 300.524107  -3.209786    16.369    15.623  4 54123.58057713 24.500
 56 300.522994  -3.209492    16.985    15.899  3 54158.58061900 22.046
 57 300.523714  -3.209823    16.761    16.756  4 54193.58057884 41.560
 58 300.523649  -3.209695    18.088    18.269  3 54228.58063035 22.771
 59 300.524314  -3.209812    19.607    19.510  3 54263.58064921 26.261
 60 300.524964  -3.209286    19.525    19.574  4 54298.58065380 38.294
 61 300.525396  -3.209341    17.596    17.616  3 54333.58064359 34.776
 63 300.524343  -3.209163     9.942     9.947  4 54403.58058737 38.441
 64 300.522834  -3.209191    14.758    15.685  4 54438.58054428 23.252
 65 300.525540  -3.210907    14.327    14.299  4 54473.58057363 39.459
 66 300.523822  -3.210427    16.590    16.601  4 54508.58055595 35.992
 67 300.524996  -3.209921    18.208    17.953  4 54543.58058763 28.653
 68 300.524401  -3.208665    19.068    19.099  4 54578.58055649 37.053
 69 300.525165  -3.209326    19.851    19.908  4 54613.58057798 31.957
 70 300.523018  -3.210380    20.305    20.383  4 54648.58058602 34.315
 71 300.524162  -3.209570    18.658    18.663  4 54683.58058482 32.462
 72 300.524533  -3.210818    16.861    16.598  4 54718.58053213 21.941
 73 300.523733  -3.208558    15.140    16.253  4 54753.58055843 28.703
 74 300.523280  -3.208808    17.275    17.243  4 54788.58052399 29.879
 75 300.524778  -3.208378    14.361    13.611  4 54823.58055276 34.034
 76 300.524408  -3.210749    16.770    16.257  4 54858.58051894 24.295
 77 300.522577  -3.209404    17.791    17.802  3 54893.58055564 25.804
 78 300.522228  -3.209573    19.593    19.537  3 54928.58051686 27.522
 79 300.523261  -3.209617    20.971    21.052  3 54963.58055458 31.341
 80 300.521477  -3.208958    21.432    21.430  4 54998.58057563 43.874
 81 300.523529  -3.209251    20.928    20.925  4 55033.58056379 30.414
 82 300.524851  -3.209485    18.680    18.858  3 55068.58055231 24.087
 83 300.522468  -3.208058    17.338    17.173  4 55103.58049157 28.078
 84 300.524031  -3.209617     9.954     9.960  4 55138.58050000 37.584
 85 300.524133  -3.209209    15.146    14.984  3 55173.58046002 20.887
 86 300.524045  -3.208746    13.768    13.137  4 55208.58049451 31.614
 87 300.522879  -3.208952    17.100    17.042  4 55243.58046549 22.384
 88 300.523895  -3.208189    16.596    16.065  4 55278.58048770 26.185
 89 300.524056  -3.208789    18.385    18.478  4 55313.58045072 38.321
 90 300.524726  -3.208984    19.462    19.433  4 55348.58045883 34.696
 91 300.523308  -3.208825    18.946    19.054  3 55383.58044975 25.002
 92 300.524702  -3.209541    17.449    17.449  3 55418.58047736 44.562
 93 300.524835  -3.209769    16.858    16.621  3 55453.58045753 20.502
 94 300.525635  -3.209805     6.140     6.139  4 55488.58037850 40.367
