#    0.000   0.000   0.000 ;Mean Elev.(m), Avg Gradient(m/km), RMS Gradient(m/km) - SRTM1     
#    0.000   0.000   0.000 ;Mean Elev.(m), Avg Gradient(m/km), RMS Gradient(m/km) - ASTER GDEM
#    5.248  -1.503   9.302 ;Mean Elev.(m), Avg Gradient(m/km), RMS Gradient(m/km) - GMTED2010 
  7    14.601 52456.57450791 29.31 302.814582  -2.588205 32.044
  7    14.225 52456.57450855 26.64 302.813852  -2.591505 32.044
  7    14.464 52456.57450920 28.14 302.813132  -2.594815 32.044
 10     8.601 52561.57450948 42.46 302.816332  -2.589180 22.341
 10     8.441 52561.57451013 30.38 302.815602  -2.592480 22.341
 10    11.924 52561.57451077 34.40 302.814872  -2.595790 22.341
 12    10.645 52631.57446233 14.88 302.816177  -2.589779 21.017
 12    10.736 52631.57446298 21.04 302.815447  -2.593089 21.017
 15    12.554 52736.57449470 36.86 302.819046  -2.588887 30.034
 15    12.229 52736.57449535 28.59 302.818316  -2.592187 30.034
 15    12.329 52736.57449599 39.32 302.817596  -2.595497 30.034
 16    13.676 52771.57446814 27.68 302.817768  -2.589557 43.235
 16    13.412 52771.57446879 27.49 302.817038  -2.592867 43.235
 17    14.174 52806.57451844 29.20 302.813600  -2.590169 37.153
 17    13.911 52806.57451908 27.45 302.812870  -2.593479 37.153
 18    13.555 52841.57457801 24.75 302.815964  -2.590965 42.646
 18    13.650 52841.57457865 28.92 302.815234  -2.594275 42.646
 19    12.829 52876.57461629 29.32 302.815152  -2.588446 38.093
 19    12.457 52876.57461694 20.99 302.814422  -2.591746 38.093
 19    12.609 52876.57461758 35.24 302.813692  -2.595056 38.093
 20    16.018 52911.57457826 16.07 302.823353  -2.590723 23.684
 20    11.908 52911.57457891 26.57 302.822633  -2.594033 23.684
 21     7.468 52946.57453140 38.93 302.820905  -2.590504 20.980
 21     7.519 52946.57453204 38.45 302.820185  -2.593804 20.980
 23     8.711 53016.57456746 33.63 302.815116  -2.589547 34.751
 23    10.756 53016.57456810 24.60 302.814396  -2.592847 34.751
 24    13.933 53051.57454530 35.34 302.818397  -2.588537 33.684
 24    10.866 53051.57454594 24.00 302.817667  -2.591847 33.684
 24    11.361 53051.57454659 32.29 302.816947  -2.595147 33.684
 25    11.836 53086.57458249 31.80 302.807885  -2.590601 35.486
 25    11.907 53086.57458314 31.98 302.807155  -2.593911 35.486
 26    13.267 53121.57455157 50.06 302.814693  -2.588449 47.757
 26    13.262 53121.57455222 50.12 302.813963  -2.591759 47.757
 26    13.243 53121.57455286 48.99 302.813243  -2.595059 47.757
 27    13.645 53156.57460703 43.52 302.809613  -2.589227 36.325
 27    13.743 53156.57460768 36.98 302.808883  -2.592527 36.325
 27    13.683 53156.57460832 42.44 302.808153  -2.595837 36.325
 28    13.041 53191.57459881 28.65 302.821160  -2.589092 44.080
 28    13.068 53191.57459946 27.19 302.820440  -2.592402 44.080
 29    11.870 53226.57460244 24.93 302.819482  -2.589190 46.005
 29    12.232 53226.57460309 23.49 302.818752  -2.592500 46.005
 30    10.500 53261.57457669 51.96 302.812578  -2.591126 38.747
 30    10.499 53261.57457733 52.99 302.811848  -2.594436 38.747
 31    12.669 53296.57461045 30.82 302.807027  -2.589474 26.326
 31    11.976 53296.57461110 15.39 302.806297  -2.592774 26.326
 32     7.631 53331.57458247 22.59 302.816528  -2.589274 13.744
 32    10.297 53331.57458312 21.65 302.815798  -2.592584 13.744
 32    11.181 53331.57458376 20.76 302.815068  -2.595884 13.744
 34    12.915 53401.57455624 18.43 302.815517  -2.589598 28.247
 34    10.805 53401.57455689 17.81 302.814787  -2.592908 28.247
 35    11.881 53436.57454525 48.14 302.818324  -2.587845 38.318
 35    12.021 53436.57454589 47.54 302.817594  -2.591145 38.318
 35    12.004 53436.57454654 51.24 302.816864  -2.594455 38.318
 36    13.647 53471.57459641 32.15 302.812336  -2.591015 33.325
 36    13.600 53471.57459705 29.60 302.811606  -2.594325 33.325
 37    14.138 53506.57462906 29.77 302.812796  -2.591091 42.589
 37    14.397 53506.57462970 33.94 302.812066  -2.594391 42.589
 38    13.921 53541.57463413 29.61 302.813002  -2.589786 28.332
 38    13.851 53541.57463478 25.25 302.812272  -2.593086 28.332
 39    12.694 53576.57462361 49.72 302.813840  -2.589751 47.305
 39    12.706 53576.57462425 49.73 302.813110  -2.593051 47.305
 40    10.432 53611.57457500 26.23 302.814129  -2.588960 26.948
 40    11.734 53611.57457565 18.33 302.813399  -2.592260 26.948
 40    12.139 53611.57457629 32.06 302.812669  -2.595570 26.948
 41    10.749 53646.57457978 20.45 302.816436  -2.590950 18.168
 41    11.363 53646.57458042 20.96 302.815706  -2.594260 18.168
 42     5.286 53681.57459564 41.13 302.810888  -2.587873 32.345
 42     5.336 53681.57459629 52.65 302.810158  -2.591173 32.345
 42     5.239 53681.57459693 56.03 302.809428  -2.594483 32.345
 43     7.771 53716.57452348 45.41 302.819332  -2.590687 26.603
 43     7.934 53716.57452412 41.24 302.818602  -2.593987 26.603
 44    10.375 53751.57444140 46.53 302.822083  -2.588163 41.350
 44    10.371 53751.57444204 52.05 302.821363  -2.591463 41.350
 44    10.368 53751.57444268 50.83 302.820633  -2.594773 41.350
 45    12.245 53786.57447219 25.00 302.819835  -2.590961 44.613
 45    11.576 53786.57447284 31.59 302.819105  -2.594271 44.613
 46    13.599 53821.57442736 30.95 302.819906  -2.588365 42.440
 46    13.386 53821.57442801 25.05 302.819176  -2.591675 42.440
 46    13.795 53821.57442865 36.94 302.818456  -2.594975 42.440
 47    14.408 53856.57451701 32.14 302.811766  -2.590059 34.943
 47    14.194 53856.57451765 29.62 302.811036  -2.593359 34.943
 48    15.276 53891.57452867 51.17 302.821286  -2.589601 46.277
 48    15.290 53891.57452931 51.37 302.820556  -2.592901 46.277
 49    14.346 53926.57459090 33.02 302.805671  -2.589769 45.483
 49    14.236 53926.57459154 32.75 302.804941  -2.593069 45.483
 50    12.483 53961.57457688 33.68 302.809197  -2.590543 39.306
 50    12.595 53961.57457753 35.57 302.808467  -2.593853 39.306
 51     9.463 53996.57451778 23.60 302.818169  -2.590503 29.801
 51    12.063 53996.57451842 27.04 302.817439  -2.593803 29.801
 52     6.508 54031.57457087 23.91 302.818507  -2.588738 19.747
 52    11.138 54031.57457151 22.02 302.817787  -2.592038 19.747
 52    11.430 54031.57457216 22.12 302.817057  -2.595348 19.747
 53     7.216 54066.57456515 30.16 302.818355  -2.590143 24.192
 53     7.058 54066.57456579 23.32 302.817625  -2.593453 24.192
 54     9.459 54101.57452650 47.46 302.816029  -2.589886 27.100
 54     9.560 54101.57452714 44.35 302.815309  -2.593186 27.100
 55    10.724 54136.57449207 21.87 302.815674  -2.590019 37.572
 55    10.779 54136.57449271 22.22 302.814944  -2.593319 37.572
 56    11.510 54171.57450356 17.95 302.815032  -2.590789 40.526
 56    11.564 54171.57450420 20.07 302.814312  -2.594089 40.526
 57    12.957 54206.57449666 28.54 302.815151  -2.587885 30.452
 57    12.612 54206.57449730 22.42 302.814421  -2.591185 30.452
 57    12.887 54206.57449795 27.32 302.813701  -2.594495 30.452
 58    13.984 54241.57452977 28.72 302.816590  -2.590441 47.201
 58    13.975 54241.57453041 26.41 302.815870  -2.593741 47.201
 59    14.311 54276.57454488 51.57 302.816388  -2.589885 44.335
 59    14.373 54276.57454552 50.52 302.815658  -2.593195 44.335
 61    11.287 54346.57451928 29.57 302.817082  -2.590728 38.940
 61    11.332 54346.57451993 50.45 302.816362  -2.594028 38.940
 62     7.662 54381.57448252 23.95 302.816662  -2.588790 19.433
 62    11.453 54381.57448316 21.12 302.815942  -2.592100 19.433
 62    11.952 54381.57448381 22.80 302.815212  -2.595400 19.433
 63     6.983 54416.57446853 23.69 302.815962  -2.590166 19.184
 63    11.217 54416.57446917 17.86 302.815242  -2.593476 19.184
 64     8.598 54451.57445151 29.37 302.815830  -2.589681 20.924
 64    10.639 54451.57445215 19.42 302.815110  -2.592981 20.924
 65    10.046 54486.57446512 23.29 302.817645  -2.590297 38.463
 65    10.912 54486.57446577 23.68 302.816925  -2.593607 38.463
 66    13.322 54521.57446454 32.57 302.817596  -2.588347 38.592
 66    12.154 54521.57446519 24.87 302.816866  -2.591657 38.592
 66    12.216 54521.57446583 35.29 302.816136  -2.594957 38.592
 67    13.862 54556.57447509 46.67 302.816344  -2.589407 39.737
 67    13.845 54556.57447574 42.32 302.815614  -2.592717 39.737
 68    14.524 54591.57446031 33.33 302.815882  -2.588887 34.007
 68    14.194 54591.57446096 25.92 302.815162  -2.592197 34.007
 68    14.550 54591.57446160 41.52 302.814432  -2.595497 34.007
 69    14.845 54626.57447666 50.25 302.816083  -2.588999 49.541
 69    14.858 54626.57447730 51.25 302.815363  -2.592309 49.541
 69    14.878 54626.57447795 47.91 302.814633  -2.595609 49.541
 70    14.201 54661.57448465 28.46 302.813790  -2.590787 39.519
 70    14.361 54661.57448530 30.82 302.813060  -2.594097 39.519
 71    12.231 54696.57446088 24.91 302.817378  -2.590739 35.123
 71    12.483 54696.57446152 24.34 302.816648  -2.594039 35.123
 72     9.873 54731.57444081 47.34 302.815817  -2.590657 19.270
 72     9.306 54731.57444145 43.45 302.815087  -2.593957 19.270
 73    12.818 54766.57444014 26.56 302.816577  -2.588828 17.400
 73    11.546 54766.57444078 21.05 302.815847  -2.592138 17.400
 73    11.603 54766.57444143 26.37 302.815117  -2.595438 17.400
 74    12.045 54801.57443399 25.88 302.815253  -2.587926 18.727
 74    10.510 54801.57443464 22.08 302.814533  -2.591236 18.727
 74    11.250 54801.57443528 21.54 302.813803  -2.594536 18.727
 75    10.305 54836.57443225 34.98 302.815935  -2.590851 35.834
 75    10.320 54836.57443290 40.75 302.815205  -2.594151 35.834
 76    12.413 54871.57443273 38.56 302.816186  -2.587943 30.586
 76    12.265 54871.57443337 29.30 302.815456  -2.591253 30.586
 76    11.886 54871.57443402 31.02 302.814728  -2.594555 36.001
 77    13.773 54906.57444039 27.81 302.814197  -2.590844 35.998
 77    13.785 54906.57444103 27.74 302.813467  -2.594144 35.998
 78    14.761 54941.57442478 33.99 302.815137  -2.590218 30.173
 78    14.856 54941.57442542 33.95 302.814407  -2.593528 30.173
 79    15.541 54976.57445336 29.58 302.815222  -2.589235 26.052
 79    15.194 54976.57445401 27.98 302.814502  -2.592545 26.052
 79    15.679 54976.57445465 32.51 302.813772  -2.595845 26.052
 80    15.551 55011.57446301 25.99 302.815338  -2.590394 33.521
 80    15.448 55011.57446365 24.92 302.814608  -2.593694 33.521
 81    14.654 55046.57445419 22.25 302.816488  -2.590536 33.032
 81    14.765 55046.57445483 26.21 302.815758  -2.593836 33.032
 82    12.804 55081.57442737 22.59 302.816531  -2.590952 26.942
 82    12.549 55081.57442801 20.76 302.815801  -2.594252 26.942
 83     9.089 55116.57438672 28.41 302.816580  -2.589685 14.094
 83    11.680 55116.57438736 21.49 302.815860  -2.592995 14.094
 84     6.665 55151.57438502 26.54 302.815000  -2.590640 20.320
 84    11.178 55151.57438567 19.06 302.814270  -2.593940 20.320
 85    10.952 55186.57437239 17.70 302.815261  -2.589522 17.276
 85    11.255 55186.57437303 17.91 302.814541  -2.592822 17.276
 86    12.463 55221.57438326 34.27 302.815748  -2.588177 23.292
 86    10.882 55221.57438390 21.45 302.815018  -2.591477 23.292
 86    11.158 55221.57438454 24.03 302.814298  -2.594787 23.292
 87    11.261 55256.57436832 43.21 302.817250  -2.587963 32.998
 87    11.216 55256.57436896 26.49 302.816520  -2.591263 32.998
 87    11.247 55256.57436960 35.19 302.815790  -2.594573 32.998
 88    12.353 55291.57437114 28.10 302.815972  -2.589400 40.373
 88    12.007 55291.57437178 25.04 302.815242  -2.592700 40.373
 89    14.130 55326.57435297 46.91 302.814249  -2.589205 44.011
 89    14.058 55326.57435362 39.40 302.813519  -2.592505 44.011
 89    14.024 55326.57435426 49.62 302.812799  -2.595815 44.011
 90    14.230 55361.57434991 35.28 302.815838  -2.589344 38.210
 90    14.116 55361.57435056 28.24 302.815108  -2.592644 38.210
 90    14.203 55361.57435120 42.87 302.814388  -2.595954 38.210
 91    13.304 55396.57435616 34.35 302.815850  -2.588840 32.272
 91    13.126 55396.57435680 24.92 302.815120  -2.592150 32.272
 91    13.253 55396.57435745 37.78 302.814400  -2.595450 32.272
 92    11.259 55431.57436473 28.06 302.817783  -2.590279 36.602
 92    12.183 55431.57436537 24.13 302.817053  -2.593589 36.602
 93    11.900 55466.57432552 19.93 302.817654  -2.591040 20.392
 93    11.622 55466.57432617 23.51 302.816924  -2.594340 20.392
